1175.36
14.0975
-917.035
-83.4284
-672.189
348.11
270.869
531.374
-612.438
-971.485
92.0293
-125.516
-130.241
-679.764
-16.4657
-93.0931
139.427
183.495
-176.222
-805.759
-165.434
-731.924
487.013
104.168
440.578
347.27
-873.659
-1076.42
-471.458
-311.097
-666.773
-954.105
481.515
308.987
154.823
-481.34
-551.014
-398.622
19.3439
-538.879
62.5018
-131.708
1157.8
5.95845
-574.474
-968.312
304.619
387.311
-83.5431
917.938
-397.872
1015.03
476.679
197.615
-657.694
355.616
-1112.29
-812.65
-1264.97
-1344.25
19.1545
-409.78
-108.156
248.323
668.735
1070.88
432.994
668.35
523.483
336.209
-315.837
-79.0423
-996.107
161.699
-572.976
653.994
-165.46
-372.71
1273.29
320.28
57.3335
-110.03
-605.148
1047.96
-216.156
204.847
350.487
-568.677
-853.297
638.686
624.051
773.74
-320.977
374.611
-581.383
96.9638
279.448
-133.793
-705.718
296.887
-128.255
-349.764
-690.384
608.029
137.835
375.782
-1.53798
591.356
469.671
-441.944
14.8382
86.0564
775.412
195.516
-653.354
582.075
410.005
-623.692
1213.67
593.645
-402.891
-203.634
159.081
-59.8227
-25.004
-128.564
10.2489
610.891
-172.008
499.131
232.668
287.859
488.587
85.2215
1305.02
170.486
-24.8323
-969.077
-1140.33
-894.942
-301.047
-166.606
-782.247
733.347
533.134
278.4
315.284
-326.767
468.582
-1092.99
19.7547
-294.675
-219.73
552.682
345.493
86.2608
-225.715
1006.72
651.458
-715.288
-619.407
-425.326
-1.78607
720.046
84.3044
60.6853
80.7869
124.669
-509.049
61.2259
297.419
-489.071
-594.794
-971.949
215.732
145.862
-321.106
462.983
-517.526
-680.947
317.715
359.638
-1087.85
-355.007
-575.537
749.761
-630.83
87.9278
-463.41
-706.602
-356.694
730.525
-56.1721
769.173
-397.278
-229.98
997.95
-411.144
-67.3999
-774.654
-456.938
-233.224
28.4269
-60.8161
-758.851
776.091
-202.741
-819.033
1159.21
-796.836
461.722
-599.993
-67.2002
-256.5
-840.446
-179.27
-519.269
-72.9955
-638.48
385.728
1040.23
500.693
411.162
-393.324
386.296
949.534
-128.245
45.1335
-775.887
-54.6285
-156.377
-1056.89
19.5168
-183.117
-42.9803
701.827
-131.089
129.562
366.713
-453.445
-764.93
-777.382
-909.337
-59.1115
960.662
-621.906
-502.11
997.049
-551.494
467.691
-1192.93
507.744
196.629
-496.762
236.561
384.709
500.6
856.383
-336.549
-252.088
-255.938
-760.166
-82.5879
193.131
88.8972
1142.09
159.965
-2.60064
-371.577
399.52
-25.3156
-121.021
-454.835
286.983
541.902
869.474
879.79
492.295
-472.282
239.399
-202.779
-427.212
643.802
-345.547
657.516
-157.65
-150.915
878.61
284.516
-882.302
1212.68
192.552
1017.16
482.118
915.751
372.495
419.824
-212.385
-18.0261
928.135
855.238
318.043
-196.257
-538.772
-109.086
-148.529
783.592
-851.995
-6.24767
-940.256
128.418
66.1148
95.1811
-66.9302
-521.236
614.463
1000.85
-530.393
-941.434
541.097
652.185
544.503
149.122
-307.459
-134.249
-941.103
-663.431
80.4458
656.506
52.7481
-120.592
-570.092
495.532
707.784
392.807
-898.231
791.004
-109.898
-320.447
-294.729
-110.823
-12.9395
-473.867
1123.18
1186.96
-201.981
-920.632
498.881
-506.523
1108.33
-517.218
-1019
-29.4952
1241.01
-803.711
451.488
28.0514
-128.549
-667.289
563.19
-4.84606
-186.629
-923.175
47.3214
236.556
926.324
-104.219
341.549
1014.99
244.826
1017.19
-303.55
184.796
-1034.99
1021.42
-942.63
-280.888
-313.925
278.146
-7.38835
997.134
-931.029
-219.868
-62.0551
-288.573
304.349
10.9418
-699.944
-965.715
324.104
329.076
-572.96
-103.025
1237.18
349.238
-268.337
1336.57
152.785
496.66
-649.25
173.952
39.4268
-737.023
-430.578
-313.415
224.761
-665.202
272.558
84.4399
242.447
300.183
-80.9382
293.206
-23.7813
253.072
378.454
-512.652
-828.443
279.145
-848.429
-0.66816
-674.484
-280.836
-223.748
542.833
-453.236
757.174
96.7797
-278.202
856.797
-598.585
1021.09
-221.683
-595.975
13.1353
348.112
78.5782
-468.703
452.503
-128.003
304.377
-46.9524
759.58
-447.575
536.98
-1111.3
-1128.51
986.535
-661.818
-549.414
366.732
229.41
385.417
597.711
164.229
560.537
629.057
-513.476
362.422
658.791
-502.561
582.685
-533.415
22.2315
-153.748
-729.554
-166.962
230.368
-207.127
-1296.69
439.531
-482.028
512.408
40.962
-70.1723
-583.653
883.009
501.264
-1031.58
286.337
712.6
-645.075
-1247.48
-246.709
-719.281
-463.779
-492.777
-321.823
-455.681
165.239
389.323
11.773
1310.79
248.822
1001.66
680.033
656.525
-72.0398
-517.152
-140.775
413.744
-292.78
-284.461
-705.688
1043.45
561.204
63.3378
-13.1763
1301.64
239.886
-120.405
76.076
369.443
387.944
-342.922
-272.816
174.665
-378.462
-418.013
60.1705
-569.193
-24.2144
237.937
323.82
-485.147
-154.365
101.454
351.947
-1128.04
-144.889
576.054
-526.929
-683.165
90.6438
-1184
-977.771
-593.649
239.47
-318.057
930.989
425.346
479.26
785.344
447.752
545.85
750.146
-186.715
-198.379
-692.811
11.5056
-724.301
-950.716
94.9884
119.32
-45.1596
372.5
85.4924
-288.386
240.911
294.913
-144.752
-93.2898
-817.306
-810.96
1156.26
-87.1144
-486.084
-299.853
897.545
656.987
262.28
-815.918
528.948
-208.55
266.519
780.018
-454.069
-166.296
490.532
-506.059
99.2856
527.764
732.774
798.439
444.367
50.3621
993.413
-524.494
-779.421
310.366
553.374
631.241
1099.89
-75.4564
399.098
674.089
168.386
-249.197
1373.03
1061.66
-474.55
-324.09
-249.668
-103.123
128.662
136.9
610.282
-310.531
158.728
-160.852
-665.108
-353.568
-786.194
-481.327
-313.151
-963.175
-1185.86
674.399
19.9119
353.581
169.527
-285.073
898.334
78.3108
504.538
-139.325
-238.723
427.11
451.815
-825.749
-551.84
-356.586
612.464
37.4824
369.809
55.0359
-463.397
-637.075
-686.807
279.423
-265.264
-339.543
399.308
-1223.35
-627.018
190.58
-120.843
15.8421
857.574
-758.486
72.9523
366.797
373.107
186.042
539.998
-232.963
-178.498
112.563
536.363
106.411
451.598
-32.2668
-139.754
-185.603
-208.448
-339.647
39.3707
862.288
-662.859
81.4808
-174.83
25.8022
-577.213
-207.396
972.582
1051.11
-11.9131
-811.869
-894.456
-507.275
53.6234
723.08
-96.0142
-374.101
106.653
-906.691
0.227572
449.681
-256.402
280.49
1097.9
-13.1041
89.0522
-743.47
627.906
-580.333
154.527
-214.195
-162.334
468.332
668.121
-26.6128
-29.3375
-831.59
770.614
59.7984
-763.379
-1260.93
-405.42
768.991
-289.591
208.925
323.563
-553.219
-983.666
715.653
27.236
204.212
-1071.7
29.8033
97.5365
-56.9452
187.08
-69.7775
-696.725
-1045.49
37.1856
-338.134
-414.825
555.179
8.57813
310.664
1407.23
178.766
754.937
-642.933
386.124
-1064
-210.041
10.3305
-124.566
336.787
-113.639
14.4787
-598.805
-298.368
474.328
687.439
-135.173
-926.26
-514.727
131.149
-28.3062
-334.233
267.809
45.3995
-661.763
-676.835
-1225.36
1076.16
173.492
399.228
482.725
-1063.77
714.046
787.051
12.0323
-85.1562
755.621
651.908
-365.419
-327.35
770.619
-375.601
371.677
-194.39
804.345
195.655
-1304.39
541.758
223.721
-862.841
-623.082
312.094
236.465
277.826
648.39
-832.483
531.204
-584.003
-600.636
41.8701
-658.297
-747.773
22.0333
579.043
332.598
-401.589
664.747
463.067
212.495
-75.822
167.437
-12.938
-421.082
-323.286
-197.644
-409.497
313.795
-61.9555
791.426
859.632
269.318
-529.659
-166.533
457.179
-526.913
-402.577
-302.063
367.419
242.23
-16.0717
190.528
759.939
452.343
-106.148
119.948
-628.069
253.759
-112.88
585.894
563.038
-6.56277
-942.653
485.006
-173.481
-31.3319
980.326
321.132
-737.464
388.108
217.607
-1025.1
-11.3359
807.686
-512.226
731.711
882.802
-291.685
-377.604
-144.369
179.857
978.122
483.383
9.57165
624.061
176.782
513.12
468.454
-736.819
277.761
137.668
-1063.17
-696.339
-531.913
-1178.61
530.532
-447.254
-135.59
130.469
198.54
25.8026
-29.3468
-906.951
345.723
-493.509
154.763
-491.56
-243.377
-42.369
-354.861
-512.974
544.115
-151.462
-173.24
-193.077
-990.273
609.453
603.834
351.566
-673.269
252.458
183.538
-1351.87
-611.36
-177.151
24.1766
-200.844
256.255
-147.046
131.359
-1129.1
-75.9333
57.3887
182.868
58.8423
-610.25
224.681
97.6669
427.257
285.493
-659.163
-98.1228
-89.4624
117.873
348.99
-689.971
-778.589
-192.422
-262.373
-170.961
-1012.63
-326.572
-429.51
386.226
-454.395
-1004.94
-138.085
-36.8016
-51.4898
-471.991
-540.017
124.502
524.545
352.436
-803.19
317.33
-195.032
311.836
-429.773
597.545
1373.13
-368.751
-474.53
918.505
-579.408
-447.394
-236.813
617.99
743.407
-200.119
-289.368
124.776
-28.615
-198.069
-359.024
513.63
-73.2656
-572.958
343.11
525.408
-497.705
-554.799
82.2073
-894.514
315.244
171.165
884.406
-177.07
514.168
94.2816
-130.404
-438.57
978.34
-651.393
356.163
592.299
-35.1088
1289.4
-581.65
-110.924
-1075.95
25.4061
-438.319
-483.729
241.211
-305.371
238.945
160.165
182.427
-581.972
62.8234
376.281
-585.642
834.232
-657.641
357.048
-408.546
456.647
-353.665
-812.358
-1398.88
34.9131
541.209
1095.26
113.718
68.9803
-280.955
979.409
657.362
385.66
-223.037
-456.445
113.287
-461.405
80.2497
-597.582
-209.532
1230.96
233.78
182.786
83.474
-386.793
493.295
-71.356
-561.475
-15.6024
-646.614
69.0671
-1099.02
189.272
-577.136
-365.456
555.267
-158.942
273.351
-17.937
150.355
-347.986
576.207
236.522
632.777
493.636
-359.791
570.524
-316.191
-992.726
46.6569
564.918
-149.982
-40.4593
-214.161
191.665
-278.189
-739.984
97.1971
391.066
-192.555
-72.0951
388.428
-716.78
429.629
-206.159
1160.77
-563.888
172.457
-256.901
398.544
501.475
1182.33
45.5331
232.612
-441.45
640.51
233.75
243.909
-579.805
419.326
-329.164
-431.615
-116.266
-7.44209
-94.5397
-72.4936
-519.773
-149.917
-546.4
-1433.58
476.333
521.146
-82.85
-791.295
-522.128
89.9125
383.771
-239.597
1169.77
769.409
-357.39
-965.69
-995.356
297.717
-1206.26
-548.679
748.551
600.125
493.866
646.545
-701.556
-972.841
-97.4036
403.815
736.423
486.772
-39.6856
802.46
54.6269
565.986
-222.17
-437.202
373.741
-247.913
39.7575
767.08
735.521
-147.047
781.42
-390.75
504.809
-182.048
76.8432
318.474
-505.543
-557.59
-610.363
57.3129
-1377.22
-71.346
-33.5026
-138.54
-8.27536
-903.28
407.704
-1017.65
-750.208
235.802
8.52053
-440.846
-98.3244
982.415
-503.263
-207.038
-240.025
-586.509
-1083.88
-389.993
-432.379
41.6271
-810.797
-1187.97
278.515
-228.5
-546.531
1284.81
-240.142
-528.537
-353.213
494.372
-554.241
579.735
-61.3749
216.277
271.616
649.812
-671.712
401.82
872.665
-488.756
14.5218
384.891
-158.112
589.143
-314.534
624.941
-284.351
601.986
305.999
-370.294
-229.425
-718.497
-307.879
-30.6223
-1473.53
156.811
690.255
-919.936
502.128
204.002
529.137
-589.127
-348.335
-289.319
870.395
159.375
928.465
-77.8674
-12.876
-718.598
-97.7525
-945.324
-1228.49
-370.249
408.671
11.0101
-468.647
-234.598
-621.665
1026.26
-208.925
-28.1198
-234.079
1321.79
6.77458
-411.789
1011.99
162.568
-706.056
-725.63
167.066
138.019
-957.989
231.896
461.274
128.865
-146.646
310.355
-652.942
-1189.02
-20.6538
-348.286
-499.903
658.141
358.596
-1282.42
-470.994
538.376
-616.809
906.704
-25.2336
-440.098
-727.307
155.449
-148.283
-490.206
-581.979
-648.894
333.813
4.55362
430.163
-728.318
12.3282
454.235
878.418
-132.711
541.367
-932.175
-230.458
190.331
-210.035
104.256
870.532
306.346
628.332
7.77338
295.253
794.617
45.9414
1014.31
-625.58
-462.486
-213.385
-834.344
-305.473
-102.802
991.339
245.744
-454.852
-265.771
310.627
-152.352
-1035.3
156.773
663.833
-405.067
-198.224
1075.07
652.469
-488.891
1330.11
-1421.72
-828.586
251.747
167.559
285.329
344.704
-291.033
402.931
81.0733
-641.984
-105.468
446.928
355.996
130.06
-419.211
-230.738
1144.05
-656.348
-166.177
536.395
247.084
576.008
-1123.56
-35.0889
-629.051
363
-104.96
-775.791
1045.97
-781.943
44.5836
1123.64
397.48
-307.308
-70.471
-686.788
-82.9801
-135.225
69.3556
-159.509
-548.795
-505.841
425.732
-141.522
-107.346
-241.188
-149.863
-659.356
31.7888
-237.405
-282.067
-246.842
-662.61
312.064
-486.865
-239.131
-740.956
-330.548
-672.799
52.5962
-144.715
817.453
-27.9265
-331.205
-474.369
171.47
-1109.62
-100.478
-178.935
-1134.18
-856.506
412.721
1167.01
374.577
-528.671
230.652
120.616
20.3625
-259.612
-619.295
-118.213
844.89
-438.507
728.509
168.558
-171.671
-79.0767
378.335
580.321
-997.103
-998.807
532.972
539.747
801.086
-485.507
-842.673
30.1063
-364.559
-1316.36
-556.658
555.632
941.406
-924.49
-238.611
-387.784
-766.707
281.179
-238.965
-227.362
-927.327
-557.425
123.808
503.917
-361.678
-1.32411
331.49
1144.48
-181.991
-1021.26
-495.989
596.533
-65.0006
-81.7914
-1120.09
837.53
897.525
-86.3502
401.562
-489.308
478.312
191.305
442.702
176.944
-537.352
-369.442
-377.976
1089.08
-332.385
25.5347
420.089
-335.272
418.823
149.488
-68.1076
-144.447
15.3154
-259.446
-135.196
157.131
613.149
-551.837
-68.4118
-363.245
-621.266
554.186
-563.586
898.451
-470.524
923.254
1242.26
-150.771
710.966
159.461
-36.6419
813.988
-897.684
256.012
1222.49
-397.872
473.816
523.049
162.725
-881.403
919.205
-155.933
656.35
-610.397
368.401
-137.42
-853.729
-184.31
597.558
235.307
-1067.93
-972.081
-755.82
-93.358
149.082
807.731
-761.316
20.8241
-873.555
-604.66
-851.865
214.475
199.348
-83.5837
-1199.7
1022.7
172.558
871.604
74.8415
1018.32
-788.736
151.917
-52.9985
-265.302
238.716
-1074.08
-608.669
165.806
458.914
-356.666
376.172
-352.404
-741.402
-200.725
-431.575
146.496
-14.4428
90.3797
120.633
551.079
-493.008
684.62
-65.7829
-138.389
-91.1398
-902.55
-561.239
-731.827
-239.266
-345.886
502.171
-210.398
63.2975
181.291
-483.573
-959.334
-68.6459
662.19
-139.258
-446.181
606.538
143.315
98.5299
-196.675
148.301
121.954
-160.946
-311.273
-1407.13
428.312
-335.802
202.502
1180.57
510.237
966.315
484.364
-4.11216
-79.9728
312.988
475.426
-476.147
-78.4681
-376.169
-767.751
103.483
792.082
-632.589
-225.442
-258.601
831.48
560.918
-873.622
290.488
-267.274
-229.56
119.885
379.024
1421.02
-277.196
-566.26
-50.6262
358.996
7.75006
-610.038
608.051
-501.522
380.551
-760.662
994.141
-560.083
-1570.87
-26.0221
-384.502
406.288
-506.184
-839.265
-267.153
715.337
-732.666
640.406
-873.321
1098.57
187.552
-736.969
64.7227
-742.435
995.791
-663.444
223.74
298.699
-238.446
-1159.72
245.674
-808.069
-697.822
-26.9079
140.583
-97.3818
-686.772
371.571
555.798
721.411
212.188
1291.62
57.0441
320.854
-314.353
-645.659
31.0206
-311.13
-143.154
-652.647
-331.4
-835.809
-661.662
-172.107
-499.864
211.151
-210.866
-38.9209
57.7735
517.006
126.954
-420.94
392.375
-450.886
-419.364
37.1786
-376.068
-1621.66
865.988
-51.5274
-391.162
-154.555
-1160.75
516.377
-745.278
-58.3557
797.739
43.0394
-1415.76
-213.109
-1120.52
641.117
-44.8136
-509.442
-756.471
-669.845
492.247
714.63
1413.42
-413.293
-198.987
802.103
701.951
-707.808
-689.708
429.78
326.443
-1256.94
401.751
664.561
943.539
867.8
1071.59
108.744
-60.0321
-30.1426
431.411
-1031.1
447.216
-67.8363
-863.214
-277.203
-260.994
84.62
1447.1
-24.7216
-470.832
-350.459
-345.545
78.6942
-877.886
509.967
-1281.72
-226.783
-973.41
-148.557
-830.095
100.511
-491.611
-1104.77
-150.996
-768.537
317.496
-822.164
620.197
179.302
463.235
427.25
-798.907
-636.737
-434.442
339.695
325.633
-38.7141
42.6297
406.244
680.401
-369.523
264.31
-40.1935
-445.094
-45.3722
785.674
508.514
-465.217
1252.83
-730.632
-774.896
-224.456
-915.596
-675.814
-406.284
635.202
-1304.05
-17.6359
1250.21
-6.27709
-505.226
-355.135
162.133
-217.552
-333.175
-219.134
206.534
-16.5242
-217.101
-532.474
-93.594
634.731
-637.398
185.508
67.7023
-810.571
698.032
11.9062
-122.97
346.688
130.821
904.53
-330.358
-1130.98
226.733
-174.095
13.9463
675.413
634.127
-147.33
-607.005
423.155
-688.468
-710.816
524.187
78.2455
-1241.93
253.733
-41.1625
78.5392
671.042
-8.83167
-465.229
920.894
76.0609
83.5615
-1013.21
-1062.11
868.793
-98.8453
294.461
-37.2513
-478.404
432.245
742.453
386.548
-315.666
-721.235
-142.261
242.22
254.382
-890.61
-263.822
-748.458
780.514
438.335
273.078
292.967
-220.562
185.704
374.451
-65.7641
625.057
346.225
-101.461
12.3011
-1132.91
417.262
549.021
-600.397
289.056
173.644
-475.899
-311.407
-1326.42
-492.109
850.565
831.157
-281.789
-349.932
1357.87
-127.684
797.351
-403.462
-831.23
265.744
784.829
218.129
433.791
661.649
-749.832
369.887
225.71
17.2639
143.907
-747.647
-1034.11
-57.7851
357.87
236.302
-97.1436
-859.196
774.87
631.658
-187.968
41.0254
-26.4919
295.101
-431.54
-477.156
-847.541
-632.893
262.114
-393.397
-1067.02
-351.383
186.558
-738.684
-488.655
474.083
-470.286
82.2467
743.242
648.589
-240.393
-660.709
-161.87
287.585
-773.79
421.996
-1063.06
522.411
-265.786
-162.75
-412.776
-930.32
-172.39
-467.791
-97.2718
38.7658
140.206
-368.66
633.434
283.482
-2.94946
355.19
-643.795
365.002
254.668
-509.196
-667.654
-28.6459
2.44775
519.94
612.301
-741.378
691.214
901.41
-36.1601
-550.991
236.317
933.802
184.571
633.148
378.965
608.074
-445.706
-248.298
-415.853
-261.659
-336.599
111.338
-270.064
-1408.9
795.532
796.449
-891.489
51.3673
796.747
138.358
-396.132
578.599
492.412
-984.611
-919.238
-433.995
55.2997
-102.015
-402.799
-727.67
-281.062
-1076.79
-1063.2
292.756
-587.801
-119.067
151.248
-187.028
254.933
623.447
467.95
-182.759
1259
-82.3182
-548.548
1391.2
230.46
-1121.19
796.05
-324.406
281.209
1.34836
455.625
-377.522
-968.026
722.427
218.503
-293.787
218.376
-803.865
-186.104
-391.909
306.525
-62.6413
320.932
41.8744
-231.685
373.05
726.196
828.052
-836.167
-136.258
105.275
-656.065
-147.326
-45.9111
462.233
346.876
376.138
1087.06
-175.175
112.476
-1164.16
384.15
214.506
300.411
349.558
118.514
