1174.98
-853.296
423.668
528.107
-248.931
-561.993
893.827
15.2597
-210.643
962.978
57.363
228.928
951.51
2.49516
-916.922
-83.219
483.911
685.285
-383.948
179.834
-671.316
349.065
-370.555
560.715
272.217
-554.165
-974.833
717.584
450.036
157.536
-275.815
-5.18735
255.727
-327.813
-416.57
8.83682
-491.99
-1071.21
-976.627
416.281
532.077
215.613
498.465
1144.12
790.304
-216.888
261.918
-612.312
-970.699
92.2242
932.659
-368.986
-124.615
210.77
-129.44
-198.185
-406.753
871.113
18.8279
-269.279
210.758
-679.394
353.632
156.749
-44.6603
-15.2395
337.002
-12.0425
201.627
905.172
-91.917
377.739
-732.128
138.844
-91.0979
183.145
-81.9514
-175.975
795.317
-804.839
88.1178
1408.35
-427.153
500.106
315.643
-164.301
-731.774
488.052
114.922
785.031
505.972
-418.127
-463.792
-116.073
-635.2
103.496
-4.33638
304.87
-963.145
440.958
786.252
-266.058
367.089
347.933
1132.66
-822.237
530.055
-220.196
-99.4302
-873.374
492.324
-309.268
105.531
202.018
-197.109
-213.553
561.731
-164.576
395.659
-83.8737
-507.556
393.322
-1075.96
-806.667
42.8468
-331.302
323.86
-573.111
-131.611
-470.537
-890.138
133.25
-596.859
-14.5472
785.886
-79.3419
1038.7
-709.869
-403.121
136.954
-233.241
618.495
-582.359
-477.526
980.226
624.83
477.241
191.82
-199.123
-310.263
77.2831
-205.388
458.257
-666.197
-753.438
-458.052
120.276
-388.073
357.115
560.042
391.985
-297.249
-953.878
421.252
481.89
309.31
-56.4906
-526.867
1052.95
285.931
1164.03
-116.839
-497.997
-336.323
-285.18
-170.34
463.676
-60.2489
-934.076
71.0813
155.369
-1134.34
-881.681
-85.5476
1000.09
-480.778
-368.208
-49.5526
-566.506
189.452
-625.228
-1039.83
-299.706
176.173
-709.339
610.705
86.1899
753.633
861.118
-550.54
-131.908
283.681
-398.445
19.5539
-317.583
-535.511
-1326.96
-217.103
-538.315
418.702
-583.625
855.932
811.801
834.788
-315.552
166.943
228.238
-135.992
63.3878
659.888
-585.151
172.749
43.7969
-130.727
601.932
-371.502
1157.19
428.155
-839.81
-891.304
888.373
-991.432
-985.494
312.923
-829.258
75.2095
-89.1207
-568.691
612.255
-537.633
5.73866
883.082
-377.122
-160.995
262.773
-573.579
-370.667
486.839
-495.037
181.587
238.018
-967.562
305.422
-134.202
1366.39
-663.198
81.5511
388.243
-82.4899
919.102
211.994
-397.727
-627.7
-867.3
326.773
48.8018
-488.651
614.574
-341.837
-89.2411
-675.418
1015.79
-411.788
-835.088
-452.947
656.983
477.264
197.866
-203.699
579.157
402.423
318.743
193.27
866.305
-147.018
-604.12
2.34943
1258.62
-401.073
-657.511
274.139
-303.618
327.778
356.221
1119.93
-1111.18
669.976
-811.999
-545.721
820.406
-685.193
85.9929
-515.195
157.332
1317.24
819.685
298.633
285.021
-667.332
-1135.24
-23.5134
-1264.8
-1343.41
353.892
20.0681
284.12
-409.671
170.091
-42.1514
-431.022
134.428
-150.465
-413.917
617.978
-789.482
-306.61
-623.298
51.7659
153.169
-124.383
-224.761
181.225
-107.897
248.534
777.976
586.334
70.3076
-294.584
-43.1039
-806.25
-78.2738
439.315
133.866
15.7641
390.772
168.052
423.144
368.452
400.126
324.295
-206.114
668.951
-183.361
-357.639
-96.1057
-73.8439
-756.463
-867.981
-524.023
1219.65
816.073
1072.05
-978.831
434.165
668.572
827.207
-1353.3
-407.143
523.772
336.46
-740.449
561.219
-24.1699
-315.032
-664.788
545.628
207.207
1236.52
-78.7656
931.588
935.711
-995.166
162.453
881.366
-335.482
-1397.47
-572.054
145.154
-457.861
654.28
-166.194
545.317
-710.275
-372.441
1273.44
-213.268
43.5966
321.141
57.4069
-109.338
431.793
713.895
846.974
669.14
-252.243
-715.281
559.929
-899.452
-604.415
1217.75
-194.89
-430.607
134.958
-47.0902
-233.031
634.948
1048.01
-216.077
-125.053
99.2052
644.127
205.204
304.679
309.538
372.874
194.781
-127.339
-314.265
406.118
-287.77
759.743
-118.515
312.202
-906.17
-201.436
58.1343
-196.225
894.465
968.648
350.596
353.703
-127.798
231.119
-699.051
-567.852
205.942
-108.333
468.18
21.3374
-61.3733
-559.221
-852.369
-415.524
555.677
367.678
954.046
216.351
855.955
-798.896
619.597
639.752
55.0232
6.48317
804.735
624.964
-892.206
773.523
-320.847
640.814
-611.796
374.859
439.149
195.031
529.079
-581.467
98.1118
318.783
167.743
-206.308
278.742
189.756
249.807
602.744
240.517
-242.744
-1090.57
63.0107
1200.2
-71.8333
203.894
439.088
448.116
353.045
-132.473
-704.521
482.36
230.78
-835.05
-4.79653
297.05
-127.089
370.944
-451.83
-891.474
-349.568
319.421
-380.439
-302.001
-920.15
-737.574
662.964
1135.5
94.6481
-690.208
-347.589
608.368
139.114
85.8305
44.5787
376.049
-574.351
-943.86
-611.564
-955.023
-340.297
764.392
130.401
-732.587
625.822
-1.08048
-409.56
344.188
512.851
30.9409
757.535
-55.4528
202.201
-216.931
-321.8
40.4281
-671.462
275.001
-520.943
-326.128
592.298
-139.678
-681.96
469.623
-174.475
-625.851
612.191
-481.831
606.24
-261.578
-512.153
853.529
-579.813
-416.912
-492.345
-537.729
396.205
373.753
235.423
417.005
103.301
-330.528
165.125
895.117
-138.269
-566.193
-366.681
-642.639
55.2409
-588.531
-67.4044
-87.9646
1026.6
326.195
-281.009
-441.175
216.023
-38.8402
-1088.31
-677.172
-1248.49
208.963
-574.618
-360.644
-432.787
66.24
14.1272
86.8661
-480.819
-657.583
776.289
196.689
225.79
-1278.69
506.169
389.797
287.54
-104.397
-99.0138
-738.53
-192.266
-243.78
1234.87
840.397
437.658
-652.723
-432.661
20.4155
86.4122
189.885
-32.7373
13.6454
730.171
-324.533
158.094
815.84
-805.356
262.985
570.729
582.834
-4.86853
410.068
-610.526
494.871
1025.25
115.251
383.477
-466.795
839.502
-331.436
-623.626
180.783
1214.75
-705.876
594.023
229.855
565.079
1089.48
532.259
592.6
247.102
18.673
-625.578
175.405
512.935
107.302
1208.22
214.073
513.427
-201.602
-464.206
-744.05
441.3
-257.911
-169.843
-5.00347
705.538
-662.413
-855.015
108.933
335.46
1374.96
686.64
-202.286
887.066
612.015
510.066
1351.13
-138.752
-599.467
524.116
-402.675
459.891
-202.4
327.72
1052.02
419.279
421.438
195.281
971.414
159.406
-766.029
-59.7035
169.342
171.671
-24.1672
-496.869
-508.401
-128.269
430.519
-1079.33
-616.242
11.474
-72.5655
349.01
325.811
-562.675
919.721
611.793
14.9592
-171.719
192.573
148.604
499.224
1353.72
418.827
-399.039
-419.54
232.086
-707.676
801.093
299.591
287.928
-166.344
922.321
78.3512
77.2861
-48.3644
-361.191
-916.014
130.149
76.4055
1031.34
-255.411
299.497
321.203
292.328
130.889
544.357
36.0845
-161.315
489.033
-686.598
818.217
501.427
428.652
-1019.4
300.723
-133.708
-680.877
85.3619
1149.79
249.75
-374.426
1306.35
769.276
791
192.16
171.623
1087.09
-24.0314
-121.252
-92.6024
425.792
-320.068
-967.904
-343.825
-349.809
-183.296
435.492
142.268
-1140.12
-207.366
735.35
-299.173
584.779
502.216
431.151
-814.981
-894.301
-865.668
-236.456
-331.449
461.809
-639.443
-300.024
-166.54
-763.528
244.109
-932.845
-96.8855
-782.376
734.165
533.311
529.538
-400.967
-388.435
396.604
-230.978
-827.613
-403.9
278.584
558.95
316.343
-325.992
-160.023
-28.9815
469.432
-32.8259
-1091.99
1006.81
-400.892
-295.816
20.0577
-724.923
138.792
646.42
-479.976
-320.851
985.292
-451.347
-294.241
387.034
-807.322
-477.054
1099.93
-219.432
-299.542
-702.363
553.437
420.24
-997.113
346.416
86.4705
560.348
-225.456
424.301
-977.491
-452.175
-323.327
-1035.27
-1103.94
499.373
110.251
-1037.97
1006.87
-185.112
-337.464
314.29
-984.504
-492.41
408.608
-133.935
-406.029
250.142
-471.393
-602.963
862.154
485.55
1071.46
204.007
651.628
-715.037
262.737
-160.427
122.08
591.396
-303.3
598.604
-1587.79
-240.869
-619.931
135.709
-149.298
563.764
-424.31
-786.215
-1.0805
-801.982
-830.672
-64.3286
234.847
720.217
954.184
1030.45
-136.452
523.615
1284.99
-663.519
84.4828
-435.765
60.9569
945.5
502.049
159.918
-68.677
522.157
-501.596
80.1062
-373.396
-835.734
1192.49
316.6
-105.41
336.114
124.753
-734.589
-407.439
248.644
696.154
-242.447
292.782
724.278
-509.539
9.85864
62.3869
82.1943
298.335
51.5544
50.2345
-182.881
283.626
89.4867
-519.307
-488.132
502.948
525.771
-428.945
-87.7742
-594.272
-372.534
-327.924
282.285
-752.804
638.317
1134.66
-970.988
370.68
732.471
-448.066
216.894
-112.516
146.008
-320.799
333.026
611.024
552.629
-164.124
55.1812
463.261
-516.393
-355.971
-282.595
-512.858
-407.581
125.748
-288.535
269.091
-99.5453
-200.535
1315.98
-13.4457
1021.34
348.21
298.482
-680.538
64.5765
713.399
317.306
673.287
-96.2696
-31.4731
146.974
928.749
-1235.89
-43.878
498.073
820.639
355.755
537.771
664.179
360.558
-1087.59
178.714
108.677
1009.84
-141.936
496.139
-353.83
-574.746
749.843
908.376
1021.13
193.154
606.809
-630.263
87.2029
273.886
-639.098
374.8
-462.262
-800.095
218.139
-323.004
-707.147
-356.266
706.086
730.811
-55.9962
-620.711
-770.048
-479.261
439.963
-245.801
-595.596
-717.662
324.683
79.2879
-185.314
770.218
634.699
-672.73
-673.825
549.163
-273.326
1331.74
492.557
389.672
-386.069
562.286
-439.61
674.535
341.067
131.816
-396.987
158.895
-289.432
-83.0258
36.8961
-755.184
700.929
-177.025
229.217
941.273
-563.412
-628.851
-361.793
-707.273
-811.62
-229.632
239.604
538.136
938.472
456.658
333.111
-262.201
166.454
-274.785
-126.777
-201.134
998.09
-411.617
881.048
-299.776
-900.053
-648.776
640.041
-129.168
-592.966
-188.534
282.359
-67.1562
-332.719
-774.416
-760.757
931.51
1108.34
828.068
-823.901
-1140.26
370.902
-198.609
-456.464
-233.057
28.4689
-60.4705
-200.962
71.2857
232.543
156.214
10.8106
150.147
139.768
52.8932
-443.093
368.212
-200.697
-499.577
-757.529
-562.608
-481.577
1054.82
-32.1271
1228.24
776.682
-254.45
819.861
-286.644
-514.669
11.7664
-31.0315
-474.836
606.166
-307.827
3.69565
24.2798
-784.215
-891.994
-732.818
-201.827
-484.684
564.143
429.68
-239.182
-239.926
-818.797
-460.139
897.189
1160.53
-510.008
138.536
35.332
-316.785
-22.7943
-627.992
-288.949
-796.318
523.796
462.894
-599.926
-629.844
-67.8525
-257.09
439.962
124.073
-294.943
84.2355
314.456
-839.564
-178.7
-449.446
-465.809
-212.694
-179.7
19.8208
642.312
-663.355
611.047
-518.341
-640.146
-242.862
-72.0622
74.8876
-638.269
799.749
-523.491
386.887
1041.47
110.05
-453.247
-648.211
-1196.76
501.867
-59.8931
412.494
956.514
-636.492
286.374
-392.611
-620.592
187.632
387.103
274.935
282.073
598.057
950.387
-127.795
44.634
347.959
-356.497
-774.944
-526.917
-53.4697
-117.226
659.538
94.2913
-1202.06
-156.005
456.058
737.314
-1056.61
20.347
-994.079
389.073
-182.798
763.173
-288.949
-42.5571
702.057
-885.652
17.7768
1017.19
834.979
268.577
265.91
-1286.32
-24.8195
508.145
294.446
-131.024
458.537
818.31
-1046.57
801.284
-100.949
130.198
366.991
1103.38
-695.428
247.962
-452.504
207.81
-256.959
35.0122
-348.553
-1005.45
-764.552
-776.773
100.305
-827.436
393.856
423.539
-166.141
-1221.47
-520.878
-124.753
289.429
-39.2419
-908.234
-58.7258
20.8503
-150.479
-434.014
439.572
-421.473
-14.0131
961.414
-603.338
260.008
273.081
385.107
292.684
-203.993
-620.621
-884.435
517.746
137.372
-139.621
-501.837
-456.436
-537.451
996.582
-528.234
-720.97
-861.708
740.932
-550.545
468.862
670.409
-1192.1
163.899
210.789
-1235.13
-258.792
507.904
-142.991
-182.78
197.773
658.339
445.717
-496.278
1372.16
-550.536
215.735
482.922
237.449
-79.6273
385.859
193.826
-84.5416
-318.952
500.679
-411.466
211.224
126.495
-554.951
1339.77
244.128
-68.3661
311.855
-39.6595
857.458
399.544
374.869
543.819
-369.595
1276.71
538.086
1027.27
-303.271
-336.992
384.444
-298.659
218.726
-547.82
-1117.04
-98.6246
437.806
596.886
-105.534
-353.424
553.946
-695.66
600.911
-251.73
162.484
-255.138
-140.349
564.762
-162.094
-759.94
-147.209
9.15078
-119.483
-82.2702
194.427
1044
-452.285
89.2843
856.875
117.169
-60.2106
-849.243
69.3422
-17.992
962.447
-481.027
448.858
463.139
-266.404
-613.9
351.158
39.8629
-319.025
1142.26
224.927
-238.186
-608.147
220.244
-29.4288
-629.629
159.405
468.795
-338.963
748.667
378.089
-2.51565
-1428.64
-370.628
264.536
-118.913
495.818
400.567
-648.257
-612.437
-75.2308
-129.303
-174.125
379.039
306.114
-1150.3
-24.1436
-741.525
-243.536
-334.083
-14.1838
1132.35
-650.334
-413.802
-120.048
-598.546
812.877
-30.2557
-900.985
67.8482
-453.97
287.21
254.514
541.984
869.574
-323.012
-206.146
880.689
321.268
430.557
493.441
375.994
497.678
-225.319
-472.044
390.517
-523.592
167.585
-202.164
82.022
-192.649
-214.861
767.483
-779.757
239.616
273.372
265.138
1233.53
59.7971
867.115
-170.468
-368.293
-351.12
28.2178
41.5304
-505.914
-201.639
-554.632
86.691
-426.098
-826.798
643.167
-80.0127
973.104
65.7378
-344.963
92.428
734.25
-709.947
829.507
467.668
-506.081
755.285
110.66
581.697
658.465
699.75
-156.786
364.736
149.002
-149.995
-425.742
-1212.3
-824.52
244.423
879.86
373.404
-843.222
220.836
-316.275
257.575
283.838
160.512
-755.487
-881.054
1213.26
-124.445
-707.409
213.89
-224.447
193.326
577.769
1017.65
-386.431
424.287
345.963
482.386
982.103
-74.6184
238.096
-1000.93
170.787
-306.967
323.198
449.958
916.23
-221.713
372.538
-724.289
801.06
-1270.43
588.251
-236.802
398.107
419.079
-130.115
-212.31
1404.58
579.77
-896.689
353.795
-307.159
723.711
-1006.3
215.484
29.1686
-304.903
1339.18
742.668
560.803
-190.828
-788.832
-388.788
205.628
54.4757
-708.333
227.296
210.77
-17.2291
-517.258
744.812
-224.62
43.3592
179.049
-832.836
929.268
-1007
176.574
-254.983
856.032
-844.833
1122.68
318.767
962.791
756.856
-766.1
477.663
793.576
-195.979
577.939
-1042.33
-46.7275
383.523
-538.557
-108.513
360.51
-147.635
783.018
230.123
-850.744
-6.78241
-997.255
113.298
-95.2737
-917.816
676.72
-938.994
129.349
66.679
-764.211
95.5821
728.385
-377.791
-98.3059
54.2483
-846.977
279.703
-39.0631
-311.399
-842.27
-66.6882
552.709
1114.7
696.617
-15.5167
-521.068
-419.158
-918.675
1130.86
614.478
-561.985
-540.069
-387.697
1001.62
84.5369
406.972
-505.644
125.091
-529.596
-991.431
78.0149
-8.03897
-1153.32
196.105
-73.3404
-665.716
428.916
-921.447
544.936
-38.1812
539.051
-694.907
-941.234
-517.069
-713.239
-887.453
-22.8769
541.821
1208.09
-891.559
728.857
1179.13
-436.374
156.503
765.627
-282.843
-704.094
-272.058
510.528
-105.941
846.709
-398.124
543.563
574.179
-36.164
653.126
-470.02
754.684
89.1207
545.446
149.988
-405.714
-833.456
398.933
-308.103
463.827
509.236
-379.148
-353.469
366.946
-872.674
-210.224
-133.696
319.345
-940.555
-663.306
272.261
-58.6564
80.7152
390.623
-329.213
657.722
241.915
197.435
53.0342
390.064
-119.602
1378.79
281.088
703.765
983.116
-569.861
-229.692
-280.524
495.928
708.564
-596.215
-1145.96
470.362
-179.859
-58.2114
393.701
293.618
329.506
790.283
-109.809
-7.22326
-85.6691
-288.991
1134.95
-320.496
-295.203
206.649
313.311
-307.239
-43.1644
-533.904
521.155
-148.481
1008.22
-431.352
-210.409
317.172
1356.05
-3.47566
-558.809
-110.702
-360.361
-12.6745
-472.947
17.9971
-58.5026
522.412
1123.93
-1023.66
-10.4317
247.754
579.266
1187.73
-201.113
1056.45
589.001
-920.551
312.256
570.925
499.727
-506.17
-329.151
1108.61
-516.349
-1018.11
-195.435
59.8813
229.735
174.66
98.868
-634.647
222.675
-29.3457
1241.19
-1260.43
-804.211
452.657
185.322
446.971
810.086
937.202
-379.005
27.5829
-127.469
1014.53
499.546
-666.555
700.659
563.111
-365.004
1097.64
-181.861
-411.154
-36.9465
-3.9108
-185.858
199.281
-1156.62
-922.885
47.5655
-545.604
-350.782
-10.4741
568.647
-209.077
296.029
509.606
237.111
-301.576
927.302
-104.13
342.404
-469.904
904.173
830.82
938.557
237.032
1015.43
-130.586
344.353
263.768
245.552
1112.46
1018.02
-303.169
-396.636
5.41667
277.401
-61.2283
185.44
-1034.23
-597.108
49.6911
-431.828
1021.65
155.164
538.986
519.171
673.266
-373.75
422.243
-785.86
373.993
1107.41
442.161
-941.473
227.285
719.703
-280.661
833.4
725.051
-112.17
737.49
-713.334
-120.009
-467.89
-313.13
134.572
-507.604
-324.91
278.553
-6.45513
24.5837
23.747
997.812
-257.957
-929.864
-204.686
-219.615
-73.2773
-420.879
239.475
-261.617
-319.832
220.539
-61.2823
-166.31
-288.497
305.262
9.0025
-114.061
216.818
651.486
80.4369
11.301
-699.068
-965.507
324.192
329.355
333.65
-782.44
-571.699
-634.164
497.186
-614.297
688.708
-102.792
-167.178
88.0461
-505.709
1238.11
506.621
895.455
349.885
-267.553
1337.34
359.841
153.049
496.891
55.298
-649.038
-912.96
185.413
175.071
1015.12
496.961
444.342
250.54
39.5437
-736.128
1013.9
-204.846
-546.028
386.095
336.21
270.648
-429.638
90.1078
-313.171
221.634
116.521
225.566
150.267
-899.105
-665.038
-392.419
135.406
99.8923
120.55
-887.104
679.166
38.6
34.7068
273.46
85.2205
242.377
-33.984
300.862
835.651
-91.764
-244.213
-1154.04
-366.118
-1277.5
323.386
799.958
-644.782
324.243
425.326
526.982
-79.8209
-923.143
-451.859
-302.926
64.2831
365.234
294.008
-120.626
420.902
-160.006
-1131.39
1180.21
-23.5269
357.699
19.3587
457.695
252.394
-6.46799
-906.321
378.548
-258.625
-1464.71
-750.458
229.255
189.055
-516.808
-512.396
30.8653
-815.308
156.178
-1044.41
-666.352
-8.3972
-112.37
-908.028
-1240.11
-296.944
261.08
483.515
-422.558
495.915
44.4755
168.974
-183.823
650.106
379.594
273.984
-827.661
280.093
264.316
-32.8662
142.075
-848.087
-424.782
-338.986
-939.878
-0.581597
-673.565
348.304
-375.564
-86.4397
-201.337
766.93
519.872
58.8811
-410.939
113.323
1052.8
275.816
85.0743
-280.621
-222.4
92.0568
-247.329
128.799
-551.45
825.242
76.4047
-858.695
-644.256
615.295
-273.766
295.648
-358.885
-164.297
-231.937
507.787
543.755
106.544
-775.229
826.518
712.828
-544.205
-577.684
1130.15
485.846
-452.462
-816.839
124.2
757.44
8.05273
-12.2293
97.0533
-277.916
857.345
72.2065
165.918
170.866
509.103
89.935
-95.3624
619.729
-597.44
163.077
-208.455
-1116.1
-735.903
-857.538
465.425
1021.29
-335.281
297.786
516.598
-77.2675
-291.133
-449.153
804.487
-1021.37
-389.966
-1119.14
117.213
-1214.79
-221.543
-581.297
185.94
-286.547
-877.183
283.418
397.092
204.441
-125.311
-633.245
-366.779
-428.265
467.114
584.496
286.27
575.925
57.7812
-338.858
-467.318
1131.12
-154.141
735.505
-595.778
-123.754
685.891
78.8132
-493.592
-328.416
789.076
588.097
208.614
548.095
-598.543
-748.398
-48.7038
587.601
-150.892
13.8623
-1325.75
-254.733
747.008
-594.199
209.037
-828.518
232.807
30.189
15.2546
349.058
161.36
-467.135
1234.45
-387.877
973.907
79.3686
-669.564
-467.675
759.466
-1180.95
-73.3286
-468.52
452.731
-375.08
-126.85
108.819
305.125
1328.21
-391.359
-46.7128
-194.812
127.028
759.822
-160.595
-343.312
53.8296
-134.233
891.889
1106.5
-57.2677
586.992
-789.785
-519.264
423.39
623.271
-448.179
482.289
-197.037
-265.861
619.16
1269.61
-446.806
120.071
537.913
39.5812
-129.453
-732.702
51.457
-563.314
-294.728
-1110.88
-721.056
-178.164
-1128.3
987.61
-239.449
703.382
-661.025
258.381
562.553
-421.904
-99.2671
-954.948
-136.317
74.3226
434.456
-501.373
-627.516
-905.963
-453.711
641.674
324.913
-472.315
49.505
1.26682
-548.293
-426.082
367.781
230.563
439.306
-336.959
-405.793
-225.39
7.12823
206.895
-8.38991
51.2529
-273.456
234.91
117.114
352.037
-211.208
524.136
-586.669
-407.168
-224.419
-168.552
385.637
458.142
252.192
57.5799
598.36
501.095
547.164
348.295
565.298
677.776
721.434
-944.044
126.831
-580.738
-423.219
788.177
-232.748
-1089.05
-319.59
-547.896
164.51
-268.301
560.707
-997.44
-129.43
-835.159
-701.036
-1023.57
-482.147
628.976
-392.239
-512.649
-276.154
-543.616
-168.093
1485.23
233.7
-909.837
1120.34
-334.592
363.231
70.3345
659.083
-64.1629
-502.273
380.478
582.868
-79.5396
-1267.99
-137.294
-319.365
439.299
-184.474
-533.286
22.5372
-58.9112
442.008
318.383
432.296
-439.297
283.12
552.366
-1.10134
-929.579
114.544
-131.127
-265.67
352.97
-418.033
-153.537
68.2123
-26.687
-866.058
362.021
190.421
-662.551
-153.219
12.0491
743.698
415.392
-253.114
621.663
-65.8353
677.206
-728.893
-24.1326
-6.30995
-81.722
28.1946
-402.3
-357.083
-165.814
231.355
222.197
-435.064
222.601
-75.7757
-123.144
-352.091
-38.1482
515.775
-206.38
58.4626
61.4317
103.261
-1295.76
444.001
-234.534
915.062
827.972
439.66
1008.56
813.863
539.194
-1048.9
-36.7679
-481.929
835.348
275.348
47.8225
-644.457
-179.941
496.094
-289.16
791.065
-490.712
262.898
513.131
-683.514
-577.036
172.065
41.5772
51.8136
576.687
555.706
373.712
44.5875
-90.468
-210.999
-1269.93
-993.883
-69.2549
-282.296
597.423
-1258.33
699.563
-215.058
-583.43
14.0691
407.041
-666.094
883.279
502.298
-396.474
668.817
89.1015
-1031.11
287.267
-399.224
713.675
522.13
6.25077
-69.97
607.126
-644.208
36.8565
523.076
417.751
-227.019
-1246.56
-200.051
165.276
-245.778
383.134
694.196
-48.8966
-719.149
761.933
-462.638
-781.104
462.426
952.922
-491.867
-567.939
485.257
-170.374
-212.372
49.6542
489.239
-321.553
68.7209
216.541
-21.8761
47.7364
197.581
108.741
-454.829
302.544
622.624
-116.165
749.11
-20.7712
54.1248
-612.026
-73.3791
310.328
63.7333
165.426
282.303
311.842
-618.081
390.334
-609.997
265.735
12.002
1311.56
249.609
42.0626
-814.805
-591.197
563.191
270.458
-141.96
235.766
1270.1
394.818
1001.87
150.738
106.644
808.353
-1208.4
681.082
656.802
221.773
-1237.56
-651.444
-71.8176
-264.081
-1038.53
-516.012
-575.963
-25.4831
670.978
-469.986
181.831
-428.52
154.933
292.387
735.994
112.698
-139.718
413.857
-686.912
648
529.933
-68.6029
-1042.17
-180.51
-52.1827
-406.118
-993.101
180.807
394.751
195.789
-118.685
64.6222
-292.165
-1187.73
1265.73
-284.011
1534.2
-704.769
1043.86
-948.411
-467.997
561.378
-901.189
478.811
177.316
-570.079
159.027
274.055
44.2408
-131.379
63.8019
-12.8317
-830.984
965.595
428.317
-935.705
-28.1877
1301.87
89.623
-487.887
670.705
241.059
-120.163
74.4505
473.027
610.331
76.8553
-648.637
173.598
369.325
-992.539
711.373
388.174
608.488
-605.071
1148.48
-1268.1
-343.668
849.321
59.13
-272.605
-981.698
175.164
-383.614
501.954
-377.803
237.684
-161.432
-417.497
212.402
-245.219
451.301
79.3349
54.6507
99.3876
60.6282
1000.38
-569.714
-23.7528
238.147
526.28
323.846
-484.414
-772.502
528.948
486.449
112.201
-153.53
211.505
186.834
-258.734
1260.7
945.422
-778.399
-572.425
261.927
389.325
102.601
131.73
1142.3
627.825
6.85288
215.96
352.06
-1023.2
-1026.13
339.313
-1128.27
-145.34
577.354
-526.073
301.867
-98.2326
-720.808
571.798
69.8039
576.435
581.46
421.775
-630.71
346.415
475.988
103.293
728.293
132.225
993.347
280.836
-122.096
-272.331
-283.537
-100.681
35.0931
-682.075
392.682
-178.474
429.378
564.288
-548.186
709.723
20.4342
-657.341
55.6212
603.468
950.157
-846.022
-168.824
885.991
1161.03
507.276
90.8273
1075.39
-125.573
-986.033
735.511
-1182.79
72.2104
322.434
-476.537
-977.679
-692.625
-60.602
-760.612
440.971
113.122
-281.594
249.931
-594.164
-206.928
543.913
-20.6122
284.663
855.546
-177.752
-818.589
-311.434
50.6424
239.622
-317.824
308.615
170.919
-194.442
931.689
-155.972
-36.5862
-366.778
570.479
150.674
-1006.04
426.146
479.585
624.579
526.077
164.05
-389.893
190.838
785.794
-216.744
260.432
-689.564
-140.744
883.971
448.161
233.882
-782.397
705.07
545.983
-313.748
-654.457
750.922
-606.779
-557.765
385.538
-571.708
174.072
259.791
412.621
-186.205
169.396
-197.613
440.648
309.319
-232.967
-48.1098
-692.296
402.442
459.576
301.068
449.53
11.7291
103.608
-1041.72
622.836
-263.162
-76.0059
-652.655
28.1376
360.876
-40.5394
-724.799
302.282
-950.49
135.11
288.834
96.1298
115.1
-520.825
-104.767
617.505
83.9587
-839.738
-6.21544
-542.318
-910.426
-342.895
-191.438
-579.748
228.228
119.568
508.417
-177.901
734.259
1173.14
-93.112
-253.299
-284.135
543.813
51.8757
-378.833
43.3776
429.234
-44.5465
-589.923
-526.842
891.628
-150.416
-269.733
-594.928
-1047.86
219.239
-137.385
-519.124
372.72
743.145
85.7192
108.555
-21.8276
727.519
-120.94
686.625
-287.245
794.166
408.848
-700.151
1368.34
-68.1065
-141.776
294.259
529.118
241.02
-324.158
294.241
141.788
-143.701
996.531
-92.7988
695.07
-815.992
379.549
189.682
-19.19
111.366
-810.19
1156.53
-86.0206
53.1392
-232.015
-540.37
70.7263
900.349
-25.6505
88.4009
-364.041
-868.779
270.241
-485.633
218.409
106.943
-299.614
107.09
-1186.56
-279.902
461.419
555.825
897.782
-1036.9
764.198
657.755
517.669
261.652
-815.134
99.8123
553.867
732.588
528.475
-336.074
-376.047
-207.379
-458.682
175.986
266.873
110.107
408.176
-57.4766
-30.2282
469.481
-377.759
359.265
-1126.66
780.237
-1346.19
829.437
-454.152
682.96
-166.749
265.503
716.788
407.658
831.333
-28.4072
37.5253
-564.356
-545.878
186.532
-100.993
490.981
-912.004
-505.955
1071.94
-645.193
-116.329
228.505
277.871
-155.598
-624.075
-959.588
-801.892
411.758
100.043
1013.9
548.192
-241.677
528.939
271.863
141.547
439.576
1219.27
-769.157
475.215
733.451
-398.672
799.544
-299.085
-224.795
671.099
634.036
395.097
-830.326
-407.964
444.569
-739.042
50.6625
-262.307
17.3954
-12.8205
-668.548
993.767
-88.3378
-295.9
-275.87
-512.444
-613.941
-1058.64
-523.698
319.934
-496.908
-390.512
-404.031
428.775
753.894
-108.788
-371.145
869.571
415.383
-779.298
521.536
-1235.5
-478.966
628.693
146.773
-63.4673
318.459
-361.992
559.831
-822.072
-675.079
-334.641
-413.289
447.227
310.578
-85.2507
90.1149
472.446
554.159
-487.338
-862.318
432.103
-271.057
631.47
352.618
932.88
-862.445
-31.5163
-160.457
-920.492
-97.6123
676.732
130.549
484.86
142.148
91.7113
-390.744
1100.66
222.05
-205.953
-74.3044
-172.57
-443.111
399.175
102.048
-383.071
257.418
-147.157
605.856
97.8562
-333.949
674.351
169.598
241.879
1390.22
-711.994
700.676
540.535
-248.418
-34.2548
-559.386
995.651
-291.619
1373.26
1062.57
-473.446
285.907
31.8063
-335.371
-716.173
-1400.32
-324.248
218.721
474.284
-553.5
298.988
74.2406
-175.381
0.976955
71.6345
-382.588
-563.71
-267.245
-249.501
-103.753
348.73
-377.933
716.169
-130.548
677.821
-690.6
-145.003
-416.111
653.247
-233.783
43.3848
-577.895
129.11
-617.11
-419.463
137.646
908.815
-692.8
611.216
-309.552
-146.275
-286.394
-234.935
159.504
-160.72
-664.823
-352.787
-786.678
-481.045
-313.015
-963.809
-1185.64
1377.33
-1110.07
1134.89
848.651
545.498
-977.325
-134.223
-802.602
646.437
315.249
-363.927
675.194
20.8373
-266.072
353.712
184.515
-408.416
1316.14
-394.594
169.808
664.339
-13.381
-985.682
881.909
-284.312
872.829
357.537
898.588
-31.0848
-666.031
-825.437
-894.115
79.2939
543.626
-465.396
-915.597
174.815
127.19
504.737
62.5016
-87.7028
-504.147
-618.765
-138.15
83.3745
-251.76
-238.454
288.842
350.847
292.892
-392.95
310.67
172.032
427.91
-33.6785
-947.558
-337.732
574.982
-63.9794
-510.676
1026.42
401.52
452.605
-825.659
602.244
-551.583
345.619
-356.367
316.492
-635.132
1211.53
518.37
-540.654
-16.4318
326.125
613.363
-566.081
-1277.09
-323.806
-1112.44
-633.352
-566.018
-714.573
94.4396
37.5841
370.674
55.2453
-463.276
633.991
-636.274
325.609
-686.501
1226.07
323.516
823.672
-363.951
-487.093
-907.462
-285.336
310.462
-603.078
654.016
-342.701
649.86
-575.129
309.039
-405.632
280.321
-396.811
-574.837
60.796
902.061
-264.309
733.481
17.0246
-349.798
685.27
-338.629
-370.645
697.608
-66.9163
-189.702
-18.4391
399.526
-274.656
-1130.54
93.8201
336.863
153.641
-1223.06
239.621
212.64
-625.862
-196.054
161.196
191.513
-200.552
-120.633
16.5945
-358.579
-1078.2
-101.782
858.777
-147.924
733.555
-787.725
-759.177
73.1151
-558.12
621.651
-608.412
-78.0669
57.0879
-96.019
-236.349
16.791
786.789
431.395
-648.907
367.715
-69.8596
208.594
-476.505
908.57
-375.769
70.4073
-840.151
547.017
285.491
301.134
270.031
59.94
-768.065
373.344
186.969
-741.792
-340.929
540.517
-232.84
587.058
119.399
-658.199
-178.246
1487.93
113.727
589.996
536.581
111.46
-641.912
593.845
1059.58
-14.2044
-1140.39
283.098
713.164
289.87
409.739
786.409
324.664
-473.707
624.136
-459.284
254.823
407.621
107.575
452.371
-1445.17
151.726
-324.312
73.4537
-140.668
-210.74
-204.483
469.615
249.493
-235.886
-31.4908
-139.013
4.31273
703.27
-274.388
-807.246
-1088.11
-187.711
177.573
-32.1067
241.513
-185.032
726.011
-458.582
-585.05
466.263
-82.4994
-900.945
587.949
-88.8538
703.496
-388.645
-207.485
-913.346
-313.652
1.95082
-800.713
-285.725
-109.239
-1221.98
515.241
447.951
-618.707
51.8667
-671.716
-339.084
55.0567
-99.2439
-304.234
-330.437
39.5979
124.714
327.986
-760.25
-535.431
762.299
863.456
468.846
394.536
-98.2835
-102.609
-663.524
-54.1691
81.6353
-242.198
-174.596
-724.057
25.1472
-114.985
638.36
1334.97
51.4405
357.559
-576.282
-551.689
-894.597
734.405
616.194
43.8432
269.59
-1211.92
-706.004
750.394
392.054
607.914
523.137
83.1331
129.955
184.378
1034.33
-207.077
496.677
571.86
-374.92
-694.206
317.199
973.287
1033.45
-346.905
-702.242
-580.38
-356.167
-326.812
-313.413
-210.596
421.923
-88.5422
1050.42
-163.808
-11.1865
236.543
-370.071
-561.888
398.261
1159.85
-812.261
-461.816
-705.8
-893.8
684.557
-223.736
266.533
801.999
816.557
-267.463
404.186
467.655
157.927
149.144
359.39
-724.719
-506.498
456.434
92.7151
886.728
947.045
52.9932
-251.407
740.754
808.169
-1364.46
-692.038
77.5768
633.145
723.299
-388.759
-298.63
1175.36
-881.618
-95.8476
-373.384
106.889
338.062
386.394
76.6974
-185.702
168.036
-906.413
-503.689
646.388
-362.284
1307.6
0.459526
956.304
530.98
36.4937
449.83
130.329
-311.093
316.363
-256.134
-177.878
-240.394
206.617
304.682
-449.641
-749.451
680.324
-565.97
-624.538
57.3621
-77.7268
-347.144
-1069.27
649.367
402.92
282.383
205.924
418.908
-421.592
975.768
-847.157
576.083
1046.08
-483.549
280.734
-653.332
182.357
-509.252
250.665
1177.76
393.785
601.835
-485.607
362.927
358.357
128.696
1245.24
1098.62
-12.2765
804.837
-54.8611
364.3
40.3607
-550.804
89.5111
-87.8153
-480.295
1285.09
-880.468
649.778
-50.5611
666.659
505.123
-743.144
-251.965
945.954
628.246
1055.79
1084.47
-580.109
634.553
-597.934
154.603
-655.407
518.928
-236.567
919.691
658.393
-60.8474
755.802
-88.5693
-320.823
317.626
415.081
-213.375
-120.699
-161.188
555.941
-1104.79
-566.715
-754.914
292.425
468.904
668.376
-1026.4
341.689
263.47
105.502
108.358
134.659
-254.869
750.49
459.381
184.885
-16.0823
-26.4952
-28.5796
-831.763
-671.996
-691.796
65.4104
411.272
-252.626
81.9007
-1284.76
27.1301
-176.194
-936.64
84.0442
-141.773
479.481
-569.008
218.839
771.884
595.269
1045.19
64.0416
24.7649
-771.028
812.079
59.8682
458.104
-762.81
154.04
-72.6148
-1260.04
-607.47
-59.4572
-252.501
168.268
-748.986
505.337
-404.357
769.341
-288.648
460.192
-248.062
-217.931
276.926
132.951
-246.892
209.708
324.707
1408.43
662.916
77.0731
42.5883
284.851
-552.043
-719.113
-983.448
-237.525
-803.623
220.373
-314.729
-148.722
423.423
102.698
715.776
-238.441
27.4475
205.368
-758.1
-248.958
-1070.8
285.006
1141.62
-982.984
-756.749
1102.19
-644.843
1055.25
29.0813
702.957
-195.271
544.338
-697.796
325.029
876.492
98.0062
-55.7798
1063.57
-51.8966
291.349
-618.458
351.69
187.344
65.8569
354.775
1194.7
627.722
426.98
-67.6648
-68.8416
-148.573
-695.386
313.569
928.971
-1044.74
176.204
419.937
-137.069
720.169
1386.9
-370.413
-142.444
37.366
-508.8
336.06
-337.981
379.83
-115.749
-167.894
-413.854
-644.19
556.448
312.297
9.03797
570.371
1436.98
310.812
1406.72
-819.203
35.8256
-535.936
46.3045
179.487
756.094
-481.629
-201.97
-218.008
436.292
-216.62
-641.997
892.088
385.905
-617.307
-1063.17
-209.822
10.9955
-123.473
975.278
337.034
-701.864
-112.959
14.6961
-599.416
-388.375
553.797
99.3606
-297.574
-1093.95
947.47
620.003
240.825
475.393
-885.639
-648.033
340.209
696.131
-316.473
687.562
795.981
-587.347
-315.24
19.4372
59.4264
1182.02
606.671
186.562
685.588
169.719
783.88
-1140.96
-588.855
-7.49657
-154.552
-397.027
-463.643
405.862
-59.0765
724.026
510.671
676.961
-1.72195
-796.685
-134.884
-31.5828
560.471
-9.9951
448.664
145.827
-926.097
-332.289
-514.115
-229.772
88.4283
-651.138
353.352
131.289
133.175
-80.3852
-27.8839
180.15
-641.817
1032.99
-354.78
96.6077
-334.137
-430.374
268.187
-159.68
296.881
45.5707
589.954
-110.273
-148.507
757.308
365.672
-296.87
-442.519
-399.779
403.15
-390.967
-660.601
-677.521
-361.864
-159.751
-1224.28
342.865
710.651
1077.37
166.749
308.994
101.015
174.245
953.913
351.014
-840.175
394.71
-757.49
400.306
482.859
-113.976
109.96
1441.13
303.147
-247.687
-688.708
-309.373
-1063.39
415.793
1159.71
962.535
714.703
-52.714
1254.94
-382.288
787.165
-585.622
735.848
510.799
-102.914
11.3517
70.4521
-83.9817
-795.373
-179.415
-974.825
-683.175
755.745
262.51
154.653
92.6564
-907.624
652.353
-126.904
90.5319
737.282
-364.759
586.45
-370.681
-820.586
-1037.08
-265.16
-53.5187
-1044.79
-809.548
-170.677
-327.032
145.403
198.02
225.329
-54.0256
-1004.04
-446.163
-342.544
270.866
550.988
501.833
880.571
-743.738
520.815
770.757
-375.383
215.134
1324.32
859.176
-277.64
-517.362
-106.037
371.787
555.446
-587.847
507.428
-449.613
295.802
-253.464
655.214
577.252
-354.655
-167.947
335.615
108.402
386.618
-194.254
-574.238
-31.7904
523.432
654.022
-150.936
194.786
-648.242
805.328
86.6684
-12.9931
144.981
97.368
-338.116
-80.9067
-196.446
229.938
662.626
195.754
28.5301
823.011
-1303.62
115.773
-836.599
697.371
366.388
-1060.93
-261.002
-694.971
542.254
-670.603
674.826
-1061.89
177.764
-1051.8
224.081
-863.561
-622.753
-181.343
510.005
111.666
312.873
-815.348
236.69
-120.923
278.574
-486.265
-571.159
-577.111
-359.709
408.979
-109.274
851.684
648.62
263.742
-30.046
-30.0197
567.727
-166.568
-918.395
8.53375
-494.296
-795.467
-136.231
1024.45
-831.707
531.432
-813.641
-250.673
-1525.22
-584.696
-600.408
569.624
-537.922
-7.9404
118.649
-1535.71
42.8007
-315.103
-353.004
1116.57
-509.72
-657.124
-746.93
63.6877
-423.183
22.2971
307.072
352.307
-632.001
313.609
579.599
-650.363
318.943
151.861
479.32
-580.713
-258.446
331.877
727.68
136.923
-192.549
-269.546
14.175
-580.56
112.577
254.73
-489.837
-418.907
-858.146
35.7542
-400.44
1276.92
665.401
-390.685
464.047
767.501
708.179
27.468
-622.607
533.982
498.197
-14.0871
168.65
268.34
-104.666
71.6792
213.422
-75.5403
773.461
564.384
742.247
167.838
-137.71
-12.0792
-419.955
-43.677
232.503
-322.025
-197.405
246.149
345.174
529.033
148.653
-408.552
29.8765
36.7544
340.013
-483.166
-312.624
314.582
199.962
-791.014
-546.196
617.879
-606.81
-61.8488
790.886
-417.627
1006.16
742.429
-924.444
247.164
860.798
202.08
270.205
877.907
-528.5
151.843
-542.849
199.486
766.869
-167.13
-438.433
-636.359
728.851
-261.802
457.522
-526.67
-61.3258
8.4784
-402.355
219.677
-302.778
367.519
471.432
871.812
242.613
576.915
-16.0057
693.354
-745.048
47.9523
-750.516
627.977
-255.626
939.468
-833.786
791.468
-438.388
129.859
697.62
-72.3197
1256.76
-460.248
774.709
419.489
247.213
191.723
-87.5333
395.379
50.7615
581.976
-485.102
759.505
-681.663
472.563
-247.162
-73.3872
451.616
-404.007
-178.319
-106.828
-178.039
-289.495
-414.557
-494.356
-392.13
286.709
1201.74
61.9192
-447.484
-154.448
73.8862
1161.32
-318.692
-973.102
304.76
-399.914
120.205
-44.9065
-627.887
490.57
-222.052
253.97
-112.442
878.46
885.162
-724.177
112.078
586.531
392.019
254.248
472.367
243.318
-119.503
741.687
-559.057
563.248
-1037.1
-5.98592
-28.8236
-243.066
632.218
-149.13
-690.665
-334.963
-1125.06
423.674
-599.412
388.119
140.06
435.386
-298.401
972.064
329.287
-189.356
458.058
-942.456
266.38
-359.241
-145.134
464.823
242.334
-111.764
-509.768
485.939
-398.27
-80.7994
1007.9
472.606
-442.466
-718.01
-805.494
-362.713
830.796
345.452
-172.575
-680.563
-581.235
854.423
-940.77
-1028.74
-30.7392
469.55
-365.538
151.195
981.083
396.798
373.548
322.05
1253.9
-229.9
870.133
-736.413
795.941
-163.784
379.422
729.727
-306.41
388.319
218.479
-232.386
-1025.74
-191.885
703.074
-414.77
202.614
344.187
-18.7354
-11.2499
-803.695
1032.63
369.578
-227.596
-157.633
-292.326
-115.638
968.37
1117.69
364.492
323.438
367.517
807.079
-431.079
-266.061
151.162
-1.82511
-634.906
-511.203
-487.218
731.989
882.965
-844.238
-66.7573
-290.846
114.153
932.64
-664.289
-22.2261
-492.617
-320.691
-330.361
401.648
9.08021
557.204
344.185
-377.482
-429.186
767.607
-231.774
-1205.2
-496.047
-143.575
293.486
-240.499
483.135
181.13
-753.563
590.192
978.455
764.087
392.473
341.893
483.618
10.5769
-959.046
83.6716
-485.643
-310.064
-257.053
-1207.47
-455.082
747.892
152.955
-215.967
624.967
-2.40291
-281.627
261.691
-258.169
177.882
560.795
-642.253
513.781
-68.3282
309.573
-163.929
331.847
-521.068
387.681
94.9602
-211.387
-971.92
-195.028
-798.226
386.927
1158.97
468.695
-737.517
278.255
-303.48
-1194.71
-378.054
-999.583
-345.277
-76.6197
-322.014
-1206.5
-6.14777
137.91
-369.386
-1062.17
-926.498
646.849
-695.553
103.217
-531.801
-1178.46
531.59
-458.185
112.736
504.642
-547.708
395.443
-124.419
-299.72
963.484
20.0683
-621.113
122.583
-156.694
-358.727
-1026.28
-164.938
-446.704
409.749
-486.077
-85.3738
-1344.72
348.467
119.062
-7.06233
-135.41
130.986
-323.351
-95.4202
-916.706
1064.07
-105.426
198.603
-491.273
-494.091
221.718
-402.737
748.717
-38.4789
26.5601
1035.95
-609.868
-240.803
-29.115
871.168
-100.75
-906.396
654.145
1115.56
110.938
-295.231
-540.39
-408.892
-356.457
346.625
-492.376
429.992
1047.08
1206.32
-36.1709
-13.605
-119.758
155.592
620.842
-492.079
-57.809
837.606
153.194
-411.013
-518.035
30.3848
425.041
-243.314
-970.687
591.421
657.721
718.763
-391.754
-61.9629
-1269.61
223.769
-42.3896
-394.776
-354.003
-780.672
-511.907
544.909
-18.0682
716.581
-658.638
-510.48
-332.053
-963.129
713.656
-816.886
288.067
-375.214
162.449
-150.29
240.01
252.304
43.5632
-46.6527
-172.393
-393.315
-114.148
-193.222
-990.771
610.338
-426.715
27.7653
-465.74
604.104
-364.854
351.724
-722.459
-261.119
148.484
-673.205
181.641
252.644
-287.742
-1396.58
503.095
-462.024
184.489
466.797
142.384
-1352.6
-611.831
-377.643
423.886
-176.274
24.7166
1237.53
-110.335
124.178
-383.046
138.403
266.415
273.243
-99.0326
-803.244
-148.283
-269.057
-1254.57
801.779
-200.622
-158.602
247.577
55.2024
187.996
-1356.89
-211.468
417.874
490.929
143.84
256.354
-156.981
-132.341
-361.29
150.886
-395.25
539.808
369.078
-1040.03
-776.131
90.6232
638.236
-147.724
619.829
-673.241
-829.73
673.376
-141.744
-415.1
132.45
-333.71
-1055.89
-93.3711
-1128.63
-587.906
-534.834
922.493
-76.3714
404.757
-30.1406
-119.152
659.831
-103.601
1117.95
375.45
57.5927
-969.003
-389.413
697.191
186.973
-1040.27
183.067
89.9437
-1010.79
957.959
59.1112
189.319
202.251
-609.396
225.815
623.934
98.3567
469.049
-11.1207
-59.8429
-176.543
428.05
485.568
286.435
-284.838
-658.915
-620.853
-89.0355
76.2202
-96.9561
205.632
-1116.09
288.611
364.81
165.288
518.775
-174.812
80.8546
-531.145
-425.263
2.78042
831.872
-197.733
267.342
-89.2506
118.815
472.038
324.509
193.171
518.221
1447.17
13.1847
349.788
515.177
-689.865
-250.809
86.7069
-778.498
-777.875
-192.267
37.0885
-362.311
-1283.8
-1093.26
16.7395
-312.129
-1161.39
-123.316
480.513
241.232
120.647
636.772
200.69
-261.442
-575.531
-357.17
-691.407
-170.753
541.411
-496.795
-1011.72
204.03
-326.241
1068.15
-428.704
743.293
996.05
41.1003
13.5768
1272.24
-358.922
386.913
710.802
310.716
-982.846
-84.5712
9.3855
563.997
-453.622
-1387.89
-1004.8
-73.2187
-325.058
-137.246
879.09
453.584
-631.025
-841.754
963.507
-35.6761
854.047
34.2825
152.397
787.39
1142.4
-51.2665
-471.088
545.866
-539.69
-382.478
-580.228
1014.58
-543.939
131.342
1150.71
-369.519
124.608
474.226
-668.597
525.487
675.636
-1073.07
319.456
622.301
353.048
-802.967
697.494
317.503
-405.366
-1008.8
229.916
-194.387
-80.3732
-51.2825
-358.778
312.609
-457.182
-429.516
-195.806
-242.983
147.364
259.761
-866.177
597.671
1373.77
-61.7025
809.429
-369.215
95.6887
-473.75
46.7132
918.659
124.49
-952.925
-631.275
-578.413
134.974
526.363
-817.778
-125.579
-577.701
-308.961
-370.119
-446.232
-753.713
-236.656
17.6603
182.499
-358.72
-506.177
618.93
-604.618
-364.78
-454.601
-320.046
715.941
23.7492
-466.189
-148.071
1150.41
744.056
-1062.36
-362.859
663.972
-199.902
-71.609
-103.004
161.743
-207.71
281.006
-961.918
-288.53
-761.939
317.215
125.543
-431.163
-28.0322
-839.58
648.899
106.403
-673.093
895.657
-573.188
114.153
122.084
-62.7049
442.762
8.24993
320.612
323.723
-619.623
616.641
-1252.52
1212.64
44.1526
-197.957
419.657
331.129
279.757
505.349
-235.379
239.279
267.572
-412.586
-306.779
-955.753
-468.553
495.821
346.538
-232.362
-51.262
-1430.75
-747.272
-625.506
621.942
-1203.84
-358.086
850.317
545.372
-538.135
-640.078
-454.332
-267.506
278.571
514.553
1191.64
-173.213
-1303.91
-541.177
-481.811
-534.65
560.655
678.589
-279.094
283.392
635.039
351.751
890.359
1111
326.076
168.703
-75.0163
-1294.21
-162.717
8.28895
-366.796
99.7291
-72.8306
-688.493
189.41
-242.573
341.716
-712.877
801.186
-572.107
-385.635
924.831
1168.89
-220.798
649.965
-177.25
344.133
-430.822
162.843
526.603
-474.41
-1095.9
1028.79
188.586
914.442
-975.04
-448.195
1311.74
143.377
-218.951
-252.856
-190.484
246.053
772.04
-460.2
527.086
311.478
-1202.51
-497.42
219.494
-554.68
-1216.84
322.161
-1044.07
82.0435
-893.51
99.3248
-225.177
454.695
315.477
417.293
-7.67551
-831.82
-74.9255
662.511
235.277
172.229
-634.004
884.555
-176.348
514.325
-1.0991
94.1569
-129.459
330.956
-437.406
761.202
103.561
757.481
977.811
51.8381
-93.0155
-650.959
280.403
-231.095
76.8813
615.724
356.991
-267.931
592.371
740.175
1044.37
-704.877
-34.8798
285.684
76.8792
1290.34
576.328
-306.435
915.181
-54.9538
46.0077
238.26
651.581
-581.513
458.396
692.181
-33.3133
945.826
842.372
819.416
-25.3916
-53.5419
155.49
-102.003
-110.728
294.291
-1075.81
1184.48
25.4884
119.127
1312.24
450.559
152.702
-63.9662
-437.799
-234.545
34.8007
-483.637
-628.369
-485
939.459
275.983
-757.278
639.299
-113.708
-442.475
702.012
240.786
-304.572
-249.307
-213.495
240.007
160.957
183.359
-112.737
236.044
516.141
-727.061
86.1685
281.302
-322.667
-581.232
62.265
376.653
-476.616
-210.822
196.002
474.036
-585.341
-951.402
830.207
145.253
835.29
-546.547
-656.723
719.853
722.107
-812.481
-112.646
-131.447
184.743
-742.135
164.446
-158.913
-1131.64
-154.175
15.3501
932.723
-452.196
-391.968
1066.28
-198.289
619.746
357.131
-227.83
143.889
-408.573
231.29
1596.23
-18.1516
-546.765
-56.0653
-327.269
-425.105
-614.783
-144.876
-44.5055
403.662
-435.512
-488.675
-194.489
457.402
87.4465
-539.421
-353.377
797.161
-572.5
-198.199
-265.702
1049.42
-294.465
60.597
-8.77615
-223.205
-811.514
-1398.3
399.576
-295.095
378.403
1313.19
341.415
589.762
339.278
621.983
900.577
1009.04
415.661
868.329
-59.7879
35.0038
237.272
20.1793
1.84333
541.972
-1.3441
-436.733
-221.928
1094.52
-63.5996
-200.19
-869.441
242.227
-338.366
510.869
114.499
69.8764
-481.245
-280.732
980.712
658.219
-356.287
-224.869
-581.382
386.136
157.995
-396.9
313.142
-266.874
606.907
197.752
-234.137
-222.486
390.226
9.6501
-1041.81
-222.509
-778.631
-800.032
-851.319
-456.358
-863.84
26.6141
-445.949
201.14
-403.915
-518.636
299.704
313.26
-580.433
113.421
99.6686
1089.99
-1311.82
310.709
167.109
-683.642
259.841
674.653
559.763
891.142
584.294
904.052
536.6
-461.291
-138.008
-466.469
-372.36
-783.315
431.036
834.486
-112.969
-508.695
81.3983
-596.747
-572.913
-154.551
668.705
-170.428
-30.9565
-447.912
-174.778
-208.68
9.40766
915.757
398.029
1105.92
1230.47
-327.327
-416.189
-144.932
452.25
234.942
183.566
83.1405
-386.695
978.404
157.643
-575.76
-450.023
-447.413
494.131
551.238
101.983
561.334
-277.648
216.303
34.7904
63.9688
-70.4744
-104.267
-244.955
-305.176
-524.833
-264.691
-463.068
-1203.06
741.791
-72.8922
433.188
953.434
418.077
-560.544
-536.403
-71.4116
-476.075
-15.7661
247.305
-283.093
727.976
-645.813
69.2755
-904.008
-531.579
-235.211
-263.171
663.666
1469.56
-619.872
232.555
-614.604
-1098.92
1250.14
-105.57
6.19017
474.474
190.249
381.974
-1332.59
-449.101
726.171
-576.938
-364.683
-344.252
-222.487
-740.373
239.313
601.3
556.435
-279.49
382.656
-386.848
-784.852
-229.994
203.008
-329.427
524.322
-158.355
843.046
-698.941
74.1562
273.583
293.971
1027.78
-159.989
-17.7083
150.809
-347.832
711.566
-29.6098
-592.137
506.986
159.123
-373.694
-408.142
464.432
412.668
576.958
-159.468
237.187
-303.709
135.521
605.468
632.98
-150.844
-189.644
-1168.66
-296.727
493.877
553.131
194.17
59.4148
-2.20099
846.279
-358.874
-617.54
-333.967
601.362
571.115
130.572
266.788
-1211.74
731.404
787.759
474.964
-443.299
1319.07
932.318
93.8032
-428.674
-315.956
-539.738
-423.649
-589.035
-58.9818
-182.213
546.44
-4.03292
402.295
509.55
1349.24
-1008.21
-991.704
47.7215
-608.135
0.593847
625.442
-501.059
565.058
-780.001
-421.415
-149.109
-109.488
901.297
135.755
182.567
-22.4548
-846.575
-257.725
-39.3024
693.424
-213.889
-1117.78
295.418
192.099
304.262
-613.215
46.2148
332.175
29.5811
807.194
328.264
-786.455
958.52
-277.497
-931.127
-990.135
374.216
-485.231
1118.5
-739.219
84.3816
-197.706
-195.278
97.2912
-457.232
62.9588
-698.438
390.552
-199.812
-363.577
493.47
188.63
-641.013
298.417
31.8258
-192.625
669.411
468.847
-546.836
-38.8939
-71.8407
797.668
293.762
128.091
389.201
-283.35
-362.24
-716.643
289.737
741.456
439.673
429.903
-220.652
-84.515
-206.083
340.805
133.698
686.147
604.669
585.792
1160.95
-562.751
-13.7223
1309.41
275.968
-139.83
-106.42
41.3249
777.699
910.784
173.231
-256.836
399.578
-700.257
502.628
-41.4641
-337.526
1201.44
1182.96
-485.726
45.7485
207.075
233.377
-451.732
-441.234
504.02
280.916
640.698
357.827
685.45
234.553
115.184
-529.308
229.673
-183.713
244.057
-483.171
594.582
-90.6688
-502.448
-73.5304
-211.314
-580.351
-630.36
-202.356
290.028
-1122.24
427.648
516.579
420.016
569.429
859.665
-80.7402
-328.877
-431.164
-543.348
99.122
299.086
-115.993
149.255
-72.7529
-687.142
-7.03065
538.033
-251.084
149.049
-93.7416
-72.401
-355.745
-64.0126
-555.614
-158.001
-143.17
-518.84
130.085
-212.908
-32.7169
596.45
-170.656
-104.582
-119.521
150.061
-415.482
-1142.66
686.811
312.108
-149.657
-191.201
-545.457
-357.349
289.314
-502.202
846.594
-736.652
-1432.32
523.615
-932.437
867.764
542.572
30.8882
476.551
1126.72
-269.078
-1049.87
406.477
522.319
-489.405
143.92
329.012
-82.3699
403.731
-790.046
-281.011
-82.2817
247.65
103.969
526.097
18.5917
-1146.23
-459.473
-602.929
-379.526
-1090.91
362.654
1474.76
-361.243
474.768
6.59484
-521.606
90.6816
235.389
384.543
543.505
-900.11
801.968
-25.3955
-238.59
1170.94
-157.336
-474.312
609.162
906.652
-238.185
-1096.66
-216.645
770.515
-820.364
501.654
-912.629
-537.039
-357.028
-966.364
-497.029
-921.625
129.201
954.797
-994.772
411.81
151.832
297.875
420.883
-423.065
704.591
-416.031
540.137
-628.777
-659.614
930.942
253.073
466.247
-798.652
-128.83
370.465
468.809
321.211
-94.5925
-1096.32
-77.1659
-866.791
-1205.21
-237.944
-177.238
339.933
-547.987
268.879
748.805
1033.52
1298.21
599.454
494.097
135.207
339.272
999.438
132.485
647.477
-658.854
-54.0371
-932.846
226.28
9.06711
-498.012
-568.574
2.95746
236.497
-58.7423
90.4558
451.427
-263.899
157.357
867.528
906.419
71.2336
1168.51
315.091
-168.425
-273.507
240.22
-701.306
-13.142
533.311
881.745
-1323.82
-290.322
-282.119
-375.995
-972.946
-37.989
-854.948
-97.3064
998.019
450.207
404.722
736.491
-563.632
487.063
143.223
-38.6617
754.197
-113.305
15.1058
803.125
-935.591
-270.46
-328.354
721.251
812.238
393.411
-321.126
-321.791
54.877
565.328
410.407
-300.809
-176.099
-740.351
-100.67
-222.226
-31.5598
638.102
-1229.22
-437.117
608.126
374.678
-246.778
787.436
-826.818
-29.0521
40.5113
852.163
375.225
-134.466
-215.316
64.3988
128.866
-224.048
742.303
-552.198
-86.7858
279.628
-120.718
-170.466
-92.9422
-464.043
-75.4504
768.24
732.235
-62.9602
-26.0842
735.763
-146.638
-1088.29
-305.69
820.481
824.374
48.5184
-72.9012
782.312
702.466
248.004
-570.983
-467.646
528.364
-390.759
27.0787
-974.271
-1466.76
482.775
452.616
477.601
505.04
-853.417
-516.673
276.545
-585.772
454.709
-119.759
150.815
-150.333
-198.341
91.2113
-29.1927
-395.788
-181.411
1062.33
642.103
887.206
-183.929
1162.74
-226.027
-21.1096
-100.362
78.1745
430.851
420.837
-49.487
318.724
-504.775
-557.215
788.835
-858.813
35.5353
6.54524
-137.966
39.7422
-610.268
58.0912
-377.057
-344.397
525.495
-1377.07
-689.758
-265.657
-70.2316
611.192
126.088
162.445
615.461
-33.0549
-233.492
-201.857
-137.936
-632.484
338.45
-91.8003
-229.162
-58.7242
-419.896
1343.66
-590.264
479.072
-220.27
-7.2749
-107.783
380.067
-362.701
-902.488
-149.15
-715.175
861.766
-773.78
-520.279
266.872
-547.711
-273.074
380.425
139.998
1354.17
-5.19315
117.602
749.71
184.097
-596.581
-937.476
-863.567
527.592
-356.93
-821.83
314.592
-179.285
75.7144
-28.4713
-1193.77
-798.606
301.796
12.3613
-421.677
890.622
407.794
-411.848
475.921
9.71539
866.468
118.292
-550.683
-54.1095
318.259
509.047
-1017.41
-749.307
-533.272
108.21
236.075
-546.291
118.898
-699.808
-15.4504
-428.639
713.852
-360.416
-61.4231
-383.261
50.7451
-166.597
-1298.26
-708.326
53.7904
-279.124
-126.727
7.83786
145.416
-440.711
196.988
-98.2494
982.595
-159.112
-261.44
433.945
236.617
-263.353
303.609
385.985
339.068
-801.253
-395.355
-281.867
249.964
-273.863
402.944
619.463
960.423
-540.414
160.521
-491.443
-158.74
-502.499
417.849
-929.037
-412.771
-389.153
-206.886
-239.644
53.4109
-586.309
785.464
-341.951
-1120.79
189.634
-576.627
-321.435
380.035
-327.709
-218.178
224.629
-1083.81
-776.183
-242.529
-145.372
-528.991
-337.59
-198.88
186.334
-635.325
215.082
-799.869
-388.821
-906.728
-57.0187
-587.125
-431.204
285.614
201.644
41.1266
-810.655
290.183
-1188.4
-446.27
394.739
-224.474
-334.203
385.899
278.636
700.197
-617.72
402.024
-166.546
999.679
-149.325
390.478
62.8668
-964.748
-614.94
69.6051
-469.89
1014.85
691.299
853.76
-594.299
-216.357
79.1783
-228.283
-58.0424
-584.11
-287.073
-390.526
-66.0861
30.9244
-5.15017
-900.748
77.2927
872.666
-545.381
-580.447
1163.2
-536.81
-264.346
1284.91
681.985
-470.945
-34.8671
-200.929
-238.812
-528.278
-223.494
29.0849
234.999
821.914
-576.67
996.751
-353.149
226.48
23.8751
-47.1174
241.051
533.446
-360.161
-19.374
-421.843
494.659
-542.901
720.14
-393.467
-553.408
-626.193
-826.218
207.844
-165.807
444.403
-278.782
-255.141
282.755
854.659
314.224
-294.56
821.874
444.446
463.699
-174.312
58.9368
380.222
240.528
580.682
-386.669
-372.633
278.225
-553.524
-101.02
-61.2543
-386.544
850.938
674.95
216.563
985.567
272.554
650.038
-302.505
69.9589
567.647
-231.942
-501.854
559.662
347.384
-29.2955
108.742
949.647
-671.27
95.4248
-737.116
-1007.22
-857.009
1.50215
334.365
-485.093
1.64605
328.377
554.392
1401.71
402.754
-1133.19
872.859
-487.882
-494.779
487.7
-133.842
800.078
621.879
834.416
14.5857
1039.49
-784.649
121.194
661.289
385.043
-157.856
-696.797
182.515
-206.578
-606.294
54.441
51.5432
-720.632
-698.32
-750.314
992.385
376.957
590.298
693.203
193.927
-122.844
-314.733
625.521
497.279
-125.037
-605.666
640.582
775.715
-252.126
-285.044
602.927
306.229
417.055
468.49
-642.724
228.024
426.151
396.054
34.5731
13.6495
272.522
-370.89
-229.207
-1316.41
619.235
478.547
-717.153
266.188
693.256
255.329
-527.686
-1003.74
46.4453
-307.452
317.715
-987.874
620.446
-940.51
100.486
-637.642
-262.676
-402.839
-30.4918
308.658
-1472.79
177.828
460.449
-155.61
794.281
-801.392
-564.43
640.13
157.7
-962.404
691.04
-919.174
120.902
-623.052
-235.53
705.491
-591.612
-1103.39
-1164.02
4.62645
502.308
508.985
826.057
205.204
-942.438
529.413
-588.708
-348.118
-288.12
249.468
22.0057
124.19
-97.2839
871.246
159.586
928.566
-0.619471
591.042
-299.302
554.138
-598.851
1159.05
-11.5396
419.029
-77.9168
-12.6195
273.792
-618.653
780.926
3.91786
160.966
643.103
-718.019
-80.227
522.703
-376.811
684.36
-271.18
-1066.26
594.902
1264.94
-126.248
445.802
-96.9669
-220.732
360.07
263.861
-764.71
-528.912
-791.904
29.0936
350.238
428.397
178.579
-944.593
191.267
-106.692
-1227.88
-780.082
191.147
4.38195
128.645
99.344
-370.106
336.965
-60.4339
497.845
5.61455
95.9435
387.061
1270.25
302.029
-151.35
41.5603
549.485
-394.452
395.733
-230.947
476.831
409.458
580.338
68.4873
-558.9
-518.388
498.711
333.585
-1093.83
249.027
-286.925
-190.646
-248.884
477.315
11.1761
324.197
-400.933
-175.07
-420.929
573.003
317.832
-699.762
-1083.2
-374.16
-22.6887
142.204
-947.24
421.373
-1187.8
48.0728
-735.15
-323.279
-543.311
-410.087
-780.066
-64.9098
370.468
419.369
-226.808
180.114
-346.122
-847.477
730.169
-467.697
785.223
-291.267
-994.283
-1476.66
-504.889
-929.12
-234.304
-370.02
18.9202
327.512
472.977
268.408
-246.686
-340.039
-914.023
179.718
863.098
406.577
732.829
-40.4905
-708.303
55.2475
-481.47
94.046
608.194
-2.33987
-587.323
-650.6
-1017.11
992.569
373.424
509.574
-1112.91
485.837
-392.715
-621.92
1026.99
128.722
-1056.1
-208.428
798.176
-432.59
-27.9488
-233.756
1103.04
250.66
1321.55
-209.628
-47.6336
-227.375
-369.141
-266.477
-514.865
-374.003
-801.842
1322.04
-70.5431
705.507
-710.941
-403.528
273.053
7.67336
-201.778
796.155
-411.471
67.636
169.914
-375.551
-276.902
-101.91
1012.76
-857.027
162.697
-705.031
398.837
677.313
522.701
31.937
1286.75
-97.5398
904.216
290.689
410.02
-725.308
17.7767
167.45
434.252
48.0712
138.428
932.434
93.3179
-957.211
232.206
-441.079
202.76
461.441
520.144
-1251.09
-325.468
-50.4914
151.007
130.037
-980.76
-203.825
-145.592
311.513
1162.33
623.255
-595.643
-98.3797
-652.815
1172.39
-1187.97
-151.422
-295.418
-1022.1
-20.5876
71.1877
-347.87
-974.94
-271.986
742.45
621.381
307.89
-499.793
211.056
-403.91
619.277
-374.295
658.377
-385.528
358.658
682.88
-1281.5
-470.169
-216.839
183.133
472.851
694.45
539
-167.559
-183.888
-616.679
906.305
189.208
-1179.75
-759.191
264.532
538.367
554.375
-788.22
486.747
-328.867
-1113.62
401.258
-265.44
680.713
-252.691
-24.0629
590.23
38.6756
-365.303
251.259
599.835
-310.425
660.919
-439.16
9.31096
-147.961
726.805
68.9983
618.185
-658.994
-306.124
-57.5085
-300.798
231.354
-746.21
-727.929
142.008
-750.846
85.6666
690.307
136.337
-218.58
155.872
-282.256
643.244
-11.2001
284.43
363.328
-775.006
-147.993
702.601
-651.665
40.4452
-1383.17
-297.972
-209.563
-503.966
-379.521
676.763
-663.616
-492.067
-88.5602
-587.863
-791.841
538.699
56.125
-664.103
160.725
-1105.45
1187.81
413.748
-296.923
22.9601
612.909
-104.201
-90.3239
-19.435
864.32
401.978
25.6152
-489.968
-581.35
-648.65
701.966
334.264
4.93539
501.512
430.932
497.829
337.841
-795.122
-439.772
829.848
-357.609
-726.772
-193.825
449.103
170.313
1019.74
-727.907
-210.026
13.0984
550.02
647.201
454.931
879.704
-143.97
629.89
-516.637
-545.406
191.875
-131.894
-83.0368
376.531
39.9254
542.376
156.14
425.805
304.402
246.788
-931.289
-229.681
256.927
211.29
-828.218
-163.477
190.405
-209.934
-520.87
-1066.74
745.211
13.8341
-328.451
319.94
339.409
326.004
636.569
-106.041
725.712
185.499
180.145
95.8495
-477.024
150.799
-1107.14
-273.261
-293.337
-241.163
531.391
307.346
71.9606
105.034
265.176
870.775
-193.463
775.911
306.421
628.414
8.57765
-173.825
158.012
393.874
-135.85
-499.698
-230.041
-104.52
453.611
-5.75358
-344.261
30.6111
-909.008
79.5766
451.577
-79.6124
235.876
-1383.37
628.836
295.398
214.174
794.842
-194.827
-531.883
-401.407
343.512
46.5998
-641.843
883.432
-671.467
1014.47
-832.09
-3.51437
734.037
-625.428
-462.217
-1197.04
-5.32229
209.079
-531.118
-162.143
-231.137
97.0613
-288.309
-212.775
534.097
-597.328
868.911
-834.267
-312.644
928.111
-304.416
-188.396
1159.73
-30.0866
-7.02521
-619.86
736.71
994.79
95.0249
76.9777
-102.039
991.427
147.801
-93.0502
-930.977
-825.323
-962.206
245.889
14.5572
58.4892
1414.75
-454.609
-633.535
-21.0273
-818.57
-1054.91
-265.551
309.949
-151.588
-1034.87
157.528
664.341
-960.96
1169.55
465.574
34.6718
923.564
725.615
-404.829
147.179
-545.81
-198.141
151.317
-79.1472
1075.28
486.917
-628.739
655.522
298.518
-272.223
223.298
-1109.69
652.842
647.245
897.573
716.984
192.121
147.13
-488.625
-235.207
942.001
168.149
554.351
1329.68
-562.383
447.62
-1421.08
507.63
263.739
-1108.83
1239.54
-828.101
677.315
95.0159
5.58907
-3.40362
311.395
-742.13
333.92
1115.46
251.98
290.314
-620.452
-1.25061
-355.308
-266.819
168.341
-241.393
259.848
285.682
283.332
-58.0218
24.1979
763.691
344.933
967.599
333.001
484.088
-240.839
-274.285
1123.86
76.0122
1176.05
-290.136
-222.166
-203.796
57.0209
-566.33
403.159
-121.66
-890.676
-1002.36
502.251
-65.9867
563.746
-446.352
82.1237
-235.087
-641.76
141.134
-516.821
-1154.99
452.962
-394.315
129.276
707.505
576.609
-104.613
-303.505
-512.132
-909.489
605.923
417.574
-19.4603
483.741
448.096
113.713
401.198
-669.42
-230.405
-180.552
778.471
15.7344
203.572
433.036
153.346
530.749
256.528
-347.598
-367.137
1035.07
-682.091
-344.783
356.195
131.009
303.957
353.512
346.799
-419.782
386.224
-291.086
256.364
-230.487
-298.787
560.885
96.7161
1144.95
-656.128
-278.327
-758.189
911.109
-1115.61
-165.618
484.38
-607.253
-750.289
537.123
345.36
247.601
151.483
-542.35
576.206
544.895
1524.83
-439.777
578.785
-195.689
214.571
753.363
937.252
-1122.63
-248.835
-70.3159
-460.659
456.904
-34.8178
154.899
-161.585
-610.187
65.9978
-628.217
469.463
-1065.66
363.08
107.478
-1282.45
331.565
-103.734
447.258
1236.7
-47.5596
-397.347
-774.795
-310.6
-263
-618.871
1047.13
-625.438
-780.999
750.472
-560.753
-596.915
-1072.97
-487.524
229.116
-115.254
-782.004
-853.268
44.8116
-84.7628
919.341
747.239
346.681
-326.993
192.697
-113.845
429.379
551.374
-38.1549
1124.37
-128.998
401.692
646.736
650.898
-552.116
406.257
-1085.46
22.7658
398.113
-43.3123
404.23
-325.076
-306.504
-176.507
-695.938
813.817
418.973
345.734
122.325
153.806
-70.2584
333.431
18.2829
-654.394
-429.657
810.59
-646.128
662.381
-366.587
22.5118
225.12
-329.572
-225.498
1071.71
191.763
-498.622
35.5929
-550.966
-698.771
338.743
-986.215
-685.899
-81.7974
-419.911
162.141
-135.005
69.4165
-17.0494
-79.3024
310.033
273.042
-212.595
789.804
816.867
-310.426
65.3302
-160.052
158.565
-559.257
271.162
105.118
-547.632
-505.333
-1423.07
-188.693
346.689
-86.8408
67.3316
426.072
-88.7137
320.841
-928.706
-522.199
193.952
426.048
19.5704
-584.065
-114.352
824.499
140.457
-929.405
224.042
-64.3607
116.795
-170.375
-140.756
-674.408
-106.897
961.256
-418.238
-240.432
135.505
19.17
-69.2955
530.963
-85.5459
-544.206
-149.494
-612.32
-779.346
-502.94
-583.839
536.152
-658.52
-316.685
-301.842
32.705
478.968
307.71
405.785
-92.8273
-237.208
756.613
-397.633
-282.332
7.85056
159.831
-565.76
482.079
-638.62
-485.149
-206.629
-1079.43
-53.9813
-208.997
-247.241
-142.774
-680.287
-67.439
-662.526
981.543
-207.714
-156.792
640.127
312.282
402.203
386.181
553.341
548.101
163.378
1061.32
-152.644
-111.124
-623.95
-1041.99
-48.4661
-37.0725
-486.619
583.566
-238.19
-1015.41
-898.73
517.632
257.918
-935.604
538.404
797.98
-740.277
98.5745
-541.472
-135.762
158.778
246.116
-331.078
-672.388
181.433
-81.7915
-169.62
326.327
285.623
595.55
289.903
230.676
53.356
-463.65
771.196
-574.613
-169.837
739.708
-497.255
161.339
731.114
503.211
-144.43
524.761
-87.284
921.651
209.397
751.946
-519.494
-335.328
-119.086
156.068
-301.188
-403.929
135.675
-413.765
343.346
300.781
350.549
-21.6329
-241.076
-59.5428
358.481
817.954
1097.43
-176.895
-1389.13
334.222
-1002.23
-27.4751
-456.22
-283.789
465.853
595.8
-467.098
354.341
686.225
-13.6184
967.32
-330.616
554.516
-284.138
518.449
-473.655
203.662
-807.392
-605.213
171.976
418.062
-804.781
-1108.86
34.7803
273.845
619.511
-228.519
-27.8507
-356.687
738.642
373.737
-100.315
-1559.94
-824.374
337.91
985.096
-178.427
347.258
1302.34
-260.572
-1082.97
-347.065
-1133.88
54.8622
-855.687
377.582
-1113.64
339.992
798.597
660.088
-614.221
-243.32
495.363
413.903
-54.0157
-102.031
1167.93
1014.85
296.911
375.092
1100.31
-579.644
-1619.33
-546.962
-527.735
230.86
121.096
165.896
600.829
-610.825
-306.292
92.4291
208.609
80.4218
-531.45
850.929
855.563
537.953
-532.059
600.536
105.195
20.5481
-68.3273
845.427
445.201
1211.18
-458.419
-259.526
-414.568
604.974
-619.794
-343.606
-655.284
-321.181
462.558
-302.629
-117.297
-496.172
163.327
-197.997
845
-532.696
315.898
478.475
-43.5012
-614.862
802.347
-1195.47
-231.26
195.327
-73.3762
-437.532
-699.223
-695.134
728.718
390.883
-6.44373
-10.183
-389.401
142.524
-950.339
169.406
-170.497
-232.397
-77.9512
379.591
771.626
-698.654
581.437
-996.375
318.726
251.33
361.787
486.001
-1076.12
351.369
32.0664
-997.587
533.514
540.549
973.871
801.522
21.3582
-144.647
-394.611
-98.7969
-50.2759
861.818
-739.425
-882.53
140.658
63.257
67.0326
505.712
257.088
1115.6
-484.575
-815.326
-119.848
-842.428
30.8783
-802.021
-162.44
677.29
494.122
-363.496
70.4502
508.861
867.926
-500.697
-676.596
-818.828
-1315.77
50.3693
-691.287
-556.126
-788.515
81.7677
-309.131
-282.221
648.842
99.1564
155.829
-264.49
556.565
563.575
-1023.39
-661.597
941.642
173.445
-674.675
-204.649
-81.4187
-250.403
-924.238
-237.971
-154.689
-454.797
-486.662
164.483
184.674
-386.845
-560.36
555.958
-223.874
137.005
-1246.32
27.0189
-661.13
-391.695
-138.353
1300.92
-765.414
737.463
-1062.4
-235.236
282.109
27.8542
-1021.62
-238.48
-652.188
-264.507
138.563
395.185
149.903
-226.623
-927.194
-223.644
428.729
-71.4667
-264.546
224.327
1177.19
360.096
495.389
-165.195
788.949
213.101
8.72766
-367.728
286.972
74.1791
434.185
-557.19
124.132
674.305
504.971
-636.237
57.1087
196.538
-10.6722
226.358
-195.674
215.327
-181.364
-361.378
-0.613493
-679.637
483.33
20.7681
331.585
259.095
771.036
346.665
-920.728
174.163
-80.9063
-426.368
133.206
1145.4
-400.49
-226.536
-28.8521
331.414
-181.781
-1202.07
36.027
-520.975
-103.874
465.843
-1020.75
-1317.76
-495.878
350.311
-997.784
219.506
-392.057
-557.147
-178.067
-401.648
359.093
1086.17
380.649
582.713
125.19
1082.53
824.902
596.739
-293.142
-64.8865
963.072
477.572
767.316
-80.4952
-71.7508
57.6883
-1120.54
609.263
837.486
-199.936
9.74466
897.636
-240.288
-438.313
-86.1216
-357.945
1034.66
264.436
223.572
1401.07
401.136
-385.91
-97.9642
-1258.28
90.1147
-835.129
-489.025
1169.18
-575.394
-288.344
478.587
414.036
-926.791
604.63
842.437
386.524
726.44
472.9
-891.975
191.511
442.915
177.197
-384.437
-537.153
-368.842
671.974
-780.565
-716.94
-264.1
-119.319
-318.206
390.195
-377.536
-1427.98
300.787
602.539
711.519
547.73
1090
-374.458
-565.591
-209.797
293.207
318.406
76.299
340.892
701.601
-286.418
-1248.38
-920.617
578.647
-466.433
152.167
-331.33
287.771
334.395
-505.306
502.12
-603.083
-813.813
-109.427
-1448.03
26.2955
-23.2923
508.294
421.169
-335.057
27.4126
-446.413
320.064
418.959
-430.246
-146.565
-289.52
302.234
935.937
-273.794
-160.925
532.253
-675.782
-929.452
149.553
-67.8474
-1122.21
-143.46
1154.21
-1240.19
528.747
568.937
-1272.11
-503.375
-653.307
-185.125
-628.759
18.7541
1208.53
203.833
1058.4
-299.25
-4.74343
-1218.77
15.6554
92.5105
-259.339
116.898
-462.121
1085.89
388.613
-215
-134.956
309.376
832.788
-63.8304
-236.082
-352.059
157.91
1056.26
108.044
302.537
-520.24
613.044
-740.504
-922.014
-223.496
1087.07
-204.968
60.7171
839.627
-26.5195
-25.5364
-551.465
311.652
-667.849
-68.1334
401.714
-646.029
-398.476
164.205
-144.867
169.204
-363.972
58.5176
-902.373
-621.094
554.308
1008.28
-563.455
-486.354
254.943
141.065
899.241
473.869
-470.29
-88.1165
-1208.48
395.57
-164.723
-937.619
673.978
-567.892
-976.958
-653.029
944.242
-66.8444
-573.631
-311.701
321.328
986.25
740.008
732.808
-1122.74
-612.48
923.858
419.846
1243.06
1059.6
-443.366
-1.42634
-150.59
720.874
449.521
-421.048
-27.842
711.638
-406.173
614.038
195.199
799.401
-250.664
-1037.94
158.762
-35.8613
1101.47
716.392
215.551
-556.374
-498.641
-868.758
-705.678
198.214
814.765
-896.844
665.696
-270.901
256.702
-811.007
1222.74
191.464
-360.369
-396.949
457.304
997.706
-768.593
-389.87
1040.27
-430.009
474.159
-94.4136
650.511
201.257
-467.956
514.672
757.28
263.577
-592.975
-866.247
-981.488
524.091
162.933
-424.163
-252.674
-334.342
-736.291
-79.7682
-633.884
-543.803
-881.165
36.0833
-597.786
-389.12
-364.486
-593.806
250.23
225.236
340.121
-854.832
-563.935
906.238
535.806
398.708
353.524
919.621
-712.087
474.565
-826.429
-155.164
367.476
-336.4
657.577
-156.085
-1106.8
-225.623
785.156
-610.261
518.732
-1132.52
-238.182
368.764
368.091
5.56239
-137.887
346.951
-852.768
-164.236
-11.1591
12.4687
-183.515
598.726
334.371
859.027
674.685
236.242
247.482
-236.099
415.467
-740.998
-1067.78
-180.087
-971.984
-1016.6
-236.617
-755.613
-473.28
204.076
-598.509
416.723
313.87
-92.0732
-91.859
208.919
94.205
346.287
384.092
149.174
7.45946
-234.936
807.937
-760.696
21.9968
268.992
-784.748
-872.393
-603.711
674.189
-851.738
215.642
-726.877
-667.786
1208.3
398.025
710.62
313.066
-529.933
19.7433
200.25
-125.347
435.817
707.251
-1298.86
629.73
-84.1128
-1199.52
271.006
-241.891
418.288
191.788
477.202
987.059
11.581
547.719
1022.95
59.7984
567.482
421.677
173.601
-234.895
225.52
710.529
-707.409
-356.021
1098.46
-239.184
998.271
872.192
-560.403
-585.466
-344.905
-217.794
-304.164
-802.679
-779.468
75.0952
568.459
144.16
165.098
-230.313
1019.02
162.092
-507.321
-788.51
224.545
152.68
155.543
-1005.66
-872.429
1212.07
-344.966
397.257
-84.9097
-53.7091
504.087
-568.727
-635.332
-177.209
-264.552
-169.148
-152.249
-91.1391
360.271
238.84
-317.289
698.568
108.763
510.988
269.612
-1073.3
629.986
474.127
-609.116
165.529
459.149
-275.164
-357.331
524.668
105.797
-148.119
376.427
-352.156
407.531
152.763
90.6774
323.257
48.2183
143.314
-717.527
-135.727
976.08
320.862
-65.0387
-741.157
530.832
264.777
575.983
-153.072
-468.698
-1415.8
-201.061
37.0342
-430.812
145.812
435.884
1035.06
-873.773
494.388
260.943
-529.089
-160.098
-727.337
-362.246
-238.936
350.49
106.589
201.642
692.685
333.523
-15.0464
522.49
30.6314
552.642
-860.06
91.2828
501.641
-214.68
120.8
-376.376
101.63
-58.3091
-86.0999
552.683
551.287
917.803
334.831
-492.928
799.137
-1046.27
-600.199
297.197
684.942
148.778
-65.2628
973.231
-1230.46
214.9
921.56
-551.446
-1258.41
-137.595
248.933
-90.1851
413.507
1014.2
58.3328
-901.391
-615.082
1060.39
662.168
-561.04
-212.653
-182.539
777.599
304.93
-730.978
-239.121
262.151
339.067
965.386
-496.308
445.435
-165.579
53.0181
-347.544
422.089
932.287
135.917
379.364
-346.419
-485.524
-814.888
503.037
-122.832
409.26
-209.234
-474.34
-878.184
63.6448
-1270.6
400.86
181.58
-328.117
-482.804
555.979
-442.806
12.4074
-392.767
-37.434
393.673
-819.4
-228.064
-570.446
-959.758
-40.6054
-803.281
203.6
-68.1904
-420.284
692.853
827.274
-122.734
239.734
451.08
-651.13
400.741
697.322
-767.848
1169.18
1021.57
-284.667
348.753
764.896
661.543
-949.087
884.332
307.337
-138.916
-313.511
394.338
314.722
240.091
-65.7876
-606.008
-444.947
-16.9541
607.781
144.491
-401.371
-1035.04
99.1066
-196.371
793.924
-642.644
149.226
122.903
71.6099
134.806
1151.17
-160.234
-922.38
-609.007
-311.03
-1406.91
466.656
-527.029
429.134
-106.029
361.834
1387.2
-424.486
-170.612
-504.73
-334.921
-178.886
183.036
364.325
186.428
-112.379
203.673
-487.029
427.55
1180.75
-505.338
2.86087
-115.123
-352.979
-605.988
-876.254
987.813
-512.993
-85.5218
676.256
855.673
511.122
-459.835
966.435
242.045
484.688
-681.21
461.592
173.327
-396.489
-513.581
-2.81577
-275.324
797.616
-17.2
488.149
90.4803
180.8
1326.51
83.3394
65.7063
853.436
416.754
896.858
-923.411
-79.7435
-565.603
419.913
314.158
-153.457
82.6632
302.936
-0.0907953
-160.792
1063.96
-132.776
-758.507
475.925
-36.4683
-45.0222
25.0292
-400.844
509.771
450.135
-475.563
-1039.61
230.594
689.744
253.923
329.455
-78.1436
1352.4
-77.9166
-375.249
569.034
-768.448
1202.61
469.555
-125.412
-673.119
461.799
260.052
562.124
-1333.9
-545.934
790.578
104.221
-5.02967
792.278
1094.54
-111.049
-582.989
699.842
-631.652
-732.809
-224.211
364.431
508.098
-438.067
82.8715
-258.369
270.334
-1017.86
87.6506
350.609
-125.117
-520.529
635.779
832.407
862.423
1252.36
-241.081
383.746
-312.715
-791.273
576.598
-800.676
561.171
-11.9417
139.797
-873.325
289.881
658.846
879.514
-266.217
-604.862
-866.657
-635.017
1074.17
-866.669
-1040.64
-813.693
48.3428
-602.571
143.218
-855.2
-520.416
-377.461
-306.569
152.656
129.792
-229.482
-441.215
668.398
98.4265
-730.196
864.116
-81.7535
-430.506
97.6162
-1093.96
91.0555
622.256
-381.992
531.472
-377.664
121.017
379.322
568.342
1422.3
-300.117
-276.315
-511.962
982.48
135.607
-1235.76
-565.512
-49.6061
-396.356
359.229
-881.422
-49.4829
92.6214
-368.907
8.85992
234.114
-609.831
582.42
565.446
-23.5705
311.6
-403.971
464.996
-662.774
609.215
-477.721
-528.533
-500.605
-178.727
-18.7155
381.384
-784.69
473.693
-759.868
-301.7
439.463
948.825
-411.076
-624.725
-714.271
-595.878
-972.83
-0.337987
-963.759
-469.675
773.885
561.133
995.119
-1570.38
-25.8294
-384.049
-509.622
406.47
-20.2617
149.64
854.039
-123.544
398.361
-1029.53
-145.233
-505.95
300.389
207.665
498.69
-839.072
-267.84
23.5453
472.265
-706.885
-5.48408
467.501
-326.194
261.656
95.6813
688.916
475.106
299.127
24.0268
213.43
-623.158
887.635
-279.468
714.692
-368.658
-642.857
-732.327
641.034
-114.132
-872.535
-5.34134
-1184.68
1099.82
501.65
525.794
-346.782
187.845
-736.727
219.899
-463.62
192.119
17.4851
6.83883
515.946
65.0453
1196.56
-44.3273
-41.7276
724.422
163.473
-576.432
-676.598
-1007.81
-44.9804
-530.743
-1018.39
255.076
38.6837
-171.33
316.578
727.423
398.341
-504.849
1076.6
-659.502
-742.336
214.461
192.846
328.759
-26.8925
313.035
-264.984
-414.732
-610.404
-857.659
-536.906
996.631
-1056.25
-268.453
195.111
-1070.23
421.116
79.6198
103.962
114.744
-668.947
-394.852
-470.041
136.095
798.074
50.9035
-663.002
223.881
1153.18
298.83
478.456
-615.698
-175.74
299.576
-685.606
62.8727
-237.5
78.2187
413.742
-608.369
-148.119
-1158.49
379.313
-408.947
512.473
1187.98
-23.9249
-409.798
-358.939
957.898
-825.841
-619.015
245.848
-623.848
-835.806
764.176
1227.59
638.223
-807.305
-697.589
262.45
-578.75
-206.985
133.066
-25.9738
334.356
-831.199
141.513
-865.87
67.249
205.88
309.477
-566.357
77.3405
1176.89
-781.672
-477.862
878.945
-345.39
410.199
913.527
94.0509
-96.2356
321.06
527.022
-68.251
146.184
-686.498
-200.275
-555.098
272.585
587.249
-140.345
-820.098
860.968
-536.474
651.219
371.822
297.682
-1441.36
556.559
971.41
-318.267
721.03
-174.025
-845.625
-708.049
-256.483
511.214
159.013
-182.804
767.146
484.71
1021.79
177.135
144.342
212.633
-331.296
1148.22
1292.09
58.2138
-116.909
79.212
700.009
-159.288
257.729
-53.2911
-397.83
394.579
765.398
407.866
-717.767
321.999
1096.45
-345.47
818.432
-313.643
645.337
-645.397
31.6791
-264.428
437.066
-54.6169
-310.886
-142.689
-75.4216
200.181
-907.645
-651.58
-342.77
-330.649
-1124.94
327.544
-387.14
35.5624
497.111
-557.353
625.489
-834.845
38.3568
-660.571
-171.893
-20.112
-498.926
211.336
-17.5633
-209.945
56.8242
-989.549
-188.057
324.579
-38.4315
57.935
105.979
517.529
-197.972
643.304
-608.182
127.953
617.062
-99.1289
-420.489
392.449
-127.681
265.328
793.005
-37.9052
585.079
333.011
738.37
531.523
-298.533
-298.011
-451.41
12.4251
-418.33
-593.796
14.2588
37.2942
-576.184
-268.122
-327.796
-730.209
903.773
453.164
669.142
297.362
-526.1
931.32
-375.674
-1270.84
-335.63
-91.8636
28.512
-478.827
630.139
-244.812
-665.456
990.737
-1620.64
867.007
-1094.48
-52.1603
-420.583
-389.992
-244.188
-444.14
233.653
184.067
-663.123
-154.32
-433.349
-1160.45
224.606
-39.0932
516.607
-228.379
292.477
154.536
-744.138
-58.134
-207.478
-443.364
-707.917
-635.134
-101.461
181.708
-453.798
-275.778
-285.725
292.783
-367.525
113.386
1008.35
-222.236
467.642
276.703
-209.445
405.867
741.677
-861.772
-252.836
-966.687
721.817
797.949
-53.4681
43.8947
756.62
494.302
407.615
994.576
462.585
185.149
160.736
425.975
-94.3253
342.268
388.923
-1414.61
-38.7438
703.664
206.249
366.916
508.486
115.118
-212.154
87.6784
-1120.22
641.185
-44.0192
-509.286
30.5693
-755.328
-1075.72
-378.891
212.981
549.099
-58.5126
-799.039
155.351
-669.41
492.592
66.0042
116.262
-519.86
-664.406
441.743
-558.327
18.1587
-965.302
715.404
1413.92
303.119
373.715
-745.807
-481.752
-412.431
1294.48
-417.804
-198.923
81.5687
228.05
-1059.99
802.171
-808.005
573.094
702.199
-476.497
223.032
-18.836
-21.6743
-199.952
-107.07
218.377
30.5903
65.5463
1.69027
-260.032
155.898
-707.708
-689.48
-933.353
112.996
-311.841
429.332
-98.7975
101.198
-526.414
326.976
-102.992
89.2783
-562.66
-287.575
460.598
-316.726
536.317
128.626
87.5949
-294.671
177.87
516.19
-348.894
55.6283
-399.656
-1256.28
-1027.38
401.827
-138.416
123.131
665.504
664.338
695.479
-95.9107
-567.796
-290.998
-939.13
-639.961
944.287
50.4979
550.389
867.743
1117.19
254.373
1072.15
109.514
-59.6737
548.896
-29.5827
189.815
-953.105
432.549
-958.062
706.438
257.049
382.569
756.177
-850.355
-55.2776
-52.1263
-662.29
-1030.95
-964.355
-55.9496
394.39
-193.167
-409.355
491.341
636.348
641.796
447.317
-67.5513
-863.148
427.717
-468.497
-234.243
-531.572
93.3259
-276.934
-260.781
583.171
-570.944
173.522
344.1
84.8834
-175.172
-286.826
231.453
-440.208
1448.01
-23.8777
-470.553
-295.148
-349.647
364.981
-111.47
192.204
-393.1
903.768
441.5
-339.804
-781.038
3.00208
-1056.18
490.995
-269.399
949.382
491.558
274.532
775.493
-74.6665
-345.228
330.696
-330.373
8.78252
488.925
79.8652
-876.722
-942.001
-13.0972
510.205
348.982
337.235
667.901
-149.14
194.302
-360.108
713.972
303.971
-224.399
846.62
-796.634
130.358
569.738
-968.543
778.799
-186.934
981.297
-444.689
-300.395
-1281.63
-227.309
-302.047
-918.818
-115.164
-972.285
1070.37
-810.278
59.4095
551.943
-726.809
-33.9945
-147.414
-451.403
814.706
-475.475
-829.211
-418.75
-325.261
100.574
-490.822
-1152.84
-349.576
135.358
-936.24
297.203
-76.6572
337.611
-389.128
-1103.98
-910.729
-150.894
-768.396
-273.726
11.7051
-332.007
318.252
630.681
-218.329
363.122
-195.519
471.548
993.128
-137.919
-123.564
-322.262
113.31
983.015
102.083
-822.018
670.015
-642.302
777.634
47.9819
277.961
48.4743
579.796
484.92
-37.3326
-182.881
-203.025
264.054
-622.775
663.737
93.9615
902.355
-1018.54
155.078
791.599
-386.453
620.694
-402.785
-313.537
838.644
-624.373
180.471
462.755
90.1258
-318.231
-355.137
-946.439
-305.501
-182.532
231.133
-261.57
-836.87
676.97
-59.9927
237.784
426.552
23.7834
-244.534
-482.666
28.3521
-1122.35
-187.181
-383.352
-798.627
671.253
1190.52
312.72
-636.445
-640.858
-364.437
406.824
-1165.88
624
-661.057
-434.226
164.029
-132.458
719.142
361.538
-214.466
-503.451
643.106
-138.71
1401.88
404.05
-284.928
8.07173
389.573
-176.254
-13.1228
563.803
-63.2812
-503.872
-266.567
127.166
20.2389
339.926
326.406
-251.483
-38.4087
-50.2217
-1030.8
-273.398
9.67721
-796.226
19.181
42.7928
211.533
406.454
-348.66
-186.858
680.592
1009.28
-369.229
604.871
-598.782
-396.765
-823.28
-25.3839
371.648
264.984
958.919
-428.783
35.702
754.667
249.197
-19.9365
63.0786
-964.62
-442.967
341.352
389.651
-0.0707544
-39.0435
-340.99
475.159
669.824
-267.403
-265.338
27.4501
-503.723
-271.117
-415.176
-444.806
-791.634
138.732
-44.6021
-396.999
1408.84
-173.537
252.132
353.1
786.226
438.849
246.02
509.31
-73.2455
120.021
-52.7258
-465.097
-438.145
1252.94
-241.388
23.8071
-729.814
583.026
1276.44
321.664
-269.541
896.589
-270.314
-835.115
-773.735
-1044.84
316.191
-127.947
988.14
-223.365
1107.55
580.722
-242.513
-914.705
536.376
862.433
-647.719
-675.159
602.683
-290.058
247.365
622.425
285.866
806.001
-693.356
385.442
-406.004
-641.57
282.31
613.294
175.955
887.635
1142.12
1040.98
636.118
146.614
88.3508
-1304.55
-23.788
763.726
3.28037
279.652
-94.154
167.923
-841.538
-186.261
324.205
-394.726
-352.596
-16.8663
295.936
512.227
1251.47
40.1674
143.127
-378.188
447.906
-6.03579
718.925
247.089
-1139.28
34.3399
-504.985
70.666
-354.222
162.888
-53.6571
375.886
-543.304
722.399
13.9078
-758.1
-336.706
-216.646
-279.088
5.2863
-332.83
-749.288
-218.509
181.138
-51.6581
-1049.97
-51.5681
-774.698
14.6334
878.334
329.596
207.849
123.427
194.169
-16.3163
-216.831
-531.918
-93.2953
-146.346
1144.11
-29.3565
170.857
-963.257
-303.325
-496.957
635.658
-636.972
870.226
-1338.9
-1131.9
-17.3545
186.572
-300.649
232.273
895.715
237.014
68.5339
-809.792
-645.386
322.36
-630.318
698.264
300.525
-1057.15
-164.926
655.191
-1217.22
-355.322
13.1341
456.783
-321.228
218.209
661.073
-121.963
-795.49
347.146
345.821
248.677
-220.839
-407.47
457.493
-415.533
-173.862
-50.4066
-1013.22
560.404
131.103
290.846
940.688
-586.012
-278.833
118.466
873.835
-564.822
-42.2619
904.705
-323.585
202.465
-258.486
-450.511
561.479
-329.415
-1127.36
-1345.74
-656.687
478.628
-1131.48
242.336
226.974
-601.226
-173.777
580.502
-317.628
1019.11
14.7799
676.143
634.205
584.188
-146.871
-606.719
423.436
-816.783
-612.837
-428.833
207.332
744.318
645.074
-216.256
-688.242
588.921
-366.593
-710.172
178.857
523.621
-145.965
-298.907
79.4004
-1241.05
465.773
-71.9003
-1138.56
1179.38
730.543
-104.956
-575.313
-708.655
-1020.28
256.139
293.008
-963.662
33.0715
397.381
565.296
463.857
255.036
351.22
-40.9595
79.5268
-295.516
823.16
671.399
626.724
702.933
-7.55334
-465.082
-8.91982
921.705
-65.9182
-68.9619
7.85205
304.87
1004.44
76.3942
-197.223
84.2329
1149.35
149.209
-822.161
654.838
445.426
-659.005
-600.269
-697.105
-452.74
-1012.27
-674.494
-1061.71
869.255
197.267
-816.724
-74.6971
-336.283
-98.5054
-672.116
-642.548
312.717
294.536
-536.691
-37.0287
328.891
-477.634
429.56
-153.349
433.311
-178.376
-497.713
409.662
962.149
356.671
-1273.12
293.365
743.243
-288.293
-492.556
310.616
-250.483
-666.568
232.63
-83.2065
-13.3287
-370.836
-166.917
334.919
-75.6141
520.617
-22.491
-355.248
661.175
244.09
-833.948
-228.833
387.463
-316.211
-720.389
-141.921
314.075
242.895
254.452
-890.241
-263.532
466.041
-563.664
-748.228
-28.7822
781.856
-87.335
601.592
270.644
-44.5705
438.609
928.784
330.982
504.594
665.463
-60.6624
-1022.01
-962.909
273.844
566.622
255.86
293.089
478.354
-413.468
529.127
854.679
-220.337
1090
186.6
-25.3232
525.586
-132.158
334.307
374.606
-455.584
191.281
-751.327
83.4928
-64.6264
626.227
354.616
260.092
347.1
1166.22
-100.859
579.149
13.2191
-678.2
282.197
-1133.37
417.92
549.509
882.749
-599.252
-98.7013
75.9301
-196.289
289.194
-534.866
-342.973
174.419
-842.826
-959.211
-476.507
-472.653
-1393.02
-310.693
152.694
58.1639
1264.09
-1325.64
-362.495
-244.588
282.01
-584.254
158.647
155.68
-570.7
-416.523
147.328
-491.623
430.337
671.451
-767.668
-586.903
851.331
-323.3
-340.187
211.893
185.486
491.351
683.748
-225.268
642.894
682.594
832.057
852.709
20.4725
-281.496
-349.723
-116.225
-915.524
1358.97
132.526
-723.347
277.044
503.914
1329.58
164.312
-243.751
-126.754
-8.99505
797.503
-606.077
-166.192
56.9845
-22.3027
516.633
-741.621
1496.56
47.5318
159.632
654.977
-633.37
1016.18
-518.421
-1057.81
-402.347
-197.038
490.118
-33.6865
-830.831
265.838
-528.802
-467.667
349.519
-219.049
545.666
1350.75
173.409
784.961
204.182
218.919
-119.447
268.235
-238.79
-161.524
434.663
403.553
-63.5486
1160.65
662.989
-687.526
251.885
-748.902
370.394
572.066
-175.589
226.604
-1070.39
-173.734
17.4958
-457.567
1195.72
516.142
-568.288
1214.35
0.123659
144.167
66.2789
-747.44
-1033.88
-428.131
298.983
115.853
-438.964
458.904
-726.037
556.012
-634.402
261.509
319.458
154.413
-56.6454
-83.2987
267.888
357.191
236.795
24.4466
1034.34
162.536
-442.329
620.508
-665.29
-931.822
-713.835
291.168
-95.9899
124.156
-858.982
-54.749
1176.61
-88.1723
-565.571
-1109.67
697.846
-237.072
344.829
74.0301
-919.888
263.432
-77.3649
666.821
299.044
916.84
-350.77
-835.743
599.206
-854.268
-390.992
-697.792
-119.051
339.564
507.415
-719.551
775.661
632.246
363.282
-755.376
90.9365
467.641
440.491
335.96
-104.901
-223.79
-755.899
1220.89
-187.751
41.0899
53.5877
584.345
-554.568
1218.18
475.116
-337.399
-309.484
-285.781
291.062
402.553
57.4936
-26.3199
-399.432
-590.833
325.405
295.186
443.855
1024.84
412.559
-573.722
882.873
557.644
117.653
152.729
117.856
275.691
233.471
26.8994
-1038.59
-451.791
155.356
-430.317
-592.224
-538.233
-448.561
51.0162
-352.764
543.949
-344.707
-167.505
-476.237
-59.663
-376.326
433.824
-81.0086
54.9265
-918.04
89.1956
371.46
501.665
-848.146
-59.5301
369.806
94.4625
-28.4595
-632.002
267.569
-757.758
262.399
2.94105
37.3449
18.5512
-1002.7
-321.82
-393.123
-1066.37
-350.214
-795.648
-725.268
-646.618
-482.683
-233.972
73.8687
-15.2265
92.6868
-837.404
257.6
1133.04
596.518
490.705
759.093
5.7604
221.314
-294.757
-357.741
195.284
338.336
-232.642
103.704
-269.357
605.497
-262.36
-294.068
186.722
238.51
26.3302
1005.95
-236.685
570.074
-737.759
725.419
-129.389
-488.446
-412.859
-221.462
474.612
-221.691
-470.413
966.271
-489.896
-227.114
82.4707
349.078
11.7535
532.002
-38.2237
45.8998
699.431
-83.3205
1049.85
479.843
744.416
-339.154
-469.439
274.044
-15.0912
-447.716
856.896
-122.601
972.635
309.047
-758.588
87.317
-12.3411
830.586
1052.02
-288.158
154.254
419.782
1299.14
-756.803
323.622
-599.126
649.515
-844.581
-239.741
-884.474
-251.845
-79.1943
392.061
-661.206
-162.435
312.791
-97.8476
-161.68
540.409
-820.032
848.043
-183.36
288.496
65.6576
1035.12
-773.574
-675.885
422.594
422.976
-520.942
456.583
-1062.24
415.442
542.62
48.9343
524.618
-564.139
68.2575
-825.912
522.691
176.3
-426.373
-657.318
543.165
663.167
-264.564
-162.048
151.774
520.755
590.384
-412.649
-930.192
-171.224
-176.793
65.7513
-357.201
-247.706
-512.81
-467.527
-600.867
429.777
-96.644
-195.387
-920.776
39.1822
141.118
-237.499
-729.528
-296.529
548.912
-77.2273
-278.088
310.107
-369.405
-298.178
632.695
284.55
-128.852
299.11
206.598
-1000.87
438.941
170.265
646.603
-15.1036
-1220.97
-46.5882
-2.71107
-186.435
186.353
-646.699
652.873
-69.469
925.172
-916.213
-451.536
-538.279
991.927
-260.298
355.455
-1288.98
-1065.65
184.749
-354.307
137.358
-577.767
876.19
-173.023
-642.844
532.681
-524.136
111.338
365.258
-208.265
-0.318117
296.161
70.7991
506.99
327.254
254.113
-507.899
-37.9895
-340.839
-563.964
66.4099
-635.602
-666.495
-573.96
-305.592
-28.3718
-1128.66
788.816
-333.502
-720.631
3.50921
-383.949
520.034
-876.693
-328.766
-146.245
646.101
-1196.89
439.373
612.514
-618.729
-1048.98
-741.922
469.271
-95.2976
961.458
69.2682
-549.589
-115.577
410.416
-184.589
-281.237
692.215
-304.019
-455.792
584.983
360.308
300.139
-844.927
476.695
901.867
-27.3352
663.852
1472.05
278.33
-512.007
110.327
1242.03
526.229
697.412
780.462
258.461
-35.9948
366.827
-550.203
637.386
-143.378
-539.106
-159.602
-547.778
-311.885
-847.383
-917.137
-217.415
237.261
178.784
-421.604
619.09
933.885
322.215
184.633
169.6
-385.759
-179.85
-871.106
135.285
-245.844
534.051
633.282
342.698
379.469
607.492
-444.541
-416.396
288.737
-247.813
-415.709
326.285
207.988
-714.246
102.175
214.736
-652.698
615.566
708.256
369.528
-260.688
-336.689
-315.308
-16.6151
-909.434
-112.519
1.24202
112.119
1178.86
1467.6
491.786
605.969
-505.768
769.205
-811.296
-517.253
-269.958
-1408.06
19.9867
-7.8699
37.637
87.9257
796.655
-841.524
-568.307
-359.621
226.71
104.287
26.1681
-454.235
331.46
796.579
-167.847
-890.988
930.457
51.965
44.6532
-364.71
-1098.13
-177.85
797.679
298.463
-148.253
989.854
-1055.19
138.827
-395.447
391.832
-673.299
579.756
493.203
657.321
-1037.58
18.3386
-259.47
43.378
-425.654
-556.423
-1255.32
276.075
-984.469
137.421
-4.84155
-622.408
-1025.78
-918.302
-50.3392
-433.756
-192.374
55.8222
277.721
-39.7059
-320.563
-100.99
-402.035
-96.6057
59.717
187.607
7.69889
-1.49902
76.4253
869.624
425.377
-250.701
77.8163
257.068
-726.899
-280.415
-733.759
1177.81
-224.238
-1052.26
-425.01
-1077.51
643.292
-962.683
-354.445
-545.022
-1062.44
-286.31
-742.643
111.534
293.58
440.402
-846.457
-587.646
-635.838
805.958
176.464
1087.7
-728.648
-574.408
539.572
243.693
-554.699
-1203.45
843.018
-11.7933
118.864
-715.232
306.396
-471.487
689.801
330.893
-252.386
103.052
-118.774
249.823
151.422
-678.69
78.1819
-440.566
692.853
633.512
531.878
-47.6538
773.892
430.421
-187.673
146.048
558.538
-82.7624
-1574.7
256.069
-275.968
623.509
99.2602
-141.386
-1291.72
1279.67
48.8701
-141.82
-363.888
-865.7
468.671
899.764
743.779
1198.27
-182.447
-282.132
-752.12
-699.199
-262.022
1259.9
-82.0852
-548.394
1392
-363.53
346.068
-93.7172
571.164
-938.222
5.67846
-28.4522
-494.528
-75.9131
-348.771
230.884
-907.416
196.002
-477.307
-1120.3
797.038
-489.252
405.982
-362.396
-637.985
-323.244
281.98
-623.292
939.717
994.685
1.90502
94.8825
456.547
-376.608
-450.038
309.167
-80.1747
-967.469
723.273
-672.176
-633.921
-1335.4
-781.774
151.737
195.533
517.286
218.568
101.421
-292.675
222.319
218.678
916.751
72.5655
-212.06
425.315
-803.157
-185.649
1.93907
-135.712
-139.235
-34.5977
-467.874
485.364
431.907
431.259
-873.008
-688.46
-1043.77
-8.14532
528.804
-392.383
559.034
-396.962
-241.252
-139.671
894.211
-250.436
547.985
307.53
1314.14
-62.0042
-91.5364
854.073
-464.921
458.019
321.39
42.633
499.97
194.416
398.312
-1164.42
999.486
-231.391
-225.952
373.228
71.048
288.619
-650.888
1073.3
404.865
727.224
256.2
828.696
569.736
1366.64
-797.636
-22.8147
-106.382
-342.297
-834.85
-31.6177
-448.814
-388.977
-317.089
-4.03972
-210.935
180.108
-304.748
-116.754
-199.518
159.416
-136.911
-195.975
-326.008
106.207
426.669
-51.3261
3.67725
354.315
193.258
-655.296
-265.779
-147.104
-329.162
-743.839
-44.9932
873.967
-10.3739
463.283
-523.843
347.086
25.1462
-569.693
376.694
1088.2
-369.958
-1287.86
670.924
211.784
-174.546
-886.635
112.75
-1163.99
-572.068
384.919
215.63
-772.412
315.328
175.929
-280.505
301.656
-107.753
-980.182
65.7265
349.722
294.511
119.291
-222.61
