1161.13
17.2875
-920.535
-86.7288
-669.905
357.371
284.928
535.127
-617.211
-969.267
88.6776
-123.204
-126.463
-679.409
-3.27554
-89.7698
123.955
171.394
-178.705
-806.026
-162.578
-734.581
487.919
88.5459
435.132
344.805
-876.62
-1078.66
-469.174
-310.638
-663.617
-957.264
477.841
306.878
153.494
-478.783
-553.34
-403.93
15.9789
-536.186
70.8387
-121.581
1142.34
-4.48783
-572.173
-967.041
308.469
388.919
-81.2394
920.911
-401.403
1017.67
475.936
195.069
-662.995
357.006
-1099.77
-809.359
-1266.32
-1344.6
19.3924
-413.623
-110.555
244.985
666.1
1073.83
445.645
665.19
521.249
333.92
-312.005
-84.3458
-995.104
164.059
-570.747
651.2
-181.117
-375.486
1267.98
319.814
52.4501
-111.873
-604.82
1042.65
-220.765
203.855
346.241
-560.647
-852.923
641.607
624.714
761.801
-326.265
372.163
-589.306
99.99
263.779
-119.843
-692.585
289.718
-124.991
-355.084
-692.071
606.288
151.396
373.393
-3.53507
165.497
600.194
460.037
-435.204
-0.558147
88.3049
782.376
198.767
-650.317
584.801
405.124
-627.992
1224.48
587.852
-406.36
-190.336
156.388
-64.261
-22.7374
-130.45
23.4242
611.382
-174.981
493.829
217.205
282.577
485.509
79.9123
1318.69
173.099
-18.1233
-966.092
-1143.31
-891.686
-290.074
-171.539
-790.216
735.611
527.79
274.476
326.338
-320.087
475.487
-1081.76
17.7738
-294.471
-222.661
553.295
347.827
82.9193
-228.098
1001.37
648.229
-718.493
-634.826
-414.377
1.15252
716.883
78.9766
57.6721
65.1486
119.916
-524.405
64.3909
297.991
-487.81
-596.573
-969.228
218.862
142.549
-325.583
460.672
-514.972
-685.815
360.477
-1088.9
-351.891
-572.286
744.905
-627.906
72.2162
-460.235
-722.061
-361.043
728.246
-59.7541
779.613
-399.43
-232.635
992.606
-423.308
-69.9221
-777.137
-461.037
-235.805
20.565
-63.4479
777.238
-202.69
-822.581
1172.79
-794.579
464.892
-604.67
-82.8
-272.007
-838.169
-182.206
-518.589
-63.741
-641.702
388.784
1053.25
503.866
425.061
-393.865
392.437
951.25
-130.315
29.7955
-774.554
-51.4545
-160.571
-1059.19
19.411
-1008.76
-188.139
-45.1773
699.1
-136.332
128.897
363.936
-452.026
-769.995
-778.867
-896.893
-59.4489
963.345
-608.115
-505.249
-549.685
470.841
-1190.68
504.554
199.583
-495.538
244.729
387.68
496.085
856.822
-351.817
-256.877
-252.273
-762.806
-87.4825
206.81
88.3705
1138.74
144.534
-7.19307
-369.61
402.225
-22.018
-119.422
-454.272
283.626
536.693
864.309
881.797
504.655
-474.799
236.126
-190.204
-424.181
628.275
-342.759
659.871
-149.444
-150.447
891.764
268.895
-868.725
1212.61
195.596
1016.44
479.725
914.311
363.959
404.1
-217.095
-15.7881
939.926
856.414
322.603
-198.491
-541.785
-110.434
-139.889
768.174
-838.403
-19.8327
137.465
67.8028
92.8934
-72.2838
-525.408
605.176
1003.43
-526.934
-942.508
545.288
654.536
553.393
151.412
-323.06
-135.767
-942.873
-668.245
78.1102
669.449
50.5482
-110.333
-574.749
494.151
711.271
395.12
775.341
-114.338
-328.534
-310.045
-115.269
-15.2991
-473.654
1125.97
1190.2
-201.168
-924.829
501.161
-506.585
1105.59
-516.675
-1016.78
-33.523
1237.7
-819.101
454.628
12.7641
-116.757
-660.868
553.058
-3.87033
-180.257
-925.611
44.5129
237.794
925.659
-108.667
348.761
1008.97
243.74
1022.75
-304.053
184.246
-1032.71
1019.1
-939.242
-283.488
-310.428
277.564
-6.04674
999.6
-927.615
-222.297
-55.8595
-293.622
306.675
10.2303
-691.113
-968.801
319.413
326.916
-559.36
-106.293
1239.29
352.159
-265.194
1340.18
150.402
491.616
-652.47
-927.79
176.32
34.1311
-727.848
-429.181
-316.463
228.459
-667.345
280.993
87.6467
233.034
303.834
-78.1224
295.452
-26.4622
237.449
373.853
-513.726
-825.621
279.615
-848.134
-5.47742
-672.293
-283.932
543.972
-452.847
754.737
94.4755
-282.97
856.895
-595.408
1016.15
-224.926
-601.286
11.7475
350.435
82.1004
-457.506
448.936
-124.872
307.34
-49.5092
757.276
563.345
-445.005
538.734
-1116.32
-1130.08
986.674
-658.572
-536.903
377.586
241.978
382.292
599.226
162.034
557.541
618.774
-511.223
364.674
656.572
-506.81
577.336
-536.741
17.3766
-156.418
-732.469
-154.337
240.286
-208.64
-1295.02
434.214
-486.049
511.643
40.0623
-69.7852
-586.406
875.683
503.957
-1033.73
287.759
715.557
-636.389
-1248.29
-237.355
-722.448
-451.13
-491.902
-323.014
-453.409
159.903
399.519
9.00755
1314.24
251.056
997.293
690.618
654.349
-74.9787
-514.04
-129.357
409.591
-290.384
-286.567
-705.911
1037.01
557.949
61.3925
-14.5563
1298.45
243.123
-122.938
79.2353
359.309
385.274
-358.058
-276.133
175.103
-379.36
-419.788
60.2082
-581.53
-26.1941
232.588
315.213
-485.62
-155.08
104.47
347.79
-1136.4
-157.352
589.663
-524.655
910.511
-680.106
86.9666
-1170.62
-982.915
-609.053
234.148
-321.349
931.522
429.183
475.172
784.517
446.618
540.978
753.521
-190.156
-195.779
-694.652
8.5815
-739.683
-954.493
97.9492
116.805
-47.5651
369.918
82.6401
-285.327
236.726
279.302
-133.437
-96.4641
-808.52
1153.8
-75.1198
-488.231
-302.393
893.505
659.389
246.741
-813.012
514.928
-205.219
264.011
775.125
-462.234
-178.748
488.603
-509.959
101.758
530.946
735.683
809.886
441.392
47.5062
990.248
-521.075
-782.75
307.032
556.945
628.127
1103.19
-72.345
394.149
671.635
181.423
-246.975
1369.94
1064
-472.182
-333.266
-252.21
-118.689
125.12
142.203
612.145
-300.311
160.954
-165.204
-666.409
-350.565
-801.556
-483.497
-316.427
-978.636
-1188.49
678.204
20.8239
349.832
164.661
-285.18
895.767
88.2847
499.184
-135.978
-240.821
425.803
452.615
-831.258
-554.203
-359.535
614.231
33.2431
372.101
51.6955
-466.939
-633.558
-692.083
280.884
-255.476
-339.774
396.11
-1226.07
-623.729
192.078
-124.11
18.0484
870.355
-773.727
69.0216
640.506
367.518
370.432
188.377
537.585
-238.25
-181.332
115.749
533.143
109.598
454.761
-29.2642
-134.086
-187.789
-198.57
-337.299
36.5421
874.673
-678.428
76.1648
-177.417
10.2035
-576.443
-212.445
972.193
1035.51
-12.0112
-822.431
-895.749
1040.69
-504.463
38.0677
719.82
-99.8744
-368.526
104.041
643.831
-909.77
-2.45188
446.27
-259.085
277.931
1098.73
-13.6955
85.5506
-746.372
626.152
-581.656
149.654
-211.943
-149.731
469.552
665.602
-30.4644
-26.9159
-839.912
783.946
54.8221
-767.101
-1251.44
-393.679
766.581
-287.881
211.156
326.489
-550.15
-987.537
711.523
24.0469
207.288
-1062.31
14.093
97.8658
-53.7054
184.686
-60.48
-1046.26
247.033
33.6061
-341.042
-404.644
568.557
4.97805
307.3
183.49
767.256
-641.929
374.938
-1061.75
-213.029
14.1865
-112.549
334.248
-109.268
9.13417
-614.368
-291.346
485.35
683.324
-137.33
-928.134
-511.091
125.838
-28.302
-338.411
263.875
41.7078
-658.399
-692.25
-1213.04
1088.94
175.849
410.531
478.983
-1062.78
716.551
781.728
-3.05435
-81.8172
751.498
651.21
-366.342
-330.195
765.285
-378.555
363.826
-197.74
813.705
191.153
-1302
539.158
221.236
-877.486
-625.941
315.339
233.605
280.825
643.519
-834.584
528.249
-598.037
-605.962
44.2052
-655.051
-745.511
19.66
579.829
316.9
-398.427
667.284
472.669
213.68
-78.0425
166.944
-5.05673
-408.562
-309.753
-200.651
-408.281
317.337
-66.0307
776.066
862.629
277.38
-526.923
-180.428
451.348
-529.386
-405.426
-317.708
362.119
241.446
-21.3402
203.429
745.853
436.65
-120.991
114.818
-630.79
250.397
-115.012
588.215
557.761
-4.49165
-947.95
486.707
-173.64
-28.8929
981.332
321.85
-735.729
384.73
225.367
-1037.72
-16.6144
792.328
-501.077
729.298
879.494
-291.175
-381.153
-140.832
193.362
975.941
479.869
19.9797
624.578
188.655
512.988
465.827
-752.019
274.8
134.954
-1062.11
-696.587
-537.184
-1183.33
531.526
-445.001
-141.719
128.861
193.264
28.236
-32.6021
-903.818
348.041
-480.923
161.748
-506.963
-248.222
-50.7202
-352.583
-510.047
547.947
-138.661
-170.968
-202.381
-1005.67
611.763
601.446
347.946
-677.555
247.12
192.878
-1365.36
-626.69
-177.553
21.2592
-203.738
250.96
-162.694
143.135
-1131.31
-91.1762
52.0493
177.526
53.1578
-608.733
237.071
101.886
431.033
287.527
-662.382
-94.8588
-92.6915
119.797
352.424
-693.714
-784.189
-196.509
-261.37
-174.302
-511.594
-1013.3
-331.666
-427.271
388.435
-452.18
-1007.58
-130.402
-33.8845
-54.4035
-470.298
-542.864
120.305
526.753
353.904
-805.883
313.876
-191.237
314.929
-432.979
593.712
1372.63
-380.912
-471.606
915.286
-568.67
-444.085
-239.67
620.166
742.342
-203.166
-287.104
127.575
-29.8232
-203.354
-349.439
514.757
-73.3531
-570.688
344.174
538.228
-499.231
-560.073
72.1727
-883.355
312.512
173.011
880.779
-171.714
510.909
84.6154
-128.504
-435.241
-653.674
362.795
587.398
-40.4571
1297.2
-586.263
1070.48
-114.157
-1078.54
20.7393
-440.07
-488.944
228.242
-301.741
241.626
166.387
183.883
-581.629
47.3881
373.899
-590.923
844.844
-657.856
352.48
-416.235
459.179
-355.801
-810.543
-1403.22
27.5279
544.05
1079.58
112.917
77.4829
-283.814
992.949
657.664
383.858
-221.601
-460.744
109.718
-466.681
83.2861
-597.375
-208.846
1216.06
236.901
188.722
71.733
-390.877
495.568
-70.3265
-559.316
-25.4431
-644.381
65.752
-1103.81
199.05
-580.967
-365.515
558.367
-156.394
270.599
-23.2859
150.452
-353.286
578.708
238.704
627.486
491.121
-359.67
571.948
-318.752
-991.438
58.0417
561.228
-147.691
-37.3073
-216.444
189.58
-278.99
-737.646
92.7547
376.904
-201.108
-74.5323
391.543
-722.057
427.295
-211.224
1157.47
-561.344
175.489
-261.98
409.114
504.449
1182.52
42.3669
235.386
-444.729
635.158
237.667
236.686
-592.37
423.007
-331.319
-433.748
-117.701
-9.69602
-90.852
-77.2826
-518.837
-153.045
-544.894
473.095
524.314
-86.1544
-777.738
-525.918
92.754
386.847
-237.766
1172.77
780.884
-357.563
-980.821
-999.258
292.391
-1204.97
-548.871
744.937
584.535
491.014
648.335
-704.819
-980.135
-102.153
412.192
731.125
484.568
-28.9184
801.599
52.7116
550.47
-230.518
-442.38
376.085
-235.371
42.0787
770.046
732.828
-147.022
783.737
-398.297
501.954
-178.445
90.823
316.006
-503.008
-560.869
1485.73
-615.493
60.4336
-1379.2
-59.0181
-35.5618
-141.14
2.06576
-895.409
402.553
-1021.25
-747.951
233.473
-7.12545
-444.079
-103.089
977.178
-496.515
-210.733
-243.951
-590.329
-1088.29
-386.62
-429.255
28.2908
-813.649
-1198.18
270.957
-231.545
-543.317
1280.16
-530.368
-358.082
492.128
-551.984
582.083
-66.6687
214.052
273.484
645.942
-673.951
404.163
869.921
-488.153
9.25316
381.222
-160.493
592.111
-324.132
623.148
-300.032
604.2
303.192
-383.777
-232.436
-312.17
-34.1825
-1465.92
159.118
693.891
-917.657
499.222
216.953
526.966
-588.714
-351.755
-276.268
868.606
156.904
924.579
-86.4377
-15.9907
-720.202
-97.4775
-938.513
-1223.79
-373.856
412.245
-1108.37
7.22561
-466.516
-236.727
-631.227
1029.87
-207.892
-31.8046
-235.452
1318.96
15.3757
-416.99
1015.19
158.867
-703.202
-728.548
165.978
134.174
-955.383
227.357
455.937
132.127
-135.286
313.426
-656.251
-1177.07
-25.6565
-347.9
-503.685
655.479
353.315
-1283.84
-470.751
540.502
-620.258
-21.9486
-438.804
-740.346
151.06
-150.599
-495.541
-583.272
-651.343
331.86
4.08781
429.673
-727.463
15.167
451.854
891.848
-130.46
551.398
-929.933
-227.514
185.132
-214.171
999.807
107.388
867.827
301.377
623.116
11.7079
289.933
789.853
44.0301
1010.95
-630.04
-464.764
-216.035
-838.675
-293.921
-99.1136
986.02
242.346
-456.143
-268.702
295.007
-149.797
-1037.7
159.192
663.74
-406.474
-202.746
1070.37
650.158
-491.188
-1420.63
-826.829
249.033
170.857
279.961
341.854
-290.078
400.022
82.9852
-644.689
-97.523
450.065
350.647
132.39
-432.352
-232.254
1151.14
-659.577
-167.682
536.792
247.667
570.663
-1121.68
-37.3982
-620.824
357.71
-91.7473
-764.881
1058.07
-780.039
42.4503
1125.2
395.826
-308.481
-73.683
-684.494
-70.1093
-138.202
64.2631
-174.932
-545.45
-504.285
873.383
421.499
-138.899
-109.413
-238.934
-154.111
-657.098
33.1725
-242.729
-292.406
-258.584
-667.528
308.905
-489.325
-237.486
-743.739
-345.959
-675.213
55.1183
-145.999
815.258
-29.9634
-332.608
-468.679
171.997
-1107.38
-103.285
-177.877
-1133.97
-854.831
425.468
1168.5
373.145
-526.527
227.29
120.87
16.8371
-264.042
-634.674
-117.955
841.045
-436.209
725.262
168.379
-168.316
-66.6495
391.657
583.415
-998.008
-985.419
528.907
543.404
799.831
-484.589
-845.862
30.3908
-352.851
-1313.31
-560.416
557.976
937.307
-925.891
-236.037
-386.597
283.517
-238.012
-228.968
-930.355
-559.959
122.572
514.735
-362.492
-1.53452
326.392
741.418
1142.81
-185.241
-1018.82
-499.724
591.243
-71.9536
-68.0435
-1135.42
827.208
893.035
-91.6963
-491.467
475.97
185.96
437.366
174.47
-541.143
-372.381
-381.02
1090.35
-330.264
27.7472
423.034
-338.336
413.504
144.406
-70.7496
-134.228
10.7346
-263.404
-137.734
159.358
602.663
-552.126
-70.6597
-378.682
-626.564
549.215
-566.85
902.202
-473.814
923.852
1243.81
-156.091
707.778
143.798
-30.3289
817.407
-895.427
254.643
1219.8
-397.422
469.872
533.645
160.229
-882.156
917.534
-153.196
669.382
-613.521
356.337
-152.715
-843.333
-180.774
600.724
236.927
-1070.16
-975.495
-761.13
-79.6952
143.794
805.093
-764.609
33.5916
-870.132
-594.694
-855.067
217.661
199.557
-96.9591
-1204.18
1018.62
175.037
871.232
72.383
1021.18
-794.054
154.609
-68.6949
-259.219
1343.56
233.409
-1071.54
-623.959
154.464
455.791
-372.306
373.69
-357.749
-743.134
-211.932
-424.969
130.857
-28.7027
91.7155
117.812
547.111
-497.45
682.035
-64.7014
-134.856
-81.5052
-889.657
-565.043
-723.303
-242.395
-361.303
503.582
-197.639
60.7045
179.097
-480.989
-974.607
-68.2379
646.644
-139.947
-432.824
619.703
146.604
97.3882
-199.567
150.634
124.291
-157.715
-313.769
-1409.9
428.217
-327.215
205.734
1175.45
512.546
960.983
481.745
9.61806
-82.807
316.182
473.886
-473.142
-83.3014
-375.889
-782.905
102.304
786.856
-631.511
-212.166
-261.215
833.152
558.4
-878.916
274.986
-255.752
-234.191
122.988
376.232
1434.28
-276.356
-566.687
-48.5235
356.243
19.9364
-613.254
611.1
-501.543
379.67
-762.521
993.316
-1568.33
-28.428
-388.676
403.024
-508.731
-843.371
-281.76
699.841
-735.493
642.445
-865.582
1111.67
185.393
-742.297
63.554
-747.348
998.076
-668.071
219.325
300.999
-228.82
238.705
-805.755
-700.358
-25.5362
141.884
-94.323
-688.985
369.057
558.584
208.737
1290.21
60.297
323.791
-310.941
-647.971
30.4418
-313.621
-142.544
-649.66
-329.199
-825.389
-659.56
-175.237
-498.682
207.328
-210.367
-40.7501
52.455
517.306
137.166
-425.186
387.71
-463.479
-408.104
31.8836
-376.303
-1620.97
868.729
-67.0939
-387.792
-157.819
-1163.59
513.806
-732.569
-63.6995
794.472
45.3203
-1412.34
-211.645
-1123.22
635.859
-41.2222
-514.736
-753.272
-672.122
490.725
717.911
1412.18
-411.014
-204.037
797.394
699.345
-712.729
-693.254
327.157
-1251.03
393.498
673.361
940.581
857.294
1071.13
111.623
-64.5602
-32.7835
433.598
-1035.8
439.124
-70.0321
-867.28
-279.503
-264.133
82.0204
1448.5
-22.4499
-473.027
-342.986
-348.402
81.955
-874.458
507.276
947.419
-1285.46
-242.182
-970.206
-48.7242
-145.512
-831.298
95.4778
-488.42
-1101.64
-155.438
-773.813
320.027
-827.084
620.004
182.515
447.955
411.604
-801.086
-642.037
-437.46
336.903
328.721
-43.6522
38.7436
402.506
676.041
-371.969
267.91
-37.1113
-448.132
-43.1539
786.106
514.24
-469.007
1247.5
-729.199
-771.514
-221.96
-913.366
-671.009
-408.484
636.093
-1319.46
-15.4176
1263.28
-9.11204
-507.722
-355.436
164.523
-208.638
-333.565
-216.737
220.354
-19.885
-219.4
-535.996
-95.7619
636.244
-642.118
188.154
69.9664
-807.836
695.145
25.1023
-121.029
346.348
128.584
896.29
-328.753
-1146.39
221.524
-175.623
21.2653
675.947
628.827
-149.356
-609.739
420.876
-691.113
-707.617
508.768
81.3451
-1232.56
267.454
-44.5148
88.5898
668.905
4.76
-468.654
918.598
70.9681
81.7605
-1012.47
-1064.68
867.812
-101.517
289.731
-40.1862
-475.798
433.527
747.654
387.161
-331.102
-721.05
-142.956
245.895
249.102
-893.218
-266.241
-752.025
794.401
433.771
275.906
287.659
-223.387
188.016
371.22
-53.2461
628.165
353.849
-99.475
12.7837
-1148.24
419.125
547.417
-597.216
283.74
177.072
-489.289
-306.009
-1324.21
-494.067
850.464
833.481
-282.794
-353.156
1357.46
-118.445
794.007
-400.951
-830.366
260.678
779.498
218.713
436.089
675.549
-749.278
368.348
228.021
14.5766
141.967
-750.799
-1036.65
-54.8009
342.252
234.558
-84.4935
-862.364
774.87
627.825
-191.015
35.951
-29.1153
287.144
-418.271
-476.984
-863.109
-630.595
259.878
-1017.53
-395.641
-1063.69
-348.024
182.888
-738.371
-491.21
474.536
-478.861
79.3154
755.799
650.03
-241.672
-676.086
-164.118
289.91
-777.554
421.299
-1065.11
520.112
-252.563
-157.837
-417.387
-933.367
-169.115
-470.113
-94.0022
38.2789
140.635
-383.654
617.733
285.113
-5.81889
353.019
-641.883
361.931
239.25
-495.338
-664.316
-30.1953
13.8163
515.636
608.924
-756.838
693.801
895.743
-41.4769
-547.862
245.489
929.018
179.53
627.821
377.403
592.633
-432.881
-252.034
-420.253
-260.116
-345.06
114.591
-274.046
-1406.68
798.601
792.828
-892.794
48.9618
798.678
135.003
-391.179
591.05
496.15
-989.855
-918.406
-439.333
53.6927
-99.9414
-402.616
-720.408
-278.355
-1091
-1061
295.017
-590.43
-124.218
145.92
-202.623
258.119
618.155
472.187
-184.342
1261.33
-85.5796
-551.258
1395.5
226.861
-1119.06
798.604
-321.13
284.211
-1.39384
456.684
-377.656
-968.612
724.71
213.447
-291.196
216.121
-806.494
-189.996
-404.129
307.496
-59.2366
316.515
44.0856
-232.744
367.712
728.949
827.059
-151.862
106.845
-652.344
-150.243
-45.4783
473.015
343.499
375.078
1098.77
-176.158
109.491
-1165.6
387.147
226.744
313.669
346.017
121.602
