1159.98
16.9163
-921.301
-87.3904
-670.081
357.134
284.839
534.591
-618.083
-969.479
87.9042
-123.397
-126.807
-679.904
-3.35531
-90.1584
122.844
170.356
-179.425
-806.365
-162.989
-735.271
487.414
87.409
434.33
344.156
-877.41
-1079.29
-469.351
-311.148
-664.082
-957.947
477.392
306.182
152.943
-479.293
-553.878
-404.614
15.3274
-536.684
70.5708
-121.752
1141.28
-5.44392
-572.343
-967.394
308.08
388.726
-81.611
920.551
-402.104
1017.35
475.427
194.345
-663.695
356.456
-1099.85
-809.703
-1266.86
-1345.19
19.1387
-414.421
-111.272
244.331
665.39
1073.47
445.576
664.525
520.535
333.161
-312.349
-85.0807
-995.345
163.759
-570.928
650.594
-182.264
-376.247
1267.43
319.264
51.585
-112.261
-605.225
1041.99
-221.607
203.178
345.429
-560.893
-853.199
641.228
624.488
760.713
-326.98
371.451
-590.106
99.6325
262.641
-119.935
-692.67
288.861
-125.367
-355.747
-692.688
605.53
151.312
372.674
-4.12288
165.405
599.922
459.068
-435.51
-1.70728
88.0438
781.978
198.389
-650.667
584.482
404.279
-628.701
1224.27
587.022
-407.16
-190.419
155.772
-65.1008
-22.9752
-131.128
23.3449
611.149
-175.62
493.152
216.099
281.863
485.098
79.2394
1318.61
172.713
-18.4664
-966.54
-1144.01
-892.027
-290.194
-172.4
-790.994
735.317
527.183
273.745
326.189
-320.406
475.112
-1081.83
17.0893
-295.102
-223.299
552.841
347.619
82.2636
-228.814
1000.79
647.485
-719.162
-635.956
-414.492
0.735483
716.145
78.3345
57.0384
64.0082
119.066
-525.521
64.0215
297.756
-488.032
-597.168
-969.588
218.494
141.758
-326.251
459.955
-515.415
-686.422
360.253
-1089.53
-352.303
-572.606
744.058
-628.385
71.0638
-460.601
-723.201
-361.604
727.53
-60.4676
779.411
-400.15
-233.261
992.008
-424.291
-70.6439
-777.855
-461.592
-236.53
19.7071
-64.0673
776.591
-202.966
-823.402
1172.72
-795.077
464.52
-605.504
-83.9397
-273.139
-838.345
-182.666
-518.835
-63.9571
-642.377
388.421
1053.18
503.493
424.974
-394.417
392.031
950.86
-130.91
28.7034
-774.778
-51.8237
-161.244
-1059.94
18.9125
-1009.85
-188.726
-45.7758
698.315
-137.078
128.37
363.225
-452.24
-770.617
-779.458
-896.969
-60.0561
963.023
-505.905
-549.886
470.47
-1190.86
503.758
199.231
-496.111
244.437
387.325
495.264
856.253
-352.912
-257.456
-252.612
-763.53
-88.0537
206.725
87.7352
1137.91
143.431
-8.04188
-369.801
401.84
-22.3982
-119.822
-454.787
282.905
535.976
863.611
881.413
504.563
-475.519
235.485
-190.276
-424.537
627.174
-343.269
659.664
-149.706
-150.695
891.691
267.765
-868.817
1211.87
195.272
1015.69
479.005
913.797
363.042
402.958
-217.943
-16.0508
939.782
855.999
322.125
-199.203
-542.479
-111
-140.131
767.097
-838.495
-20.9095
137.228
67.2038
92.2947
-72.8865
-526.252
604.206
1003.11
-527.261
-943.059
544.773
654.321
553.127
151.182
-324.208
-136.339
-943.479
-669.113
77.3944
669.378
49.837
-110.498
-575.396
493.462
710.924
394.893
774.224
-115.175
-329.367
-311.146
-116.111
-16.0155
-473.928
1125.64
1189.85
-201.658
-925.628
500.898
-507.125
1105
-517.194
-1016.96
-34.3387
1236.87
-820.234
454.258
11.6797
-116.846
-661.171
552.06
-4.31438
-180.603
-926.369
43.8112
237.166
925.029
-109.506
348.412
1008.09
243.428
1022.26
-304.698
183.727
-1032.97
1018.39
-939.623
-284.174
-310.76
276.904
-6.25667
998.971
-928.02
-223.015
-56.2248
-294.488
306.464
9.59265
-691.317
-969.493
318.548
326.207
-559.45
-106.943
1239.1
351.597
-265.514
1339.78
149.684
491.081
-653.145
-928.9
175.922
33.4352
-728.034
-429.396
-317.236
228.062
-667.996
280.715
87.3188
232.095
303.312
-78.5305
295.174
-27.2031
236.317
372.991
-514.326
-825.923
279.114
-848.614
-6.33532
-672.477
-284.614
543.764
-453.267
754.015
93.7606
-283.657
856.21
-595.773
1015.65
-225.701
-601.969
11.398
350.255
81.7618
-457.607
448.207
-125.236
306.889
-50.2322
756.567
563.255
-445.303
538.55
-1116.96
-1130.71
986.075
-658.891
-536.978
377.425
241.909
381.62
598.656
161.326
556.752
617.764
-511.437
364.396
655.858
-507.445
576.739
-537.51
16.8167
-157.019
-732.975
-154.409
240.086
-209.016
-1295.24
433.56
-486.854
511.374
39.5216
-70.0345
-587.124
874.764
503.574
-1034.35
287.557
715.18
-636.603
-1248.7
-237.557
-723.203
-451.205
-492.407
-323.643
-453.612
159.275
399.325
8.29803
1313.89
250.771
996.565
690.427
653.638
-75.6733
-514.4
-129.464
408.787
-290.801
-287.169
-706.24
1036.11
557.2
60.809
-15.2279
1297.8
242.746
-123.66
78.9092
358.33
384.551
-359.163
-276.795
174.461
-379.85
-420.378
59.562
-582.504
-26.7818
231.984
314.298
-486.175
-155.403
104.113
346.951
-1137.15
-158.371
589.582
-524.851
910.421
-680.465
86.2465
-1170.71
-983.538
-610.18
233.498
-322.008
931.086
428.787
474.698
783.785
445.936
540.244
753.177
-190.647
-196.082
-695.252
7.88654
-740.811
-955.332
97.5974
116.083
-47.9815
369.151
81.9394
-285.684
235.889
278.174
-133.549
-97.0958
-808.806
1153.08
-75.2016
-488.84
-303.115
892.763
659.082
245.623
-813.316
513.782
-205.601
263.407
774.62
-463.057
-179.766
488.033
-510.757
101.456
530.571
735.087
809.732
440.654
46.8796
989.873
-521.402
-783.511
306.378
556.598
627.505
1102.85
-72.7086
393.279
670.913
181.347
-247.235
1369.27
1063.74
-472.63
-334.141
-252.931
-119.824
124.649
141.777
611.967
-300.468
160.668
-166.043
-667.057
-350.879
-802.683
-484.205
-317.201
-979.746
-1189.21
677.802
20.5972
349.013
164.112
-285.643
895.052
88.0958
498.594
-136.366
-241.499
425.2
452.162
-831.916
-554.918
-360.232
613.823
32.4103
371.857
51.0393
-467.721
-633.886
-692.715
280.446
-255.656
-340.082
395.445
-1226.86
-624.103
191.878
-124.775
17.7563
870.277
-774.815
68.2971
640.413
367.289
369.718
188.182
537.218
-238.964
-182.087
115.377
532.481
109.226
454.43
-29.5833
-134.471
-188.362
-198.749
-337.831
35.8387
874.564
-679.557
75.503
-178.14
9.06755
-576.686
-213.037
971.95
1034.41
-12.5248
-823.312
-896.339
1040.6
-504.769
36.9399
719.165
-100.684
-368.895
103.318
643.744
-910.569
-3.16943
445.465
-259.835
277.207
1098.31
-13.9987
85.0788
-747.024
625.393
-582.264
148.786
-212.18
-149.804
468.916
664.878
-31.276
-27.215
-840.701
783.871
53.9574
-767.659
-1251.58
-393.756
765.997
-288.081
210.872
326.138
-550.574
-988.098
710.674
23.2799
206.926
-1062.47
12.9387
97.2808
-54.0804
183.968
-60.6941
-1046.84
246.942
32.8179
-341.798
-404.797
568.479
4.49342
306.502
183.032
767.149
-642.163
373.916
-1061.94
-213.721
13.6994
-112.627
333.525
-109.719
8.51815
-615.521
-291.651
485.192
682.476
-138.039
-928.739
-511.545
125.169
-28.8923
-339.229
263.392
40.9137
-658.78
-693.357
-1213.12
1088.85
175.55
410.39
478.161
-1063.2
715.937
781.091
-4.1912
-82.2005
750.648
650.501
-366.835
-330.833
764.667
-379.252
362.935
-198.522
813.449
190.32
-1302.26
538.779
220.632
-878.528
-626.588
315.007
232.865
280.38
643.008
-835.049
527.563
-599.076
-606.621
44.0208
-655.468
-745.701
18.943
579.181
315.749
-398.792
666.676
472.442
213.468
-78.7539
166.302
-5.34287
-408.635
-309.84
-201.417
-408.768
316.994
-66.8521
774.999
862.268
277.079
-527.36
-181.501
450.529
-530.105
-406.133
-318.851
361.436
240.778
-22.0821
203.355
744.692
435.515
-122.107
114.249
-631.468
249.745
-115.609
587.603
557.201
-5.06553
-948.662
486.52
-173.931
-29.4465
980.917
321.62
-736.216
384.083
225.056
-1038.67
-17.3397
791.188
-501.178
728.52
878.68
-291.681
-381.938
-141.168
193.279
975.16
479.139
19.8156
624.346
188.554
512.503
465.111
-753.104
274.377
134.218
-1062.64
-697.146
-537.931
-1184.18
531.021
-445.528
-142.487
128.298
192.538
27.9357
-33.2499
-904.263
347.821
-480.998
161.404
-508.086
-248.954
-51.5902
-352.789
-510.404
547.579
-138.737
-171.19
-203.274
-1006.81
611.517
600.727
347.168
-678.262
246.498
192.653
-1366.31
-627.806
-177.859
20.8175
-204.438
250.268
-163.844
143.031
-1131.94
-92.2572
51.4258
176.909
52.3887
-609.084
236.993
101.409
430.68
287.35
-663.05
-95.2355
-93.3597
119.613
351.997
-694.499
-784.856
-197.334
-261.598
-174.96
-512.682
-1013.68
-332.264
-427.504
387.93
-452.431
-1008.24
-130.687
-34.2863
-55.1002
-470.653
-543.508
119.471
526.578
353.358
-806.608
313.106
-191.71
314.601
-433.636
592.933
1372.4
-381.898
-471.916
914.554
-568.787
-444.463
-240.426
619.99
742.074
-203.853
-287.326
127.261
-30.3795
-204.073
-349.624
514.548
-73.9973
-570.884
343.694
538.158
-499.889
-560.817
71.2252
-883.435
311.803
172.588
879.949
-172.111
510.109
83.681
-128.694
-435.621
-654.294
362.416
586.553
-41.0678
1296.8
-587.134
1070.4
-114.862
-1079.19
19.886
-440.659
-489.684
227.165
-302.078
241.231
166.004
183.681
-582.037
46.2806
373.304
-591.548
844.647
-658.182
351.65
-417.044
458.869
-356.511
-810.897
-1403.84
26.6879
543.728
1078.47
112.374
77.2228
-284.518
992.872
657.427
383.294
-222.188
-461.563
108.916
-467.42
82.9279
-597.911
-209.342
1214.93
236.534
188.324
70.7192
-391.688
495.298
-70.8011
-559.501
-26.3736
-644.604
65.0397
-1104.4
198.845
-581.795
-366.048
557.999
-156.931
269.891
-23.8954
149.847
-353.983
578.397
238.215
626.927
490.351
-359.948
571.313
-319.474
-991.956
57.9233
560.456
-147.899
-37.6747
-217.157
188.993
-279.487
-737.924
91.9101
375.766
-201.971
-75.2511
391.213
-722.799
426.578
-212.095
1156.65
-561.79
175.166
-262.718
408.938
504.093
1182.08
41.6946
235.071
-445.396
634.575
237.292
235.833
-593.351
422.477
-332.027
-434.355
-118.368
-10.2961
-91.1938
-78.1423
-519.072
-153.69
-545.107
472.435
523.941
-86.7935
-777.829
-526.459
92.4387
386.519
-238.221
1172.4
780.732
-358.127
-981.89
-999.846
291.75
-1205.5
-549.308
744.196
583.421
490.318
648.155
-705.62
-980.859
-103.012
411.9
730.446
483.855
-29.0624
801.342
51.9967
549.325
-231.371
-443.118
375.884
-235.444
41.782
769.689
732.121
-147.598
783.485
-399.101
501.259
-178.928
90.7327
315.291
-503.304
-561.452
1485.64
-616.226
60.1091
-1379.77
-59.0863
-36.1535
-141.577
1.89928
-895.642
401.823
-1021.8
-748.131
232.756
-8.26987
-444.846
-103.943
976.639
-496.816
-211.443
-244.601
-591.156
-1089.09
-387.011
-429.671
27.219
-814.354
-1199.01
270.087
-232.232
-543.686
1279.33
-531.032
-358.933
491.414
-552.193
581.885
-67.3698
213.34
273.3
645.199
-674.57
403.959
869.213
-488.667
8.51209
380.443
-161.18
591.755
-325.024
622.826
-301.193
604.023
302.49
-384.814
-233.126
-312.724
-34.9796
-1466.13
158.901
693.539
-917.918
498.439
216.878
526.256
-589.32
-352.55
-276.348
867.929
156.148
923.81
-87.3129
-16.6313
-720.794
-97.982
-938.777
-1224.13
-374.559
411.9
-1109.47
6.42497
-466.868
-237.442
-632.088
1029.28
-208.4
-32.5209
-236.117
1318.38
15.1236
-417.598
1014.85
158.057
-703.56
-729.201
165.306
133.685
-955.675
226.834
455.317
131.749
-135.395
313.063
-657.016
-1177.15
-26.5249
-348.431
-504.478
654.698
352.601
-1284.3
-471.279
539.885
-620.951
-22.3277
-439.023
-741.332
150.341
-151.324
-496.182
-583.853
-652.06
331.284
3.46563
429.414
-727.922
14.8529
451.197
891.772
-130.704
551.187
-930.114
-227.828
184.391
-214.991
999.718
107.062
867.123
300.504
622.405
11.3561
289.281
789.36
43.6515
1010.13
-630.903
-465.477
-216.481
-839.484
-294.013
-99.4742
985.38
241.548
-456.762
-269.4
293.878
-150.099
-1038.34
158.891
663.072
-407.106
-203.585
1069.9
649.574
-491.901
-1420.99
-827.223
248.322
170.525
279.181
341.156
-290.568
399.331
82.5758
-645.412
-97.7981
449.695
350.044
132.218
-433.371
-232.913
1150.71
-660.25
-168.255
536.329
247.025
570.085
-1121.89
-38.1128
-621.059
357.011
-91.8281
-764.98
1057.93
-780.239
41.7234
1124.57
395.493
-308.845
-74.3525
-684.666
-70.185
-138.894
63.3923
-176.046
-545.831
-504.728
873.289
421.011
-139.203
-110.007
-239.222
-154.788
-657.298
32.7171
-243.383
-293.33
-259.566
-668.376
308.235
-490.043
-237.688
-744.237
-347.077
-675.84
54.8145
-146.653
814.928
-30.5539
-333.184
-469.035
171.356
-1107.63
-104.043
-178.486
-1134.42
-855.184
425.398
1168.32
372.603
-526.713
226.644
120.226
16.0512
-264.874
-635.797
-118.21
840.275
-436.561
724.637
168.116
-168.701
-66.7189
391.579
583.038
-998.593
-985.509
528.16
542.977
799.135
-484.824
-846.537
29.894
-352.933
-1313.65
-560.958
557.762
936.569
-926.533
-236.449
-387.084
283.318
-238.521
-229.351
-931.071
-560.679
121.89
514.565
-363.094
-2.05174
325.655
741.331
1142.11
-185.908
-1019.29
-500.515
590.682
-72.7672
-68.1317
-1136.55
826.176
892.163
-92.3116
-492.175
475.252
185.349
436.79
173.749
-541.966
-372.858
-381.612
1090.15
-330.713
27.4598
422.652
-339.022
412.855
143.535
-71.4902
-134.393
10.1908
-264.213
-138.456
159.074
601.647
-552.758
-71.372
-379.802
-627.269
548.486
-567.615
901.791
-474.606
923.19
1243.42
-156.75
707.052
142.656
-30.6906
817.062
-895.61
254.315
1219.1
-397.675
469.406
533.464
159.472
-882.695
916.826
-153.504
669.309
-614.278
355.283
-153.807
-843.453
-181.11
600.35
236.732
-1070.78
-976.175
-761.818
-79.7823
143.087
804.386
-765.14
33.5182
-870.519
-594.848
-855.817
217.289
199.306
-98.0203
-1205.04
1017.88
174.631
870.76
71.6629
1020.55
-794.729
154.298
-69.85
-259.573
1343.47
232.735
-1071.82
-625.068
153.458
455.163
-373.463
372.969
-358.371
-743.789
-212.898
-425.283
129.719
-29.8049
91.2617
117.046
546.37
-498.275
681.439
-65.2227
-135.192
-81.7018
-889.74
-565.868
-723.519
-243.164
-362.422
503.155
-197.715
60.0906
178.386
-481.288
-975.725
-68.7993
645.541
-140.566
-432.91
619.628
146.223
96.8418
-200.202
150.44
124.118
-158.096
-314.488
-1410.63
427.965
-327.45
205.357
1174.94
512.305
960.365
481.142
9.53071
-83.5049
315.808
473.344
-473.629
-83.8686
-376.148
-783.985
101.975
786.313
-631.743
-212.248
-261.94
832.97
557.676
-879.565
273.876
-255.847
-235.035
122.602
375.618
1434.21
-276.849
-567.245
-48.9566
355.536
19.859
-613.93
610.736
-501.843
379.093
-762.965
992.67
-1568.66
-29.1633
-389.229
402.269
-509.452
-844.224
-282.851
698.701
-736.141
641.819
-865.821
1111.6
184.683
-742.955
62.8828
-748.198
997.78
-668.669
218.585
300.766
-229.009
237.861
-806.027
-701.078
-25.7453
141.675
-94.6819
-689.694
368.334
558.264
208.279
1289.5
59.9201
323.439
-311.295
-648.683
29.9126
-314.341
-143.085
-650.019
-329.472
-825.508
-660.028
-175.915
-498.907
206.601
-210.614
-41.3311
51.797
516.65
136.986
-425.746
386.876
-464.475
-408.204
31.1865
-376.941
-1621.55
868.352
-68.2275
-388.175
-158.471
-1164.38
513.093
-732.648
-64.3181
793.848
45.0897
-1412.72
-212.112
-1124
635.154
-41.5615
-515.445
-753.638
-672.743
489.984
717.571
1411.47
-411.213
-204.902
796.572
698.63
-713.582
-694.07
326.516
-1251.31
392.589
673.078
939.84
856.253
1070.67
111.306
-65.1071
-33.3971
433.163
-1036.65
438.216
-70.7427
-867.976
-280.216
-264.812
81.3217
1448.32
-22.6834
-473.736
-343.264
-349.04
81.5772
-874.853
506.566
947.336
-1286.22
-243.295
-970.572
-49.7889
-145.869
-831.708
94.6115
-488.739
-1101.95
-156.165
-774.556
319.719
-827.714
619.335
182.141
446.888
410.476
-801.808
-642.669
-438.152
336.2
328.393
-44.2223
38.021
401.774
675.299
-372.711
267.389
-37.4726
-448.782
-43.4314
785.443
513.803
-469.711
1246.89
-729.55
-771.895
-222.389
-913.548
-671.391
-409.193
635.876
-1320.62
-15.6972
1263.2
-9.86076
-508.441
-355.75
164.222
-208.863
-334.145
-217.162
220.267
-20.5403
-220.114
-536.521
-96.4772
636.052
-642.719
187.755
69.7198
-808.135
694.455
25.0227
-121.472
345.685
127.871
895.333
-328.958
-1147.54
220.958
-176.292
20.9491
675.497
628.149
-149.949
-610.506
420.161
-691.837
-707.964
507.68
80.9813
-1232.71
267.369
-45.2936
88.4046
668.196
4.67458
-469.351
917.89
70.2253
81.1738
-1012.72
-1065.33
867.119
-102.14
288.89
-40.8808
-476.097
433.047
747.171
386.929
-332.224
-721.594
-143.576
245.38
248.385
-893.73
-266.977
-752.845
794.317
433.264
275.589
286.988
-224.094
187.802
370.426
-53.3167
627.797
353.519
-99.9379
12.5396
-1149.38
418.596
546.875
-597.582
283.082
176.664
-490.313
-306.392
-1324.41
-494.668
850.223
833.23
-283.417
-353.828
1356.79
-118.659
793.262
-401.389
-830.814
259.936
778.875
218.239
435.845
675.464
-749.532
367.801
227.803
13.86
141.241
-751.482
-1037.37
-55.1536
341.125
233.991
-84.5663
-863.046
774.63
627.078
-191.701
35.0771
-29.8635
286.257
-418.355
-477.263
-864.267
-630.765
259.165
-1018.64
-396.352
-1064.03
-348.407
182.101
-738.648
-491.889
473.885
-479.699
78.622
755.708
649.836
-242.197
-677.211
-164.828
289.699
-778.385
420.788
-1065.59
519.396
-252.645
-158.257
-418.25
-934.041
-169.493
-470.826
-94.5091
37.6232
140.148
-384.75
616.603
284.667
-6.56939
352.262
-642.081
361.213
238.153
-664.695
-30.8788
13.6993
514.827
608.282
-757.98
693.419
894.889
-42.1396
-548.178
245.252
928.184
178.666
627.188
376.855
591.545
-432.959
-252.549
-421.106
-260.582
-345.906
114.261
-274.856
-1406.86
798.228
792.069
-893.244
48.5535
798.505
134.544
-391.577
590.96
495.798
-990.594
-918.652
-439.968
53.1261
-100.322
-403.052
-720.67
-278.754
-1092
-1061.22
294.752
-591.129
-124.808
145.28
-203.766
257.737
617.463
471.68
-185.012
1261.05
-86.2292
-551.968
1394.91
226.395
-1119.25
798.224
-321.506
283.888
-2.0159
456.471
-377.959
-969.019
724.433
212.581
-291.625
215.424
-806.989
-190.515
-405.115
307.016
-59.7398
315.776
43.7958
-233.375
367.093
728.57
826.801
-153.005
106.401
-652.681
-150.94
-45.7253
472.845
342.854
374.551
1098.62
-176.715
108.86
-1166.15
386.822
226.658
313.591
345.243
121.278
