1156.87
15.5409
-923.152
-89.4728
-670.179
358.118
286.272
534.784
-620.363
-969.701
85.7395
-123.567
-127.638
-681.097
-1.93947
-91.5199
119.729
167.514
-181.562
-806.519
-164.399
-736.916
485.674
84.2932
432.003
342.135
-879.608
-1081.28
-469.431
-312.767
-663.658
-960.058
477.128
305.872
151.245
-478.995
-555.647
-405.093
13.2616
-536.354
71.4876
-120.599
-8.09888
-572.426
-968.799
307.103
388.65
-83.0667
919.147
-402.417
1016.64
473.818
192.247
-664.181
355.101
-1098.43
-810.521
-1268.12
-1346.99
19.0891
-416.412
-113.397
242.258
663.312
1072.06
446.971
662.439
518.422
331.317
-313.173
-87.2569
-995.397
163.173
-571.006
648.716
-185.34
-378.398
1267.05
317.438
49.3241
-112.462
-606.729
1041.52
-223.775
201.534
343.214
-559.913
-853.277
639.864
624.425
757.74
-327.473
369.371
-592.392
98.23
259.525
-118.498
-691.245
286.419
-126.731
-356.218
-694.164
603.686
152.735
370.539
-5.93494
166.842
600.807
456.369
-434.678
-4.79344
87.6151
782.527
197.026
-1295.58
-651.526
583.788
402.02
-629.04
1225.32
584.63
-409.366
-188.998
153.85
-67.356
-23.3147
-131.355
24.76
611.088
-177.637
492.676
212.984
281.371
484.876
78.7652
1320.02
171.22
-17.7457
-968.034
-1146.15
-892.836
-288.92
-174.638
-793.229
734.756
526.738
273.301
327.387
-319.611
475.731
-1080.44
16.8328
-295.144
-225.314
551.349
347.385
80.1886
-230.934
1000.38
645.365
-721.254
-639.072
-413.203
-0.295848
714.035
77.8733
55.0437
60.8923
116.799
-528.637
62.6423
297.697
-488.093
-599.014
-970.978
217.11
139.792
-328.284
457.831
-516.896
-686.869
360.19
-1089.55
-353.716
-573.296
741.799
-628.001
67.9476
-461.984
-726.317
-362.013
725.404
-60.8357
780.473
-402.247
-235.225
991.569
-426.992
-72.7901
-779.977
-461.994
-238.275
17.2706
-66.0058
776.465
-203.037
-825.639
1174.13
-794.737
463.145
-607.63
-87.0555
-276.254
-838.425
-182.953
-518.886
-62.9146
-644.477
387.026
1054.57
502.119
426.402
-396.125
392.572
949.504
-132.751
25.5889
-774.838
-53.2024
-163.294
-1062.08
17.2016
-1012.97
-189.164
-47.6306
696.365
-137.57
126.721
362.856
-452.305
-771.069
-781.29
-895.559
-61.5304
962.303
-507.981
-549.956
469.092
-1190.94
501.764
197.818
-495.981
245.284
385.916
493.038
854.371
-356.026
-257.885
-253.41
-765.682
-88.4704
208.15
86.1904
1135.79
140.316
-10.2374
-369.876
400.487
-23.7558
-121.335
-456.416
282.504
535.483
863.126
880.056
505.892
-477.654
233.465
-188.873
-425.938
624.059
-342.976
659.428
-148.771
-150.746
893.093
264.649
1210.06
194.552
1013.86
476.867
912.183
360.463
399.842
-220.131
-16.4832
940.98
854.591
322.478
-201.298
-544.602
-112.735
-139.149
763.982
-23.8335
138.218
67.2478
90.4404
-73.3311
-528.517
601.502
1002.41
-527.995
-944.375
545.021
654.053
554.036
150.867
-327.324
-138.09
-945.369
-671.375
75.2755
670.778
47.7414
-109.332
-577.38
493.182
710.074
394.582
771.108
-117.325
-331.737
-314.261
-118.37
-18.136
-474
1124.89
1189.01
-203.235
-927.615
500.452
-508.428
1103.18
-518.833
-1017.04
-36.5615
1234.75
-823.35
452.878
8.56539
-115.501
-660.323
549.295
-5.91658
-179.885
-928.523
43.4871
237.125
923.024
-111.658
349.104
1005.58
243.322
1022.56
-304.794
182.094
-1033.35
1016.29
-940.973
-284.434
-311.521
275.295
-6.32464
998.91
-929.425
-225.142
-55.5613
-296.747
306.219
8.04508
-690.236
-971.615
316.287
324.123
-558.016
-109.006
1238.92
351.729
-266.211
1338.76
147.556
490.715
-655.246
-932.014
174.404
32.9512
-726.908
-429.46
-319.404
227.071
-669.553
281.598
86.5779
229.471
303.551
-79.9326
294.678
-29.3254
233.201
370.739
-515.769
-826.508
277.389
-849.766
-8.6144
-672.554
-286.724
543.694
-454.805
751.862
91.6465
-285.729
854.525
-597.156
1015.34
-227.601
-602.447
11.2438
350.125
80.9612
-456.283
447.764
-126.623
305.77
-52.3847
754.476
564.688
-445.874
538.469
-1117.42
-1130.77
984.13
-659.572
-535.571
378.592
243.305
379.525
597.247
159.248
554.789
614.97
-511.68
363.898
653.744
-509.409
576.297
-539.382
16.4148
-158.926
-733.323
-153.006
241.164
-209.204
-1295.3
433.095
-488.869
511.321
37.8424
-70.0856
-589.278
872.164
502.218
-1036.32
287.485
713.812
-635.546
-1248.95
-236.478
-725.009
-449.797
-494.017
-325.159
-453.813
158.82
400.412
6.15592
1312.98
250.25
996.069
691.519
651.539
-77.7969
-515.793
-128.16
406.583
-291.822
-289.037
-706.381
1033.55
555.072
59.0148
-15.4334
1295.73
241.381
-125.807
78.1781
355.613
382.456
-362.14
-278.878
174.367
-381.53
-422.201
59.4545
-585.182
-28.5935
231.539
311.724
-487.891
-155.528
102.709
344.79
-1139.33
-161.164
591
-525.023
911.853
-681.858
85.8493
-985.459
-613.295
233.034
-324.087
929.638
427.791
474.403
781.991
445.681
539.745
752.344
-190.972
-196.681
-697.123
5.7626
-743.927
-957.595
96.1838
113.933
-48.2153
367.275
79.8085
-287.084
233.739
275.058
-132.257
-99.0668
-809.309
1150.92
-73.8386
-490.742
-305.258
892.26
658.451
242.508
-813.919
510.689
-206.955
261.533
774.293
-465.402
-182.552
486.297
-512.746
100.853
529.199
735.119
810.907
438.54
44.9131
989.703
-522.128
-785.349
304.306
555.745
625.564
1102
-74.0982
390.988
668.76
182.756
-247.652
1367.19
1063.31
-474.119
-336.605
-254.665
-122.94
124.354
142.273
611.884
-299.28
160.146
-168.298
-667.16
-351.542
-805.799
-486.283
-319.095
-982.715
-1191.35
676.785
20.5362
346.932
163.726
-287.273
892.904
89.2007
498.164
-137.725
-241.727
423.267
450.671
-833.912
-557.026
-362.359
612.43
30.2782
371.485
48.9637
-469.645
-634.621
-693.172
278.984
-254.525
-340.192
393.358
-1229.06
-625.468
191.805
-126.862
17.2139
871.635
-777.74
67.8831
641.851
367.228
367.572
187.996
537.05
-239.456
-184.231
114.002
530.4
107.851
453.664
-30.2747
-133.856
-190.215
-197.615
-337.597
33.7043
875.849
-682.579
75.0336
-180.295
5.95178
-576.738
-213.477
971.893
1031.3
-14.1478
-825.776
-898.168
1042.02
-505.381
33.8243
717.091
-102.898
-368.232
101.16
645.173
-912.777
-5.32157
443.436
-261.972
275.046
1096.91
-14.0987
84.7816
-749.097
623.544
-583.722
146.513
-212.513
-148.401
468.841
662.72
-33.3231
-27.7958
-842.956
785.279
51.6697
-768.069
-1250.35
-392.378
764.205
-288.152
210.353
324.719
-552.015
-989.898
708.467
21.1231
205.533
-1061.27
9.82241
95.8537
-55.448
181.837
-59.6471
-1048.64
248.378
30.6327
-343.612
-403.599
569.891
4.18
304.502
183.442
768.439
-642.219
371.104
-1062.05
-215.841
14.0398
-111.256
331.366
-109.28
8.06794
-618.637
-290.819
486.363
680.275
-140.123
-930.182
-511.098
124.696
-30.3277
-341.296
263.084
38.7207
-660.132
-696.328
-1211.71
1090.18
174.963
411.605
476.063
-1064.19
715.922
780.633
-7.24983
-83.5516
748.436
648.765
-368.52
-332.845
764.216
-381.379
360.415
-200.447
814.381
188.076
-1302.66
538.598
218.757
-881.346
-628.64
314.238
230.746
279.274
642.672
-835.351
525.451
-601.897
-607.089
43.8792
-656.895
-745.849
16.8193
579.055
312.633
-400.176
666.677
473.45
213.4
-80.8497
164.739
-4.47264
-407.231
-308.411
-203.574
-410.34
316.169
-68.9379
860.867
277.902
-528.828
-184.413
448.166
-532.231
-408.272
-321.913
360.958
239.152
-22.5855
204.76
741.576
432.399
-125.115
113.839
-631.686
247.68
-117.461
587.596
556.807
-4.95301
-949.153
486.44
-174.018
-29.2797
979.512
321.559
-737.79
382.038
225.851
-1041.26
-17.836
788.072
-499.854
726.599
876.609
-293.293
-383.876
-141.951
194.7
973.218
478.697
20.9806
624.285
189.866
510.947
462.961
-756.024
274.14
132.104
-1064.31
-698.872
-538.432
-1186.35
529.278
-445.279
-144.726
126.574
192.041
27.3476
-35.3013
-903.781
347.539
-479.59
162.115
-511.202
-249.391
-54.0517
-353
-511.805
546.645
-137.329
-171.468
-205.781
-1009.93
611.134
598.586
345
-678.593
246.045
193.67
-1368.9
-630.921
-177.964
20.5548
-206.569
249.785
-166.96
144.338
-1133.93
-95.3714
50.9725
176.459
50.1398
-610.496
238.362
101.775
429.8
287.267
-665.14
-96.5994
-95.4504
119.534
350.931
-696.43
-786.874
-199.572
-261.657
-177.04
-515.797
-1013.89
-332.707
-427.815
386.681
-452.809
-1009.82
-129.811
-35.6746
-57.2264
-472.068
-545.548
117.335
526.462
352.016
-808.766
310.949
-191.325
313.862
-435.714
590.764
1372.34
-384.609
-472.552
912.451
-567.501
-445.822
-242.248
619.871
742.025
-205.966
-287.599
126.594
-32.0923
-204.567
-348.503
514.478
-74.0948
-571.056
342.008
539.556
-500.034
-561.321
68.5872
-882.056
309.662
171.022
877.815
-171.527
508.101
81.072
-128.77
-436.976
-656.242
363.029
584.295
-41.5158
1297.34
-589.435
1071.83
-115.195
-1080.74
17.6719
-442.48
-490.147
224.234
-302.864
239.86
166.614
183.609
-583.545
43.1656
371.467
-592.003
845.72
-658.318
349.412
-419.356
458.224
-358.593
-812.301
-1404.3
24.2911
543.016
1075.35
110.573
78.1579
-286.655
994.282
657.368
381.57
-222.102
-463.636
106.904
-467.922
81.527
-599.587
-210.929
1211.81
235.149
188.891
67.933
-393.729
494.829
-72.343
-559.578
-28.9708
-644.874
64.6735
-1106.26
199.912
-584.038
-367.715
556.613
-156.717
267.752
-24.3428
148.372
-354.468
577.746
237.006
626.533
488.461
-360.024
571.238
-321.62
-993.6
59.1967
558.296
-148.126
-39.057
-219.259
187.189
-281.184
-738.4
89.7297
372.694
-204.413
-77.3831
390.463
-723.302
424.451
-214.374
1154.53
-563.278
174.451
-263.174
410.067
502.685
1180.64
39.5989
234.399
-447.485
634.154
236.353
233.398
-596.046
422.689
-334.105
-436.247
-119.979
-12.157
-92.0104
-80.4244
-519.128
-155.733
-545.172
470.355
522.566
-88.7796
-776.392
-526.847
91.767
385.776
-239.722
1171.01
781.915
-359.49
-984.769
-1000.29
291.29
-1113.43
-1207.17
-550.876
743.707
580.306
488.194
648.072
-707.829
-982.979
-105.293
412.741
729.97
481.748
-27.8488
801.291
50.2672
546.208
-233.788
-443.576
375.675
-234.041
41.2141
768.282
729.983
-148.995
783.073
-401.404
499.135
-178.571
92.1671
313.206
-503.864
-563.309
1487.07
-616.661
59.3871
-1381.12
-57.691
-37.9812
-141.835
3.059
-894.627
401.325
-1023.56
-748.209
230.635
-11.3859
-446.713
-106.159
976.275
-495.967
-211.798
-246.604
-593.399
-1091.1
-388.382
-431.092
24.3048
-816.032
-1201.36
267.615
-234.346
-545.062
1277.1
-531.195
-361.132
489.3
-552.412
581.678
-67.856
211.236
273.221
644.705
-676.512
403.739
867.134
-490.298
8.00906
378.273
-161.44
590.347
-327.527
622.712
-304.309
603.895
300.357
-387.64
-235.244
-313.123
-36.9691
-1465.06
158.638
692.662
-918.327
496.5
218.285
524.163
-589.273
-354.748
-274.931
865.832
154.319
921.658
-89.7846
-18.6543
-722.631
-99.5869
-937.836
-1223.36
-374.883
411.06
-1112.58
4.22286
-468.279
-239.531
-634.512
1029.33
-209.638
-32.9011
-236.289
1316.58
16.0789
-418.045
1014.03
156.013
-704.957
-731.273
165.096
133.369
-956.204
226.479
454.865
130.387
-134.098
311.67
-658.867
-1175.74
-28.7981
-349.718
-506.444
652.763
352.109
-1284.61
-472.936
539.866
-621.226
-23.6874
-439.086
-744.032
148.189
-153.427
-496.643
-585.641
-654.18
329.523
1.95445
429.365
-729.031
14.1887
449.155
893.181
-131.064
552.234
-930.191
-228.49
183.889
-217.068
1001.15
106.334
864.989
298.206
621.916
10.4832
288.816
789.048
43.4635
1008.03
-633.196
-467.572
-216.751
-841.509
-292.671
-100.37
984.92
239.551
-458.253
-271.528
290.762
-150.694
-1040.36
158.293
662.865
-408.628
-205.739
1069.62
647.786
-493.999
-1422.39
-828.175
246.178
169.759
276.902
339.029
-292.145
397.211
81.0393
-647.571
-96.8959
448.315
349.6
132.12
-436.155
-234.502
1151.19
-662.349
-170.008
534.817
246.932
569.668
-1121.95
-40.2244
-620.052
356.526
-90.4104
-763.647
1059.16
-780.309
39.9662
1123.01
395.363
-309.02
-76.4448
-684.748
-68.7763
-141.015
61.0965
-179.161
-547.185
-505.804
874.728
420.7
-139.812
-111.845
-239.745
-156.845
-657.484
31.2168
-243.849
-295.905
-262.271
-670.556
306.143
-492.169
-237.759
-744.578
-350.193
-677.815
54.2071
-148.235
814.808
-32.3767
-334.949
-468.331
171.27
-1107.96
-105.875
-178.46
-1135.5
-856.589
426.796
1168.23
370.925
-526.789
224.603
120.126
13.869
-267.001
-638.913
-118.259
838.122
-437.971
722.681
168.067
-170.057
-65.3213
392.992
581.671
-1000.4
-984.074
525.938
541.903
798.819
-484.88
-848.637
28.3068
-351.564
-1314.41
-561.347
557.503
936.068
-926.605
-237.461
-388.655
283.118
-239.761
-229.548
-932.772
-562.815
120.236
515.708
-364.545
-3.68216
325.154
742.759
1139.95
-187.998
-1018.86
-502.472
590.287
-75.1019
-66.7009
-1139.67
823.328
889.865
-92.7615
-494.256
473.123
184.901
436.375
171.605
-544.204
-373.167
-383.495
1090.07
-332.203
26.9343
421.295
-341.136
412.391
141.24
-73.6124
-133.229
9.8078
-266.248
-140.603
158.557
598.839
-552.8
-73.4726
-382.813
-627.758
547.988
-569.47
900.746
-476.802
921.555
1242.06
-157.219
704.866
139.54
-30.0184
816.214
-895.729
254.19
1216.97
-397.724
469.12
534.579
157.64
-883.983
916.46
-154.134
670.711
-616.097
352.399
-156.921
-842.169
-181.889
598.977
236.657
-1072.26
-976.395
-762.299
-78.3534
142.599
802.305
-765.519
34.9228
-871.884
-593.648
-857.598
215.915
199.255
-100.907
-1207.29
1017.38
173.236
869.232
69.5238
1020.52
-795.205
153.649
-72.9663
-258.872
1344.89
232.261
-1072.32
-628.183
150.686
453.198
-376.579
370.818
-358.823
-743.914
-215.568
-424.472
126.603
-32.7854
89.7655
115.18
545.883
-500.371
679.604
-66.4958
-135.975
-80.6127
-888.319
-568.108
-722.467
-245.04
-365.538
501.719
-196.307
58.175
176.288
-481.858
-978.841
-70.1661
642.426
-142.066
-431.484
621.035
144.865
95.1511
-202.207
150.26
124.019
-159.039
-316.624
-1412.79
427.914
-326.448
203.991
1174.61
511.946
959.915
479.275
10.96
-83.8121
314.436
471.667
-473.275
-84.2804
-376.202
-786.893
101.846
785.941
-631.8
-210.827
-264.098
832.887
555.516
-880.03
270.761
-254.514
-237.206
121.249
373.705
1435.59
-278.434
-568.967
-50.411
353.399
21.231
-616.031
609.342
-501.945
377.213
-763.241
990.631
-1569.43
-30.9377
-389.629
400.13
-511.591
-846.504
-285.8
695.585
-738.201
641.778
-864.821
1112.99
182.59
-743.423
61.2551
-750.387
997.21
-669.112
218.112
300.44
-227.901
235.449
-806.48
-703.211
-25.8135
141.606
-96.0806
-691.774
366.178
557.561
207.999
1289.09
58.5557
322.024
-312.173
-650.78
28.2574
-316.476
-144.402
-651.415
-329.937
-824.224
-661.564
-178.019
-498.967
206.175
-210.666
-43.1164
51.329
516.495
138.112
-426.155
384.633
-467.203
-406.88
30.702
-377.005
-1623.32
866.983
-71.3432
-389.527
-160.54
-1166.59
511.013
-731.233
-64.7694
791.895
44.776
-1414.07
-213.638
-1126.19
634.667
-42.3641
-515.935
-755.018
-674.692
488.18
716.759
1411.06
-411.4
-207.16
794.348
696.483
-715.783
-696.299
326.421
-1250.39
390.027
673.935
937.613
853.381
1069.16
110.625
-65.495
-35.3345
431.561
-1038.88
435.657
-72.8347
-868.263
-282.32
-266.916
81.0081
1448.23
-23.0067
-475.817
-342.36
-351.057
80.2144
-876.236
504.424
948.757
-1288.07
-246.41
-971.951
-52.9026
-147.27
-831.944
92.3222
-489.425
-1102.57
-156.585
-775.059
319.086
-829.656
619.127
180.771
407.36
-803.913
-643.126
-440.272
334.066
327.653
-44.6372
37.6149
401.325
674.795
-374.837
267.631
-38.8668
-450.845
-43.9183
785.26
514.259
-470.035
1246.45
-730.96
-773.245
-223.835
-913.625
-670.751
-411.278
635.809
-1323.73
-16.1922
1264.57
-11.9933
-510.572
-355.868
163.63
-207.84
-335.545
-218.204
221.696
-22.6147
-222.22
-536.891
-98.5657
635.975
-643.162
186.374
69.3458
-808.705
692.338
26.4383
-122.949
345.506
125.767
892.648
-329.027
-1150.66
220.552
-176.485
21.7392
674.015
627.673
-151.785
-612.67
418.043
-693.991
-708.804
504.566
79.5911
-1231.49
268.794
-47.4669
89.5184
667.831
6.10042
-469.646
915.732
68.0278
79.2855
-1012.77
-1067.38
866.814
-104.091
286.636
-43.0043
-476.673
431.357
747.499
386.869
-335.339
-723.288
-145.075
245.637
247.892
-895.436
-269.095
-755.079
795.739
432.93
274.903
286.515
-226.233
187.545
368.443
-51.917
626.413
354.264
-101.073
12.486
-1152.5
417.29
545.2
-598.964
282.614
175.649
-493.104
-305.769
-1324.57
-496.535
850.165
832.826
-284.919
-355.923
1354.69
-117.611
791.143
-402.858
-831.891
259.433
778.423
216.7
435.474
676.888
-749.579
366.112
227.533
11.709
139.481
-753.592
-1039.5
-56.5646
338.01
232.257
-83.1628
-865.156
774.572
624.851
-193.814
32.7811
-31.6684
283.747
-416.932
-477.34
-867.348
-630.848
257.058
-1021.76
-398.444
-1064.8
-349.757
179.919
-738.726
-492.114
473.748
-482.075
76.5
757.036
649.759
-243.949
-680.327
-166.541
289.453
-780.636
419.175
-1065.91
517.272
-251.225
-157.735
-420.541
-934.239
-170.855
-472.929
-94.2174
37.4785
138.455
-387.708
613.487
283.05
-8.70432
350.425
-642.152
360.822
235.038
-666.051
-32.5322
14.977
512.619
606.258
-761.096
692.06
892.434
-42.6095
-548.846
246.242
925.945
176.381
626.731
375.165
588.431
-431.546
-252.901
-423.381
-262.109
-348.305
113.509
-276.894
-1406.94
796.852
789.929
-894.826
48.3307
798.416
134.263
-390.99
592.293
494.919
-991.045
-918.702
-440.427
51.3926
-101.794
-404.623
-719.727
-279.735
-1094.72
-1061.46
294.304
-592.801
-125.247
144.82
-206.882
256.381
616.981
471.953
-185.208
1260.54
-88.2885
-553.669
1394.96
226.107
-1119.33
796.861
-322.87
283.168
-3.9713
456.403
-378.064
-970.512
723.932
210.293
-293.073
215.118
-807.325
-190.872
-407.826
305.33
-59.4394
313.577
43.2612
-234.9
366.642
727.206
826.751
-156.121
104.925
-653.465
-153.068
-45.7775
473.99
340.815
372.904
1099.79
-178.429
106.878
-1167.46
386.094
228.008
315.004
343.081
120.557
