1158.58
16.1239
-922.567
-88.889
-670.816
356.795
284.93
533.803
-619.629
-970.225
86.3705
-124.139
-127.595
-680.848
-3.31173
-91.0293
121.442
169.092
-180.985
-807.228
-163.903
-736.434
486.618
86.0092
433.318
343.256
-878.949
-1080.71
-470.09
-312.247
-664.75
-959.473
476.461
305.156
151.773
-480.03
-554.689
-405.69
13.8445
-537.403
70.1782
-121.959
1139.87
-6.61729
-573.077
-968.091
307.247
387.975
-82.3054
919.826
-403.133
1016.57
474.335
192.824
-664.779
355.44
-1099.8
-810.49
-1267.84
-1346.45
18.3389
-415.777
-112.824
242.842
663.873
1072.75
445.562
663.022
518.992
331.903
-313.136
-86.0392
-996.135
162.981
-571.671
649.269
-183.643
-377.778
1266.43
318.435
50.053
-113.154
-605.939
1040.92
-223.079
202.021
343.885
-561.237
-854.018
640.395
623.71
759.388
-328.072
369.933
-591.107
98.9138
261.241
-119.832
-692.599
287.792
-126.189
-356.814
-693.769
604.273
151.375
371.115
-5.39121
165.508
599.514
457.875
-435.953
-3.09041
87.2779
781.387
197.561
-651.456
583.7
402.727
-629.742
1223.98
585.979
-408.701
-190.36
154.41
-66.6515
-23.7326
-132.122
23.3862
610.366
-177.061
492.08
214.696
280.773
484.191
78.1689
1318.63
172.006
-18.9676
-967.528
-1145.57
-892.814
-290.305
-173.918
-791.977
734.54
526.146
272.664
326.019
-320.868
474.558
-1081.84
16.0842
-296.021
-224.739
551.854
346.872
80.7724
-230.362
999.776
645.959
-720.67
-637.356
-414.591
-0.12582
714.621
77.2788
55.6155
62.6086
117.513
-526.922
63.239
296.97
-488.807
-598.464
-970.324
217.722
140.42
-327.158
458.405
-516.391
-687.462
359.478
-1090.44
-353.22
-573.388
742.506
-629.075
69.6651
-461.368
-724.6
-362.617
725.978
-61.5184
779.135
-401.67
-234.658
990.975
-425.488
-72.2106
-779.405
-462.6
-237.738
18.6401
-65.4425
775.642
-203.783
-824.948
1172.74
-795.792
463.719
-606.95
-85.3391
-274.539
-839.083
-183.609
-519.628
-64.2507
-643.893
387.678
1053.17
502.69
425.048
-395.596
391.433
949.996
-132.203
27.3005
-775.555
-52.606
-162.157
-1061.47
18.125
-1011.25
-189.756
-47.0802
696.989
-138.179
127.244
362.175
-453.009
-771.664
-780.742
-896.937
-61.1321
962.239
-507.397
-550.644
469.679
-1191.59
502.403
198.543
-496.94
244.007
386.621
493.718
855.406
-354.314
-258.48
-253.398
-765.101
-89.0716
206.793
86.626
1136.48
142.029
-9.53109
-370.552
400.98
-23.2397
-120.538
-455.896
281.842
534.885
862.529
880.557
504.497
-477.078
234.04
-190.267
-425.252
625.771
-344.007
658.917
-150.085
-151.49
891.692
266.365
-868.707
1210.64
194.489
1014.44
477.444
912.701
361.907
401.558
-219.428
-16.817
939.614
855.086
321.423
-200.733
-544.017
-112.202
-140.473
765.692
-838.385
-22.2138
136.893
66.3307
90.9905
-73.9234
-527.804
603.011
1002.33
-528.045
-944.064
544.014
653.57
552.732
150.427
-325.607
-137.555
-944.812
-670.648
75.8473
669.374
48.3066
-110.694
-576.286
492.449
710.136
394.138
772.822
-116.635
-330.403
-312.548
-117.663
-17.5638
-474.745
1124.86
1189.06
-202.72
-926.984
500.13
-508.121
1103.73
-518.311
-1017.71
-35.8833
1235.43
-821.633
453.472
10.2762
-116.9
-661.606
550.835
-5.06214
-181.106
-927.9
42.7787
236.249
924.137
-110.967
347.897
1006.99
242.59
1021.53
-305.638
182.614
-1033.73
1016.86
-940.472
-285.182
-311.545
275.765
-7.02192
998.048
-928.929
-224.568
-56.7577
-296.02
305.715
8.4816
-691.581
-971.03
317.017
324.685
-559.353
-108.423
1238.36
350.774
-266.297
1338.93
148.13
490.091
-654.661
-930.3
175.206
32.3536
-728.263
-430.166
-318.77
227.222
-669.116
280.305
86.5347
230.938
302.548
-79.4375
294.402
-28.7287
234.917
371.466
-515.389
-826.701
278.322
-849.539
-7.89057
-673.223
-286.14
543
-453.993
752.444
92.217
-284.578
855.038
-596.536
1014.69
-226.997
-603.045
10.5322
349.518
80.9754
-457.679
447.127
-125.996
305.988
-51.8034
755.04
563.344
-446.081
537.806
-1118.02
-1131.64
985.206
-659.673
-536.958
377.23
241.898
380.109
597.615
159.809
555.417
616.526
-512.185
363.624
654.315
-508.328
575.705
-538.789
15.8071
-157.879
-733.951
-154.399
239.821
-209.901
-1296.01
432.5
-488.226
510.565
38.3683
-70.8308
-588.693
873.621
502.72
-1035.75
286.799
714.357
-636.887
-1249.62
-237.822
-724.444
-451.18
-493.498
-324.741
-454.357
158.227
399.068
6.7397
1313.09
249.996
995.47
690.175
652.105
-77.2131
-515.135
-129.551
407.245
-291.659
-288.484
-707.096
1034.98
555.673
59.5557
-16.2122
1296.31
241.923
-125.227
78.1254
357.128
383.03
-360.494
-278.294
173.522
-380.628
-421.655
58.6179
-583.691
-28.0498
230.947
313.165
-487.36
-156.251
103.399
345.485
-1138.12
-159.612
589.628
-525.592
910.505
-681.199
85.1843
-984.407
-611.579
232.439
-323.503
930.137
427.945
473.749
782.56
444.933
539.145
752.39
-191.611
-196.86
-696.569
6.34638
-742.211
-956.883
96.9094
114.513
-48.8933
367.873
80.3922
-286.404
234.43
276.773
-133.646
-97.9791
-809.579
1151.5
-75.2418
-490.183
-304.68
891.661
658.302
244.222
-814.095
512.398
-206.451
262.086
773.652
-464.081
-181.004
486.829
-512.112
100.677
529.763
734.211
809.545
439.129
45.4806
988.995
-522.185
-784.768
304.89
555.81
626.126
1102.06
-73.4607
391.721
669.342
181.371
-248
1367.77
1062.97
-473.614
-335.223
-254.134
-121.224
123.701
141.153
611.227
-300.647
159.893
-167.593
-668.002
-351.66
-804.083
-485.723
-318.493
-981.076
-1190.77
676.952
19.8187
347.6
163.112
-286.402
893.487
87.8519
497.567
-137.235
-242.493
424.333
451.175
-832.811
-556.458
-361.775
612.923
30.9628
371.097
49.5475
-469.034
-634.67
-693.767
279.485
-255.88
-340.921
393.942
-1228.4
-624.918
191.121
-126.278
16.9797
870.235
-776.123
67.228
640.517
366.51
368.156
187.439
536.343
-240.055
-183.617
114.583
530.983
108.432
453.645
-30.3656
-135.031
-189.203
-198.97
-338.602
34.288
874.465
-680.912
74.4379
-179.713
7.66775
-577.477
-214.068
971.159
1033.01
-13.6282
-824.396
-897.62
1040.66
-505.548
35.5395
717.674
-102.227
-369.43
101.744
643.821
-912.11
-4.73779
444.087
-261.363
275.63
1097.41
-14.833
84.1298
-748.512
624.133
-583.335
147.247
-212.937
-149.795
467.986
663.303
-32.6679
-27.9931
-841.691
783.889
52.4005
-768.671
-1251.73
-393.785
764.744
-288.839
210.097
325.458
-551.515
-988.923
709.179
21.7477
206.179
-1062.65
11.5402
96.2286
-54.8934
182.412
-60.9841
-1048.1
247.04
31.2804
-343.04
-404.969
568.51
3.53522
305.142
182.361
767.053
-642.948
372.668
-1062.67
-215.257
12.9891
-112.661
331.949
-110.376
7.47495
-616.919
-292.092
485.001
680.986
-139.561
-929.806
-512.2
124.1
-29.9493
-340.635
262.436
39.3747
-659.628
-694.687
-1213.08
1088.78
174.771
410.234
476.737
-1064.05
715.035
780.039
-5.56094
-83.0592
749.15
649.303
-367.615
-332.27
763.623
-380.795
361.829
-199.834
813.07
188.771
-1303.03
537.897
219.31
-879.784
-628.058
314.222
231.34
279.485
642.034
-835.998
526.035
-600.332
-607.685
43.2822
-656.397
-746.441
17.3925
578.231
314.35
-399.555
665.783
472.123
212.701
-80.2845
165.184
-5.76178
-408.621
-309.758
-202.949
-409.825
316.207
-68.2696
773.593
861.534
276.636
-528.325
-182.8
449.5
-531.658
-407.688
-320.223
360.362
239.63
-23.186
203.368
743.293
434.114
-123.453
113.234
-632.459
248.262
-116.911
586.705
556.195
-5.90132
-949.752
485.773
-174.757
-30.2526
980.006
320.84
-737.275
382.617
224.597
-1039.81
-18.4355
789.788
-501.25
727.213
877.275
-292.775
-383.26
-141.953
193.336
973.84
478.06
19.6191
623.564
188.474
511.458
463.545
-754.409
273.463
132.694
-1063.78
-698.34
-539.037
-1185.66
530.224
-446.291
-143.469
127.104
191.442
27.1573
-34.7205
-904.901
347.069
-480.975
160.898
-509.486
-250.033
-52.6697
-353.534
-511.117
546.768
-138.714
-171.942
-204.376
-1008.21
610.756
599.165
345.633
-679.299
245.452
192.339
-1367.45
-629.206
-178.695
19.8887
-205.985
249.188
-165.243
142.947
-1133.36
-93.6608
50.3791
175.866
51.4042
-609.767
236.958
100.713
429.891
286.611
-664.556
-96.0584
-94.8666
118.868
351.121
-695.817
-785.76
-198.882
-262.378
-176.456
-514.085
-1014.58
-333.299
-428.258
386.966
-453.192
-1009.38
-131.104
-35.181
-56.6425
-471.334
-544.968
118.021
525.842
352.349
-808.184
311.574
-192.397
313.817
-435.13
591.398
1371.61
-383.1
-472.696
913.031
-568.889
-445.294
-241.671
619.254
741.268
-205.382
-288.077
126.479
-31.5626
-205.166
-349.856
513.783
-74.9377
-571.626
342.917
538.151
-500.85
-561.922
70.0604
-883.464
310.246
171.854
878.503
-172.689
508.744
82.5303
-129.443
-436.461
-655.676
361.858
585.001
-42.1085
1296.21
-588.693
1070.47
-115.899
-1080.31
18.3847
-441.934
-490.775
225.858
-302.864
240.352
165.443
182.922
-582.753
44.8787
372.014
-592.597
844.38
-659.035
350.102
-418.054
458.089
-358.028
-811.597
-1404.89
25.6403
542.945
1077.06
111.554
76.8446
-286.071
992.895
656.641
382.1
-223.04
-462.974
107.547
-468.523
82.205
-599.061
-210.413
1213.52
235.766
187.739
69.4823
-393.077
494.528
-71.8323
-560.247
-27.519
-645.355
63.9901
-1105.25
198.571
-583.343
-367.19
557.228
-157.712
268.336
-24.9355
148.772
-355.066
577.616
237.269
625.92
489.064
-360.767
570.384
-321.041
-993.077
57.8125
558.922
-148.646
-38.4472
-218.692
187.731
-280.27
-738.695
90.4311
374.391
-203.042
-76.8076
390.429
-723.903
425.025
-213.64
1155.22
-562.773
174.383
-263.805
408.714
503.383
1181.14
40.1827
234.29
-446.901
633.553
236.477
234.768
-594.546
421.698
-333.545
-435.69
-119.511
-11.6057
-91.9809
-79.698
-519.857
-155.154
-545.875
470.938
523.139
-87.6823
-777.724
-527.459
91.6572
385.735
-239.215
1171.66
780.551
-359.151
-983.176
-1000.88
290.695
-1206.64
-550.046
743.098
582.019
488.778
647.413
-707.161
-981.8
-104.567
411.467
729.374
482.317
-29.2206
800.541
50.7979
547.925
-232.429
-444.207
375.139
-235.435
41.0044
768.972
730.567
-148.637
782.72
-400.107
499.719
-179.63
90.8275
313.772
-504.082
-562.296
1485.7
-617.306
59.3257
-1380.79
-59.0998
-37.435
-142.502
1.69854
-895.959
400.726
-1022.61
-748.873
231.207
-9.66905
-446.121
-105.446
975.648
-497.249
-212.489
-245.497
-592.704
-1090.46
-387.89
-430.595
25.9197
-815.533
-1200.04
269.004
-233.762
-544.468
1277.78
-532
-360.426
489.87
-552.939
581.14
-68.4541
211.803
272.556
644.099
-675.947
403.213
867.695
-489.777
7.4087
378.908
-162.187
591.044
-326.125
621.982
-302.591
603.285
300.941
-386.072
-234.66
-313.731
-36.3338
-1466.4
158.151
692.75
-918.682
497.12
216.895
524.728
-590.195
-354.089
-276.301
867.003
154.9
922.278
-88.3974
-18.078
-722.082
-99.0692
-939.153
-1224.61
-375.593
411.112
-1110.87
4.88425
-467.556
-238.961
-633.152
1028.41
-209.362
-33.5766
-237.088
1317.12
14.7613
-418.637
1014.06
156.668
-704.284
-730.689
164.32
132.725
-956.45
225.851
454.273
130.918
-135.487
312.315
-658.281
-1177.13
-28.0651
-349.418
-505.818
653.381
351.511
-1285.25
-472.412
538.979
-621.965
-23.1632
-439.796
-742.53
149.393
-152.846
-497.238
-585.1
-653.608
330.058
2.37215
428.61
-728.826
14.0717
450.29
891.792
-131.464
550.898
-930.858
-228.609
183.289
-216.403
999.8
106.278
865.572
298.945
621.318
10.5669
288.221
788.4
42.766
1008.7
-632.461
-467.008
-217.413
-840.864
-294.07
-100.271
984.326
240.19
-457.849
-270.944
292.477
-150.877
-1039.78
158.112
662.089
-408.208
-205.047
1068.96
648.325
-493.433
-1421.71
-828.051
246.762
169.74
278.186
339.613
-291.63
397.795
81.8525
-646.987
-98.2
448.911
349.008
131.483
-434.609
-234.045
1150.08
-661.764
-169.473
535.324
246.087
569.065
-1122.65
-39.6547
-621.382
355.928
-91.7789
-765.045
1057.79
-780.998
40.5111
1123.46
394.64
-309.722
-75.861
-685.401
-70.1609
-140.431
61.8338
-177.447
-546.674
-505.614
873.393
420.053
-139.982
-111.297
-239.997
-155.703
-658.041
31.7227
-244.445
-294.466
-260.765
-669.857
306.727
-491.595
-238.447
-745.209
-348.478
-677.245
54.0355
-147.782
814.079
-31.8313
-334.412
-469.548
170.421
-1108.38
-105.294
-179.37
-1135.31
-855.884
425.391
1167.57
371.45
-527.459
225.182
119.285
14.5143
-266.319
-637.197
-119.011
838.743
-437.251
723.246
167.311
-169.567
-66.726
391.614
582.214
-999.856
-985.408
527.188
542.098
798.108
-485.609
-848.052
28.8224
-352.969
-1314.43
-561.958
557.013
935.468
-927.466
-237.302
-388.141
282.574
-239.485
-230.241
-932.262
-562.239
120.728
514.352
-364.161
-3.16171
324.554
741.406
1141.16
-187.414
-1019.96
-501.849
589.674
-73.7851
-68.0461
-1137.95
824.912
890.605
-93.3546
-493.692
473.698
184.308
435.772
172.184
-543.513
-373.812
-382.465
1089.4
-331.698
26.6848
421.803
-340.552
411.796
141.977
-73.0157
-134.591
9.19221
-265.598
-140.024
158.3
600.401
-553.678
-72.9061
-381.15
-628.356
547.389
-568.883
900.929
-476.146
922.043
1242.57
-157.814
706.094
141.256
-31.2186
816.274
-896.346
253.465
1217.55
-398.474
468.462
533.229
158.222
-883.686
915.779
-154.284
669.312
-615.524
354
-155.21
-843.557
-181.895
599.542
235.979
-1071.87
-977.168
-762.897
-79.702
142
802.867
-766.134
33.5304
-871.392
-595.018
-857.046
216.49
198.508
-99.3068
-1206.57
1016.78
173.73
869.74
70.1014
1019.64
-795.802
153.517
-71.2484
-260.086
1343.53
231.665
-1072.6
-626.469
152.229
453.765
-374.861
371.399
-359.417
-744.742
-214.08
-425.737
128.319
-31.1367
90.2709
115.773
545.273
-499.701
680.15
-66.2014
-135.978
-81.9585
-889.677
-567.416
-723.807
-244.444
-363.823
502.217
-197.693
58.7346
176.854
-482.065
-977.125
-69.8234
644.138
-141.655
-432.835
619.642
145.379
95.6781
-201.633
149.697
123.383
-158.915
-316.048
-1412.2
427.167
-327.776
204.538
1173.97
511.546
959.323
479.826
9.61163
-84.5309
315.002
472.192
-474.335
-84.8836
-376.954
-785.284
101.124
785.318
-632.526
-212.189
-263.515
832.227
556.099
-880.626
272.474
-255.911
-236.509
121.739
374.264
1434.19
-277.918
-568.436
-49.9101
353.982
19.8262
-615.446
609.987
-502.677
378.245
-763.899
991.767
-1569.45
-30.3844
-390.236
400.74
-511.014
-845.779
-284.169
697.301
-737.618
640.904
-866.15
1111.58
183.155
-744.02
61.7333
-749.685
997.003
-669.705
217.493
300.01
-229.251
236.807
-806.796
-702.635
-26.5099
140.911
-95.4084
-691.214
366.76
557.481
207.339
1288.44
59.0964
322.754
-312.084
-650.215
28.7806
-315.9
-144.085
-650.745
-330.242
-825.612
-661.053
-177.435
-499.685
205.528
-211.409
-42.5768
50.7336
515.688
136.759
-426.758
385.327
-465.686
-408.276
30.1042
-377.868
-1622.78
867.528
-69.6274
-389.037
-159.956
-1165.93
511.575
-732.605
-65.3626
792.459
44.3348
-1413.57
-213.129
-1125.54
634.069
-42.348
-516.534
-754.405
-674.126
488.752
716.784
1410.4
-411.956
-206.433
795.027
697.066
-715.077
-695.615
325.577
-1251.7
391.462
672.656
938.867
854.977
1069.67
110.524
-66.1083
-34.2678
432.417
-1038.16
437.091
-72.2706
-868.996
-281.753
-266.332
80.2935
1447.58
-23.4392
-475.257
-343.666
-350.481
80.749
-875.742
505.007
947.39
-1287.48
-244.696
-971.339
-51.1937
-146.587
-832.619
93.0542
-489.521
-1102.73
-157.237
-775.662
318.939
-828.59
618.352
181.331
445.483
409.075
-803.33
-643.72
-439.688
334.649
327.609
-45.2392
36.955
400.692
674.196
-374.237
266.626
-38.2124
-450.262
-44.2028
784.47
513.159
-470.745
1245.86
-730.238
-772.748
-223.335
-914.293
-671.941
-410.716
635.105
-1322.02
-16.4693
1263.17
-11.3883
-509.997
-356.594
163.443
-209.173
-335.187
-218.03
220.345
-22.0309
-221.652
-537.51
-97.9964
635.302
-643.755
186.867
68.9592
-808.913
692.922
25.0654
-122.445
344.713
126.335
894.149
-329.72
-1148.94
219.945
-177.272
20.4863
674.518
627.077
-151.237
-612.039
418.615
-693.41
-708.752
506.276
80.2289
-1232.86
267.438
-46.8289
88.1678
667.149
4.74599
-470.373
916.943
69.2597
80.3216
-1013.52
-1066.8
866.097
-103.525
287.339
-42.4205
-476.875
432.269
746.458
386.146
-333.624
-722.76
-144.664
244.625
247.294
-894.52
-268.502
-754.391
794.374
432.292
274.807
285.919
-225.649
187.052
369.077
-53.318
627.019
353.033
-100.85
11.7475
-1150.78
417.605
545.724
-598.346
282.019
175.812
-491.554
-306.949
-1325.15
-495.982
849.434
832.467
-284.508
-355.339
1355.87
-118.948
791.737
-402.355
-831.703
258.833
777.83
217.21
435.085
675.527
-750.333
366.638
227.052
12.2928
140.028
-753.008
-1038.93
-55.8466
339.724
232.789
-84.5569
-864.571
773.841
626.104
-193.23
33.522
-31.0993
285.155
-418.288
-478.082
-865.651
-631.5
257.626
-1020.04
-397.88
-1064.81
-349.265
180.564
-739.468
-492.882
472.93
-480.738
77.0838
755.642
649.083
-243.001
-678.611
-166.02
288.95
-779.934
419.693
-1066.55
517.846
-252.588
-158.868
-419.807
-935.025
-170.317
-472.362
-95.2468
36.6638
139.368
-386.072
615.202
283.915
-8.09741
351.009
-642.838
360.154
236.75
-665.53
-32.0413
13.5919
513.285
606.834
-759.379
692.574
893.816
-43.2053
-548.959
244.918
926.635
177.109
626.137
375.691
590.141
-432.922
-253.529
-422.66
-261.6
-346.956
113.477
-276.243
-1407.61
797.426
790.539
-893.988
47.6478
797.77
133.604
-392.154
590.897
495.008
-991.681
-919.447
-441.021
51.9245
-101.022
-403.79
-721.044
-279.593
-1093.21
-1061.97
293.984
-592.304
-125.838
144.225
-205.165
256.888
616.384
470.935
-185.993
1260.28
-87.7064
-553.157
1394.05
225.451
-1120.01
797.384
-322.326
283.105
-2.8931
455.703
-378.795
-969.731
723.66
211.024
-292.572
214.399
-807.958
-191.498
-406.317
306.239
-60.4725
314.811
43.0199
-234.477
366.049
727.735
825.999
-154.404
105.429
-653.467
-152.484
-46.5199
472.634
341.393
373.425
1098.43
-177.899
107.447
-1167.15
386.038
226.608
313.625
343.71
120.495
