1157.84
17.0062
-922.992
-88.6816
-669.864
358.217
286.344
534.647
-620.362
-969.36
85.9365
-123.235
-127.127
-680.679
-1.83989
-90.1088
120.714
168.564
-181.062
-806.624
-163.029
-736.673
487.096
85.2646
433.226
343.462
-879.47
-1080.41
-469.152
-311.569
-663.713
-959.354
476.934
305.554
152.384
-479.09
-554.224
-405.48
14.0896
-536.439
71.5805
-120.486
-6.984
-572.125
-967.279
307.592
388.894
-81.5422
920.661
-402.734
1017.11
475.034
192.546
-664.572
355.442
-1098.34
-810.017
-1267.73
-1345.97
19.1161
-416.307
-112.931
243.08
663.649
1073.58
447.106
663.228
518.859
331.47
-312.665
-85.9782
-995.348
163.601
-570.745
649.709
-184.367
-378.186
1266.76
318.833
49.3261
-112.603
-605.215
1041.14
-223.737
201.764
343.338
-559.815
-853.311
641.307
624.559
758.74
-327.866
369.7
-591.146
99.7429
260.496
-118.434
-691.165
287.603
-125.286
-356.602
-693.857
603.837
152.824
371.038
-4.89322
166.907
600.885
457.465
-434.608
-3.82529
88.003
782.499
198.469
-1294.57
-651.008
584.255
402.078
-629.367
1225.42
585.829
-409.235
-188.909
154.8
-67.2975
-22.946
-131.638
24.861
611.199
-176.769
492.292
213.972
280.98
484.725
78.3808
1320.14
172.729
-17.7132
-966.746
-1145.52
-892.336
-288.796
-174.627
-791.963
735.177
526.367
272.927
327.504
-319.553
475.728
-1080.31
16.5371
-295.35
-224.446
552.663
347.732
81.0028
-230.485
1000.06
645.636
-720.497
-638.101
-413.077
0.175752
714.32
77.4944
55.9322
61.8617
116.842
-527.657
64.1142
297.793
-487.968
-598.008
-969.484
218.59
139.901
-326.955
458.3
-515.589
-687.244
360.327
-1089.74
-352.352
-572.835
741.861
-628.068
68.911
-460.505
-725.351
-362.358
725.879
-61.1769
780.579
-401.953
-234.314
991.211
-425.889
-72.2622
-779.524
-462.334
-238.079
18.4596
-65.0714
776.219
-203.053
-825.562
1174.25
-794.816
464.608
-607.574
-86.0864
-275.282
-838.149
-183.178
-518.842
-62.8107
-643.742
388.525
1054.71
503.58
426.485
-395.003
392.545
950.931
-131.736
26.5829
-774.726
-51.7311
-161.972
-1061.86
18.638
-1011.98
-189.534
-46.6253
696.476
-137.962
127.9
362.512
-452.154
-771.447
-780.273
-895.457
-61.2305
962.78
-507.177
-549.76
470.561
-1190.64
501.861
199.35
-496.128
245.353
387.44
493.148
855.74
-355.036
-258.247
-252.911
-765.144
-88.8191
208.235
86.4608
1135.84
141.305
-10.2109
-369.644
401.912
-22.3219
-119.829
-455.23
282.147
535.092
862.739
881.487
506.021
-477.161
234.333
-188.753
-424.426
625.051
-343.074
659.776
-148.677
-150.702
893.223
265.625
1210.22
195.026
1014.01
477.377
913.403
361.6
400.812
-220.101
-16.0948
941.098
855.979
322.393
-200.918
-543.929
-111.629
-139.051
764.987
-22.81
138.317
67.0688
91.4476
-73.7032
-528.478
602.594
1002.88
-527.52
-944.002
544.901
654.408
554.122
151.231
-326.361
-136.997
-944.404
-671.368
75.7257
670.91
48.1244
-109.217
-576.031
492.873
710.594
394.946
772.093
-117.282
-330.523
-313.273
-118.318
-17.6817
-474.021
1125.38
1189.53
-202.001
-927.505
500.845
-508.056
1104.24
-517.656
-1016.8
-36.4536
1234.79
-822.38
454.35
9.56321
-115.37
-660.245
550.368
-4.44281
-179.851
-928.321
43.1635
236.917
924.351
-111.616
349.124
1006.74
243.278
1022.45
-305.021
183.287
-1032.98
1016.69
-939.55
-284.729
-311.035
275.538
-6.14858
998.69
-928.062
-224.671
-55.5463
-296.742
306.568
8.31542
-690.128
-970.943
316.287
324.477
-557.952
-108.177
1239.26
351.575
-265.747
1339.22
148.034
490.424
-654.511
-931.034
175.904
32.5626
-726.796
-429.311
-319.216
227.555
-669.277
281.679
87.0586
230.595
303.431
-78.5547
295.08
-29.0653
234.176
370.742
-515.451
-826.084
278.817
-849.329
-8.59126
-672.305
-286.009
543.887
-453.305
752.415
92.0831
-284.413
854.73
-595.676
1015.11
-227.464
-602.835
11.1502
350.45
81.4624
-456.155
447.39
-125.138
306.204
-51.8386
754.852
564.763
-445.454
538.746
-1117.8
-1130.97
985.476
-659.115
-535.46
378.707
243.439
380.287
597.563
159.581
554.896
616.032
-511.333
364.302
654.184
-508.054
575.93
-539.233
16.0819
-157.555
-733.615
-152.887
241.271
-209.334
-1295.18
432.715
-488.773
511.332
38.9953
-70.0455
-588.691
873.29
503.647
-1035.42
287.696
715.262
-635.441
-1249.15
-236.371
-724.829
-449.689
-492.815
-324.872
-453.475
158.444
400.52
6.78054
1313.48
250.658
995.677
691.628
651.936
-77.1213
-514.295
-128.034
406.724
-291.343
-288.046
-706.472
1034.68
555.33
60.0724
-15.7079
1296.56
242.828
-125.278
78.6553
356.703
382.761
-361.131
-278.091
174.137
-380.079
-421.174
59.2198
-584.069
-27.5517
231.167
312.864
-486.775
-155.596
104.225
344.826
-1138.04
-160.095
591.101
-524.691
911.933
-680.36
85.4955
-984.084
-612.322
232.654
-323.288
930.993
428.271
474.18
782.156
445.384
539.35
752.859
-191.232
-196.25
-696.138
6.43823
-742.955
-957.558
97.7162
114.472
-48.3868
367.416
80.4653
-285.574
233.78
276.035
-132.131
-97.718
-808.908
1151.52
-73.7065
-489.781
-304.74
891.866
658.896
243.49
-813.489
511.65
-205.527
262.525
774.044
-464.177
-181.481
487.41
-512.639
101.286
530.658
734.93
811.023
438.817
45.8252
989.608
-521.655
-785.185
305.131
556.266
626.504
1102.52
-72.6077
390.996
669.314
182.868
-247.268
1368
1063.7
-472.819
-335.422
-254.464
-121.969
124.125
142.234
612.182
-299.164
160.554
-168.241
-667.389
-351.09
-804.827
-485.958
-318.955
-981.698
-1190.85
677.253
20.6556
346.998
163.411
-285.806
893.522
89.3102
497.811
-136.314
-242.009
424.624
451.984
-832.564
-556.612
-361.696
613.826
30.3277
371.862
49.7757
-469.515
-634.146
-693.551
280.319
-254.413
-340.249
394.144
-1228.92
-624.02
192.019
-126.084
17.6259
871.767
-776.71
67.5224
641.917
367.349
368.189
188.333
536.951
-239.849
-184.004
115.467
531.201
109.316
454.154
-29.8116
-133.856
-188.825
-197.503
-337.714
34.3508
875.975
-681.583
74.6511
-179.744
6.92326
-576.687
-213.847
971.976
1032.29
-12.9497
-824.589
-897.15
1042.12
-504.947
34.8001
717.915
-102.778
-368.215
101.741
645.256
-912.657
-4.72526
443.52
-261.737
275.619
1098.31
-14.1404
84.5509
-748.284
623.693
-583.409
146.51
-212.147
-148.281
468.617
663.305
-33.2419
-27.3708
-841.697
785.398
51.6806
-768.421
-1250.23
-392.245
765.272
-287.949
210.76
326.253
-550.676
-988.482
708.483
21.3315
207.029
-1061.16
10.7845
96.1698
-53.9962
182.323
-59.5428
-1047.61
248.446
30.7983
-343.441
-403.482
570.001
3.93243
304.598
183.376
768.565
-642.141
372.161
-1061.73
-215.158
13.9536
-111.124
331.934
-109.334
7.69361
-617.678
-290.75
486.479
680.295
-139.775
-929.858
-511.147
124.312
-30.0132
-341.22
262.846
38.8745
-658.707
-695.314
-1211.61
1090.31
175.391
411.724
476.121
-1063.69
715.72
780.257
-6.2723
-82.129
748.45
648.953
-367.071
-331.976
763.843
-380.716
361.573
-200.319
814.475
188.155
-1302.29
538.487
219.748
-880.279
-627.808
314.729
231.014
279.713
642.412
-835.599
526.167
-600.833
-607.473
44.206
-655.547
-745.523
17.283
578.81
313.599
-398.695
666.479
473.551
213.573
-80.4671
165.001
-4.39378
-407.116
-308.336
-203.37
-409.106
316.679
-68.8707
862.375
277.964
-527.51
-183.383
449.376
-531.763
-407.644
-320.933
360.573
239.388
-22.9827
204.879
742.538
433.373
-124.12
113.499
-631.962
248.51
-116.453
587.397
556.49
-5.11001
-949.547
486.706
-174.05
-29.4196
980.904
321.677
-736.563
382.888
225.904
-1040.11
-18.2302
789.046
-499.725
726.721
876.675
-292.09
-383.752
-141.457
194.793
973.33
478.322
21.0953
624.4
189.993
512.208
463.57
-754.992
273.971
132.377
-1063.17
-697.768
-538.825
-1186.31
530.699
-445.39
-143.469
127.69
191.647
27.7754
-34.4617
-903.815
347.896
-479.48
162.142
-510.226
-249.76
-52.8706
-352.66
-510.293
547.147
-137.217
-171.113
-204.614
-1008.97
611.514
599.103
345.194
-678.916
245.67
193.771
-1367.75
-629.942
-178.013
20.3565
-205.915
249.397
-165.997
144.465
-1133.06
-94.3723
50.5969
176.085
51.3923
-608.965
238.495
101.695
430.328
287.562
-664.378
-95.1542
-94.6824
119.8
351.384
-696.301
-785.534
-199.488
-261.549
-176.24
-514.803
-1014.06
-333.079
-427.454
387.062
-452.434
-1009.55
-129.729
-34.2847
-56.5577
-470.534
-544.704
117.382
526.785
352.361
-808.211
311.158
-191.395
314.343
-434.912
590.962
1372.45
-383.51
-472.11
912.752
-567.376
-444.384
-242.081
620.194
742.042
-205.263
-287.245
127.049
-30.9679
-204.961
-348.392
514.667
-74.3246
-570.725
343.449
539.689
-500.282
-561.718
69.7071
-881.923
310.293
172.506
877.858
-171.536
508.192
82.2016
-128.528
-435.544
-655.321
363.024
584.358
-41.8893
1297.31
-589.446
1071.91
-115.522
-1080.46
17.6914
-441.451
-490.525
225.252
-302.37
241.269
166.61
183.817
-582.034
44.1518
372.493
-592.381
845.827
-658.404
349.501
-418.12
458.673
-358.277
-810.783
-1404.68
25.4935
543.489
1076.34
111.977
78.2524
-286.017
994.399
657.466
382.691
-222.266
-463.562
106.997
-468.32
83.037
-598.442
-209.705
1212.79
236.631
188.873
69.0025
-393.643
495.226
-71.0793
-559.33
-27.8361
-644.522
64.3325
-1104.86
200.018
-583.966
-366.557
558.096
-156.841
268.387
-24.7161
148.668
-354.858
578.198
237.406
626.218
488.596
-360.046
571.014
-321.094
-992.433
59.3209
558.505
-147.782
-37.5794
-218.858
188.24
-279.74
-738.004
89.761
373.664
-203.224
-76.8963
390.948
-723.7
424.928
-214.377
1154.58
-561.977
174.923
-263.551
410.179
504.206
1182.01
40.3544
234.857
-446.718
633.812
236.857
234.586
-594.939
422.56
-333.774
-435.277
-119.732
-11.1566
-91.5044
-80.4067
-519.049
-154.888
-545.018
471.158
524.029
-87.436
-776.333
-527.173
92.2238
386.259
-238.427
1172.51
782.031
-359.142
-983.722
-1000.66
290.912
-1112.42
-1206.03
-549.385
743.312
581.292
488.874
648.363
-707.707
-981.672
-105.273
412.806
729.586
482.168
-27.7298
801.326
50.466
547.177
-232.59
-443.951
376.017
-233.921
41.635
769.801
730.628
-148.664
783.46
-400.166
499.817
-178.65
92.2361
313.527
-503.448
-561.917
1487.17
-617.027
59.8611
-1380.75
-57.5571
-36.9531
-142.031
3.17326
-894.525
400.931
-1022.14
-747.947
231.094
-10.4188
-446.562
-106.139
975.993
-495.89
-212.132
-245.265
-593.327
-1090.99
-386.984
-429.735
25.3312
-815.801
-1200.12
268.79
-233.645
-543.594
1277.21
-531.45
-361.105
489.739
-552.07
582.02
-68.2459
211.644
273.492
644.308
-675.587
404.084
867.477
-489.114
7.61216
378.465
-161.737
591.868
-326.357
622.667
-303.349
604.22
301.012
-386.58
-234.554
-313.458
-36.8668
-1464.95
158.991
693.191
-917.946
496.617
218.402
524.543
-589.445
-354.605
-274.835
867.128
154.478
921.885
-88.6067
-17.7906
-721.619
-98.3753
-937.742
-1223.3
-375.204
411.576
-1111.59
4.36253
-466.75
-239.223
-633.313
1029.14
-209.243
-33.2474
-236.549
1317.64
16.1752
-418.418
1014.54
156.093
-703.452
-730.462
164.819
133.12
-955.798
226.194
454.492
131.828
-133.971
313.166
-658.71
-1175.63
-28.8
-349.341
-506.33
652.88
351.718
-1284.86
-471.772
539.664
-621.526
-22.2498
-438.952
-742.925
149.474
-153.139
-497.023
-584.585
-653.734
330.611
2.23905
429.383
-728.579
14.6426
450.475
893.299
-130.692
552.338
-929.938
-228.038
183.492
-216.996
1001.23
106.81
865.645
298.205
621.526
11.009
288.436
788.813
43.3377
1008.08
-633.201
-467.193
-216.961
-841.414
-292.54
-99.8445
984.543
239.648
-457.954
-270.866
291.739
-150.264
-1039.51
158.725
662.586
-408.342
-205.695
1069.42
648.855
-493.613
-1420.88
-827.661
246.8
170.249
278.141
339.7
-290.913
397.905
82.5346
-647.004
-96.8062
449.788
349.229
132.438
-435.08
-234.244
1151.13
-661.608
-168.918
536.115
246.702
569.329
-1121.79
-39.796
-619.951
356.138
-90.3146
-763.518
1059.28
-780.117
40.1545
1123.26
395.299
-309.139
-75.6813
-684.455
-68.6653
-140.33
61.0952
-178.179
-545.756
-505.343
874.796
420.46
-139.378
-110.827
-239.338
-155.525
-657.15
32.5161
-244.231
-294.76
-261.171
-670.519
306.911
-491.704
-237.56
-744.862
-349.214
-676.918
54.6417
-147.976
814.758
-31.3444
-333.872
-468.3
171.043
-1107.6
-105.714
-178.642
-1135.03
-855.07
426.928
1168.53
372.083
-526.542
225.455
119.894
14.0388
-266.948
-637.938
-118.24
838.344
-436.443
723.61
168.076
-168.643
-65.1914
393.099
583.12
-999.368
-984.015
527.195
542.351
798.495
-484.8
-847.902
29.5349
-351.432
-1313.93
-561.676
557.856
935.674
-926.82
-236.979
-387.42
283.458
-239.367
-229.687
-932.549
-562.321
120.463
515.821
-364.232
-2.49
324.759
742.844
1141.22
-187.229
-1018.92
-502.354
589.969
-73.8775
-66.6271
-1138.7
824.369
889.866
-93.136
-493.94
473.608
184.528
436.035
172.129
-544.124
-373.416
-382.114
1090.33
-330.901
27.3427
422.727
-340.435
412.011
141.241
-73.3527
-133.114
9.49307
-266.16
-140.073
158.964
599.896
-553.005
-73.0762
-381.816
-628.15
547.595
-569.315
901.2
-476.659
921.78
1243.5
-157.601
706.133
140.509
-30.0009
816.735
-895.41
254.128
1217.65
-397.702
468.907
534.689
157.799
-883.6
916.115
-153.693
670.839
-615.924
353.433
-155.928
-842.044
-181.396
600.437
236.891
-1071.94
-976.67
-762.688
-78.2764
142.208
802.652
-765.842
35.0416
-870.487
-593.531
-857.407
217.377
199.294
-99.8703
-1207.27
1016.99
174.623
870.522
70.0324
1020.31
-795.592
154.098
-72.005
-258.843
1344.99
231.877
-1071.92
-627.2
151.76
454.117
-375.62
371.362
-359.2
-744.151
-214.456
-424.407
127.574
-31.781
91.0689
115.326
545.489
-500.304
680.634
-66.1175
-135.481
-80.5046
-888.235
-568.032
-722.363
-244.894
-364.56
503.078
-196.195
59.1302
176.678
-481.439
-977.865
-69.8243
643.417
-141.775
-431.405
621.155
146.299
96.2954
-201.329
150.595
124.337
-158.531
-316.129
-1412.24
427.956
-326.348
205.44
1174.36
512.32
959.543
480.276
11.037
-84.1281
315.894
472.829
-473.352
-84.6243
-376.204
-785.857
101.778
785.649
-631.711
-210.738
-263.538
833.177
556.091
-880.412
271.747
-254.385
-237.168
122.67
374.666
1435.72
-277.207
-567.859
-49.0755
354.039
21.364
-615.297
610.839
-501.996
378.588
-763.464
991.946
-1568.95
-30.7553
-389.965
400.371
-511.087
-846.492
-284.782
696.558
-737.376
641.568
-864.721
1113.13
182.965
-743.807
61.4935
-750.352
997.635
-669.485
217.726
300.807
-227.791
236.644
-806.09
-702.727
-25.635
141.789
-94.5739
-691.444
366.737
558.03
207.787
1288.73
60.0014
323.559
-311.646
-650.399
29.4298
-315.982
-144.039
-649.912
-329.542
-824.099
-660.303
-177.287
-498.853
205.809
-210.622
-42.0526
50.9472
516.239
138.223
-426.501
384.714
-466.11
-406.752
30.3131
-377.219
-1622.26
868.434
-70.3708
-388.112
-159.716
-1166.47
511.343
-731.137
-65.1444
792.827
45.1393
-1412.65
-212.364
-1126.04
634.278
-41.8627
-516.328
-753.542
-673.774
488.345
717.267
1410.69
-411.065
-207.155
794.463
697.101
-715.753
-696.208
326.19
-1250.3
391.17
674.003
938.864
854.414
1070.47
111.085
-65.8154
-33.9748
433.031
-1038.85
436.8
-72.4632
-868.566
-281.915
-266.186
80.6886
1448.54
-22.6415
-475.479
-342.268
-350.192
81.6573
-874.854
505.054
948.855
-1287.9
-245.427
-970.476
-51.895
-145.759
-832.13
92.3309
-488.966
-1102.14
-156.947
-775.454
319.531
-828.29
618.848
182.226
408.337
-803.635
-643.505
-439.592
334.718
328.135
-44.9834
37.2576
400.949
674.4
-374.588
267.512
-37.3682
-450.02
-43.5184
784.99
514.204
-470.356
1246.08
-729.432
-771.823
-222.496
-913.375
-670.738
-410.931
635.975
-1322.77
-15.7904
1264.7
-11.7487
-510.091
-355.932
164.06
-207.738
-335.213
-217.734
221.776
-21.8002
-221.81
-537.2
-98.2554
636.227
-643.536
187.774
69.722
-808.287
693.041
26.5385
-121.633
345.241
126.174
893.745
-328.841
-1149.7
220.218
-176.754
21.793
675.339
627.289
-150.765
-612.478
418.493
-693.446
-708.293
505.564
81.0824
-1231.37
268.88
-47.2842
89.6287
667.488
6.18319
-469.956
917.007
69.2976
80.6608
-1012.76
-1066.55
866.494
-103.167
286.699
-42.328
-476.251
432.797
747.402
386.977
-334.362
-722.159
-144.784
245.523
247.501
-893.988
-268.831
-754.996
795.835
432.669
275.365
286.131
-225.602
187.896
368.545
-51.7905
627.891
354.3
-100.641
12.5459
-1151.53
417.648
546.363
-597.485
282.233
176.125
-492.031
-305.764
-1324.25
-495.545
850.254
833.211
-284.627
-355.172
1355.99
-117.506
791.417
-401.54
-831.426
259.037
778.049
217.971
435.85
676.98
-749.572
367.261
227.888
12.3089
139.667
-752.887
-1039.04
-55.0363
338.987
233.368
-83.0429
-864.449
774.661
626.106
-193.11
32.7703
-31.4978
284.908
-416.849
-477.367
-866.37
-630.55
257.475
-1020.78
-398.075
-1064.31
-348.335
180.09
-738.758
-492.394
473.499
-480.861
77.182
757.166
650.002
-242.525
-679.353
-166.332
289.803
-780.578
420.388
-1066.19
517.74
-251.135
-157.763
-420.539
-934.505
-169.412
-472.529
-94.3177
37.2287
139.897
-386.692
614.464
284.516
-8.46321
350.58
-641.95
360.469
236.03
-664.618
-32.3026
15.1016
512.754
607.129
-760.131
693.495
893.608
-42.9924
-548.393
246.341
926.038
176.396
626.355
376.313
589.429
-431.445
-253.19
-423.356
-260.836
-347.1
113.994
-276.807
-1406.69
798.316
790.171
-893.336
48.1713
798.734
134.049
-390.995
592.422
495.447
-991.415
-918.67
-440.806
52.5012
-100.275
-403.135
-719.632
-279.24
-1093.62
-1061.12
294.696
-592.571
-125.617
144.441
-205.915
257.812
616.595
471.841
-185.478
1260.95
-87.4561
-553.451
1394.77
225.887
-1119.11
798.301
-321.424
283.642
-2.61808
456.578
-378.115
-968.992
724.337
210.305
-291.735
214.8
-807.606
-191.164
-406.727
306.772
-59.5374
314.844
43.6715
-234.617
366.268
728.649
826.781
-155.154
106.246
-652.972
-152.404
-45.7291
474.103
341.669
374.087
1099.9
-177.308
107.777
-1167.08
386.571
228.139
315.111
343.284
121.031
