1158.72
18.4718
-922.521
-87.8233
-669.165
357.963
285.628
534.263
-620.005
-968.655
86.4756
-122.531
-126.367
-679.995
-2.41556
-88.6861
121.6
169.527
-180.32
-806.362
-161.649
-736.132
488.469
86.1444
434.361
344.722
-878.994
-1079.5
-468.486
-310.37
-664.037
-958.531
477.089
305.141
153.527
-479.442
-552.841
-405.771
14.9643
-536.783
71.3455
-120.801
-5.95401
-571.441
-965.775
308.324
389.535
-80.0397
922.162
-403.148
1017.86
476.259
193.18
-664.903
356.053
-1098.95
-809.26
-1267.05
-1344.93
19.5615
-415.877
-112.206
243.952
664.314
1075.09
446.715
664.088
519.572
331.932
-311.906
-84.773
-994.89
164.325
-570.096
650.726
-183.477
-377.638
1266.8
320.174
49.6821
-112.381
-603.721
1040.93
-223.355
202.286
343.812
-560.078
-852.951
642.758
625.104
759.65
-328.218
370.361
-589.975
101.243
261.376
-119.195
-691.845
288.701
-123.834
-356.851
-693.263
604.296
152.194
371.781
-3.84074
166.151
600.637
458.473
-434.854
-2.94181
88.716
782.182
199.92
-1293.68
-650.244
584.996
402.492
-629.779
1225.16
586.939
-408.761
-189.539
155.778
-66.8868
-22.2364
-132.053
24.2931
611.723
-175.863
492.041
214.86
280.648
484.939
78.1265
1319.68
174.21
-17.9863
-965.456
-1144.73
-891.58
-289.154
-174.263
-790.767
735.898
526.261
272.517
327.179
-319.808
475.429
-1080.75
16.1227
-295.77
-223.539
553.989
348.438
81.8703
-229.769
1000.03
646.248
-719.654
-637.221
-413.442
0.897165
714.946
77.3021
56.8575
62.7406
117.24
-526.774
65.5846
298.301
-487.438
-596.989
-967.998
220.066
140.332
-325.685
459.028
-514.277
-687.39
360.873
-1090.15
-350.979
-572.096
742.282
-628.4
69.7869
-459.03
-724.474
-362.422
726.611
-61.5887
780.304
-401.329
-233.373
991.148
-424.868
-71.5072
-778.808
-462.393
-237.579
19.5634
-64.1087
775.802
-202.662
-825.14
1173.78
-795.155
466.072
-607.178
-85.2078
-274.402
-837.489
-183.074
-518.386
-63.0889
-642.906
390.015
1054.32
505.044
425.828
-393.882
392.232
952.369
-130.707
27.4737
-774.21
-50.2612
-160.713
-1061.31
20.0329
-1011.09
-189.629
-45.6035
696.906
-138.371
129.084
362.101
-451.603
-771.623
-779.247
-896.024
-60.6488
963.525
-506.315
-549.169
472.029
-1189.96
502.282
200.864
-496.512
245.102
388.948
493.611
857.046
-354.147
-258.334
-252.156
-764.386
-88.8849
207.589
87.0171
1136.23
142.193
-9.83737
-369.019
403.349
-20.8789
-118.349
-454.043
281.736
534.764
862.457
882.927
505.654
-476.425
235.243
-189.227
-422.927
625.942
-343.428
660.483
-148.92
-150.242
892.806
266.507
1210.68
195.77
1014.47
478.125
914.634
362.65
401.691
-219.723
-15.3817
940.779
857.384
322.043
-200.235
-543.116
-110.524
-139.309
765.884
-21.8712
138.059
66.6607
92.472
-73.8208
-528.089
603.599
1003.63
-526.774
-943.351
544.527
655.115
553.88
151.94
-325.485
-135.903
-943.423
-671.006
76.4438
670.501
48.81
-109.537
-574.736
492.46
711.359
395.655
772.979
-116.895
-329.391
-312.386
-117.913
-16.962
-473.64
1126.13
1190.29
-200.763
-927.07
501.559
-507.41
1105.31
-516.478
-1016.17
-35.9973
1235.17
-821.502
455.821
10.4559
-115.75
-660.485
551.352
-3.00247
-180.123
-927.786
42.7507
236.497
925.604
-111.23
348.841
1007.8
243.638
1022.09
-305.439
184.486
-1032.27
1017.39
-938.116
-285.144
-310.286
276.07
-5.57121
998.271
-926.695
-223.944
-55.8303
-296.383
307.274
8.8724
-690.427
-970.132
316.64
325.149
-558.71
-107.302
1239.96
351.181
-265.007
1339.91
148.766
490.445
-653.676
-930.151
177.375
32.2606
-727.11
-428.761
-318.689
228.284
-668.709
281.434
87.8058
231.632
303.059
-77.1663
295.796
-28.4694
235.058
371.098
-514.85
-825.362
280.201
-848.629
-8.2125
-671.669
-285.18
544.483
-451.828
753.185
92.7946
-283.161
855.226
-594.2
1015.22
-227.012
-603.131
11.4378
351.152
82.2186
-456.532
446.98
-123.658
306.891
-51.0747
755.537
564.063
-444.733
539.417
-1118.03
-1131.39
986.753
-658.378
-535.978
378.392
243.04
381.136
598.152
160.243
555.324
617.006
-510.627
365.017
654.9
-506.752
575.847
-538.771
16.0393
-156.237
-733.611
-153.366
240.984
-209.099
-1294.66
432.512
-488.348
511.767
40.1511
-69.589
-587.911
874.326
505.087
-1034.5
288.306
716.717
-635.731
-1249.02
-236.663
-724.339
-450.223
-491.612
-324.298
-452.771
158.283
400.233
7.5768
1314.21
251.374
995.342
691.342
652.631
-76.3062
-512.806
-128.4
407.215
-290.612
-287.037
-706.19
1035.73
555.929
61.1385
-16.1235
1297.45
244.28
-124.523
79.4011
357.706
383.402
-360.205
-277.235
173.719
-378.662
-420.136
58.802
-583.038
-26.4993
231.056
313.917
-485.662
-155.275
105.727
345.206
-1136.82
-159.109
590.534
-523.988
911.259
-678.871
85.0843
-982.754
-611.442
232.45
-322.428
932.365
428.994
474.296
782.623
444.969
538.988
753.622
-191.178
-195.525
-695.138
7.25359
-742.076
-957.174
99.2299
115.234
-48.2073
367.869
81.2738
-284.077
234.163
276.918
-132.494
-96.4279
-808.192
1152.31
-74.092
-488.799
-303.99
891.498
659.628
244.375
-812.764
512.524
-204.089
263.539
774.127
-463.034
-180.493
488.528
-512.208
102.013
532.118
734.512
810.711
439.433
46.7702
989.907
-520.911
-784.708
306.005
557.031
627.476
1103.29
-71.1241
391.365
670.084
182.357
-246.555
1368.87
1064.41
-471.514
-334.322
-253.961
-121.089
124.228
141.915
612.872
-299.493
161.27
-167.832
-667.807
-350.355
-803.947
-485.307
-318.501
-980.76
-1190.11
677.965
21.1829
347.398
163.395
-284.37
894.319
89.0128
497.747
-134.89
-242.424
425.918
453.31
-831.269
-555.914
-360.887
615.238
30.7172
372.573
50.6423
-469.068
-633.4
-693.747
281.665
-254.723
-339.914
395.002
-1228.45
-622.568
192.631
-125.23
18.3432
871.394
-775.76
67.1117
641.173
367.881
368.983
189.037
537.238
-240.196
-183.441
116.932
532.065
110.781
454.906
-29.072
-134.149
-187.485
-197.813
-338.079
35.1554
875.626
-680.668
74.4192
-178.979
7.80307
-576.224
-213.947
972.477
1033.18
-11.7473
-823.482
-896.124
1041.51
-504.22
35.682
718.792
-102.312
-368.495
102.522
644.597
-912.196
-3.93964
443.933
-261.166
276.397
1099.72
-13.7814
84.6502
-747.42
624.151
-582.811
146.862
-211.437
-148.754
468.198
664.089
-32.8299
-26.6478
-840.508
784.924
52.0486
-768.501
-1250.58
-392.639
766.352
-287.349
211.477
327.763
-549.331
-987.102
708.847
21.8804
208.516
-1061.5
11.6598
96.7633
-52.5405
183.06
-59.8224
-1046.57
247.71
31.3079
-342.962
-403.816
569.481
4.00743
305.019
183.039
768.213
-641.655
373.132
-1061.03
-214.34
13.6048
-111.512
332.709
-109.662
7.55169
-616.804
-290.998
486.164
680.661
-139.107
-929.249
-511.468
124.066
-29.4197
-340.81
262.937
39.3735
-657.27
-694.381
-1212.21
1089.95
176.115
411.394
476.516
-1062.93
715.301
780.097
-5.37943
-80.6942
748.813
649.437
-365.658
-331.069
763.719
-379.906
362.643
-199.874
814.236
188.586
-1301.57
538.756
220.76
-879.292
-626.934
315.481
231.619
280.405
642.478
-835.536
526.999
-599.85
-607.719
44.9083
-654.193
-744.821
18.0073
578.393
314.476
-397.218
666.06
473.291
214.149
-79.7822
165.55
-4.6374
-407.614
-309.037
-202.826
-407.869
317.44
-68.4684
863.872
277.707
-526.188
-182.438
450.499
-531.039
-406.848
-320.037
360.307
239.916
-23.379
204.401
743.414
434.254
-123.208
113.448
-632.377
249.389
-115.43
586.977
556.476
-5.50372
-949.911
487.366
-173.679
-29.8023
982.315
322.204
-735.336
383.784
225.643
-1039.04
-18.5928
789.927
-500.103
727.158
877.073
-290.885
-383.309
-140.703
194.182
973.761
477.912
20.7771
624.928
189.628
513.479
464.361
-754.041
274.157
132.987
-1062.03
-696.668
-539.234
-1185.92
532.069
-445.751
-142.288
128.81
191.288
28.4995
-33.5777
-904.125
348.604
-480.006
161.865
-509.345
-250.17
-51.7742
-351.955
-508.794
547.888
-137.731
-170.406
-203.53
-1008.09
612.225
599.855
345.734
-679.329
245.523
193.505
-1366.67
-629.059
-177.666
20.4998
-205.109
249.108
-165.122
144.101
-1132.15
-93.479
50.4413
175.946
52.5645
-607.452
238.111
101.35
431.092
288.247
-663.532
-93.7031
-93.8328
120.458
352.088
-695.853
-784.248
-199.055
-261.033
-175.379
-513.913
-1013.88
-333.196
-426.745
387.707
-451.723
-1008.98
-129.97
-32.8835
-55.7451
-469.019
-543.82
117.77
527.486
352.976
-807.445
311.711
-191.733
315.09
-434.051
591.505
1372.99
-382.494
-471.379
913.393
-567.741
-442.938
-241.607
620.896
742.484
-204.438
-286.538
127.785
-29.8422
-205.317
-348.7
515.26
-74.7427
-570.021
344.847
539.285
-500.699
-562.127
70.7417
-882.329
311.093
173.957
878.24
-171.834
508.609
83.2459
-127.892
-434.103
-654.375
362.725
584.778
-42.022
1296.98
-589.097
1071.25
-115.934
-1079.88
18.0599
-440.412
-490.935
226.185
-301.616
242.692
166.313
184.423
-580.542
45.0388
373.534
-592.56
845.549
-658.114
349.943
-416.964
459.406
-357.633
-809.279
-1404.88
26.6107
544.232
1077.23
113.333
78.0117
-285.216
993.915
657.98
383.816
-222.662
-463.153
107.417
-468.725
84.5347
-597.298
-208.477
1213.67
238.109
188.567
69.9868
-393.226
495.941
-69.8093
-558.693
-26.7861
-643.815
63.9207
-1103.5
199.735
-583.548
-365.4
559.574
-157.213
269.188
-24.8458
149.245
-355.175
578.932
238.066
626.207
489.044
-359.665
570.596
-320.34
-991.27
58.9669
559.06
-147.076
-36.105
-218.164
189.301
-278.333
-737.29
90.1375
374.547
-202.119
-76.1611
391.697
-724.108
425.66
-214.024
1154.97
-560.672
175.667
-263.961
409.877
505.712
1183.39
41.1997
235.594
-445.87
633.765
237.603
235.688
-593.914
422.181
-333.115
-434.288
-119.193
-10.1385
-90.746
-80.0335
-518.561
-154
-544.463
472.022
525.493
-86.1524
-527.215
92.9607
387.007
-237.126
1174
781.716
-358.519
-982.753
-1000.78
290.728
-1111.53
-1204.9
-547.919
742.906
582.179
489.693
649.047
-707.244
-980.424
-104.899
412.552
729.341
482.872
-28.0648
801.784
50.9642
548.056
-231.475
-444.361
376.722
-234.395
42.3561
771.305
731.434
-148.056
784.172
-399.006
500.636
-178.993
91.5051
314.182
-502.729
-560.57
1486.61
-617.437
60.6055
-1380.1
-57.9581
-35.9121
-141.888
2.85662
-894.804
400.573
-1020.74
-747.298
231.818
-9.54117
-446.1
-105.77
976.033
-496.133
-212.545
-243.985
-592.909
-1090.56
-385.576
-428.371
26.2726
-815.268
-1198.96
269.878
-232.821
-542.126
1277.68
-531.867
-360.729
490.453
-551.365
582.725
-68.5614
212.342
274.155
643.904
-674.637
404.789
868.146
-487.929
7.21856
379.003
-162.151
593.374
-325.271
623.029
-302.472
604.922
301.82
-385.602
-233.734
-313.507
-36.4398
-1465.26
159.698
693.952
-917.234
497.052
217.915
525.228
-589.845
-354.12
-275.426
868.346
154.945
922.459
-87.5132
-16.8863
-720.596
-97.1594
-937.996
-1223.55
-375.617
412.339
-1110.71
4.84826
-465.239
-238.585
-632.195
1028.72
-208.583
-33.659
-236.965
1318.73
15.9271
-418.557
1015.3
156.504
-701.959
-729.598
164.404
133.196
-955.081
226.221
454.355
133.277
-134.336
314.653
-658.241
-1176.17
-28.4464
-348.694
-505.892
653.314
351.389
-1284.82
-470.609
539.245
-621.94
-20.8041
-438.414
-741.899
150.684
-152.519
-497.231
-583.526
-653.02
331.705
2.80774
429.824
-727.867
15.3782
451.724
892.822
-129.981
552.066
-929.299
-227.303
183.106
-216.59
1000.57
107.555
866.456
298.564
621.213
11.776
288.232
788.915
43.5813
1008.47
-632.853
-466.51
-216.836
-840.989
-292.921
-99.078
984.382
240.071
-457.37
-270.056
292.621
-149.539
-1038.62
159.451
662.171
-407.769
-205.309
1069.57
649.935
-492.927
-1419.39
-826.898
247.595
171
279.296
340.515
-289.677
398.728
84.0001
-646.232
-97.0424
451.259
349.123
133.139
-434.088
-233.695
1150.8
-660.771
-167.827
537.425
246.284
569.286
-1121.23
-39.0888
-620.224
355.839
-90.9102
-763.901
1058.95
-779.532
40.6441
1123.79
395.632
-308.89
-74.8333
-683.78
-69.183
-139.512
61.4521
-177.294
-544.316
-504.626
874.06
420.552
-138.651
-109.795
-238.621
-154.27
-656.446
33.8237
-244.457
-293.699
-260.154
-670.136
307.762
-490.981
-236.964
-744.847
-348.331
-675.991
55.3687
-147.427
815.117
-30.2999
-332.792
-468.571
170.625
-1106.89
-105.246
-179.051
-1134.3
-853.566
426.521
1169.21
373.248
-525.905
226.351
119.476
14.5523
-266.554
-637.057
-117.803
838.913
-434.933
724.574
168.507
-167.217
-65.6123
392.561
584.574
-998.33
528.368
543.047
798.082
-484.312
-847.068
30.7686
-351.822
-1313.18
-561.721
558.563
935.315
-927.24
-236.246
-386.183
284.162
-238.707
-229.465
-932.022
-561.584
120.984
515.516
-363.637
-1.29368
324.384
742.195
1142.41
-186.379
-1019.24
-501.915
589.954
-72.7378
-67.3346
-1137.82
825.321
890.231
-93.2796
-493.297
474.344
184.401
435.989
172.883
-543.697
-373.347
-380.781
1090.98
-329.593
28.0592
424.169
-339.611
411.815
141.6
-72.7575
-133.434
9.47543
-265.743
-139.318
159.68
600.865
-553.425
-72.3847
-380.901
-628.491
547.241
-568.848
901.898
-476.173
922.29
1244.94
-157.835
707.317
141.388
-30.2835
817.499
-894.708
254.462
1218.46
-397.264
469.035
534.393
158.265
-882.942
915.703
-152.963
670.411
-615.441
354.379
-155.038
-842.412
-180.644
601.898
237.521
-1071.34
-977.086
-762.999
-78.9674
141.888
803.323
-765.88
34.5637
-869.085
-593.867
-856.907
218.841
199.752
-98.9176
-1206.9
1016.64
176.023
871.825
70.7787
1019.89
-795.878
154.832
-71.1302
-259.118
1344.41
231.626
-1071.21
-626.315
152.748
455.069
-374.747
372.126
-359.364
-744.569
-213.428
-424.657
128.453
-30.8612
92.3812
115.784
545.081
-499.901
681.681
-65.4717
-134.728
-80.7986
-888.895
-567.61
-722.652
-244.436
-363.677
504.451
-196.71
60.1111
177.368
-480.718
-976.984
-69.2082
644.307
-141.2
-432.089
620.69
147.742
97.4427
-200.415
151.299
125.038
-157.778
-315.39
-1411.48
428.418
-326.615
206.894
1174.45
513.031
959.427
481.298
10.3464
-84.5414
317.355
473.996
-473.692
-84.6835
-375.795
-784.901
102.103
785.672
-631.215
-211.368
-262.768
833.861
556.871
-880.648
272.634
-254.762
-236.786
124.104
375.654
1435.35
-275.978
-566.753
-47.7307
354.842
20.9765
-614.461
612.327
-501.657
379.905
-763.365
993.185
-1568.2
-30.2697
-390.018
400.953
-510.344
-846.13
-283.848
697.439
-736.508
641.149
-864.994
1112.74
183.647
-744.057
62.0239
-749.97
998.358
-669.612
217.317
301.516
-228.093
237.753
-805.376
-701.995
-25.0555
142.373
-93.0788
-690.788
367.509
558.773
207.914
1288.32
61.4529
325.075
-310.879
-649.717
30.6058
-315.245
-143.406
-648.419
-328.828
-824.467
-659.041
-176.452
-498.335
205.398
-210.163
-40.9819
50.7221
515.822
137.919
-426.567
385.15
-465.098
-407.128
30.0086
-377.638
-1621.2
869.889
-69.4907
-386.688
-158.846
-1166.01
512.004
-731.731
-65.2937
793.794
45.848
-1411.22
-211.084
-1125.56
633.977
-41.1064
-516.675
-752.068
-672.828
488.813
718.026
1410.28
-410.361
-206.796
794.934
697.897
-715.375
-695.773
325.772
-1250.55
392.225
673.749
940.026
855.357
1071.79
111.824
-65.8419
-32.6722
434.462
-1038.48
437.856
-71.7837
-868.98
-281.221
-265.352
80.2755
1449.24
-21.9325
-474.817
-342.505
-349.289
83.1069
-873.467
505.853
948.275
-1287.42
-244.542
-969.004
-50.9976
-144.26
-831.981
92.6974
-488.228
-1101.41
-157.358
-775.863
320.262
-826.972
618.433
183.685
409.22
-803.029
-643.698
-438.776
335.525
328.882
-45.0452
36.8467
400.539
674.024
-374.005
267.14
-35.8789
-449.15
-42.8033
784.574
513.872
-470.769
1246.01
-727.923
-770.391
-221.148
-912.74
-671.019
-410.265
636.549
-1321.89
-15.075
1264.33
-11.1669
-509.361
-355.608
164.784
-208.011
-334.602
-217.012
221.101
-20.9329
-221.113
-537.218
-97.614
636.876
-643.665
189.187
70.433
-807.567
693.869
25.9663
-120.308
344.825
126.872
894.751
-328.258
-1148.82
220.177
-177.169
21.5332
676.676
627.04
-149.732
-611.95
419.212
-692.685
-707.532
506.458
82.5665
-1231.72
268.235
-46.7595
89.3284
667.076
5.52184
-470.369
918.198
70.4906
81.9812
-1012.34
-1065.69
866.081
-102.214
287.118
-41.5125
-475.53
434.191
747.042
387.497
-333.48
-721.034
-144.209
245.155
247.163
-892.571
-268.234
-754.569
795.242
432.731
276.105
285.887
-224.805
188.603
368.97
-52.2289
629.367
354.027
-99.9508
13.0205
-1150.65
418.274
547.534
-596.01
282.015
176.848
-491.04
-306.053
-1323.54
-494.539
850.761
833.923
-284.049
-354.33
1357.19
-117.787
792.032
-400.215
-830.702
258.65
777.918
219.25
436.561
676.364
-749.157
368.416
228.595
13.0958
140.154
-752.063
-1038.31
-53.5257
339.871
234.483
-83.5152
-863.625
775.166
627.275
-192.285
33.1174
-31.0219
285.983
-417.511
-476.993
-865.471
-629.868
258.178
-1019.89
-397.398
-1063.56
-346.904
180.606
-738.394
-492.81
473.082
-479.728
78
756.801
650.644
-241.141
-678.473
-165.824
290.509
-780.174
421.609
-1066.16
518.468
-251.76
-158.074
-420.184
-934.921
-167.962
-471.837
-94.6749
36.8117
141.297
-385.759
615.347
285.944
-7.88457
351.043
-641.354
360.058
236.92
-663.175
-31.7785
14.7457
513.241
608.043
-759.256
694.94
894.693
-43.2297
-547.658
246.084
926.49
176.77
626.197
377.467
590.323
-432.014
-253.176
-422.979
-259.557
-345.977
114.743
-276.391
-1406.07
799.781
790.758
-891.868
48.3686
799.434
134.171
-391.29
592.055
496.211
-991.825
-918.227
-441
53.6113
-98.7793
-401.673
-719.885
-278.497
-1092.6
-1060.41
628.033
295.41
-592.041
-125.713
144.255
-205.038
259.253
616.318
471.474
-185.894
1261.67
-86.5785
-552.932
1394.35
226.003
-1118.51
799.749
-319.973
284.387
-1.32359
457.158
-377.775
-967.485
725.053
210.675
-290.391
214.387
-807.589
-191.153
-405.71
308.171
-59.8932
316.031
44.3884
-234.048
366.131
730.099
827.234
-154.277
107.576
-652.22
-151.593
-45.2652
473.797
342.568
375.278
1099.59
-176.187
108.711
-1166.42
387.317
227.761
314.574
343.831
121.775
