1156.7
16.9704
-924.312
-89.5063
-670.77
357.001
285.145
532.755
-621.933
-970.267
84.626
-124.141
-127.939
-681.616
-2.9596
-90.1555
119.617
167.512
-182.11
-808.208
-163.129
-737.868
486.769
84.1206
432.44
342.916
-880.878
-1081.15
-470.109
-311.894
-665.33
-960.261
475.199
303.305
151.99
-480.828
-554.52
-407.757
13.2993
-538.144
70.3403
-121.613
-7.93123
-573.053
-967.314
306.737
387.902
-81.6108
920.618
-404.967
1016.26
474.744
191.376
-666.882
354.368
-1099.48
-810.839
-1268.68
-1346.52
17.8142
-417.72
-113.996
242.286
662.522
1073.54
446.075
662.408
517.782
330.123
-313.481
-86.6268
-996.634
162.687
-571.729
649.137
-185.532
-379.484
1264.85
318.446
47.751
-114.243
-605.295
1038.92
-225.254
200.529
341.932
-561.01
-854.748
641.271
623.417
757.603
-330.194
368.569
-591.857
99.7032
259.354
-119.656
-692.339
286.761
-125.319
-358.844
-694.957
602.483
151.673
369.992
-5.41306
165.686
599.581
456.482
-435.889
-5.0011
87.0768
780.895
198.435
-1295.61
-651.811
583.39
400.584
-631.61
1224.21
585.004
-410.644
-190.058
154.167
-68.7988
-23.8653
-133.819
23.7455
610.024
-177.512
490.047
212.886
278.668
483.077
76.134
1319.08
172.616
-19.1172
-966.96
-1146.5
-893.163
-289.863
-176.184
-792.623
734.257
524.244
270.586
326.387
-320.874
474.205
-1081.35
14.3325
-297.398
-225.188
552.498
346.819
80.1993
-231.559
998.058
644.435
-721.357
-639.25
-414.135
-0.697344
713.141
75.2997
55.2191
60.7108
115.323
-528.779
64.0778
296.591
-489.14
-598.58
-969.517
218.552
138.489
-327.476
457.239
-515.774
-689.398
359.184
-1091.71
-352.461
-573.71
740.378
-629.721
67.7391
-460.54
-726.519
-364.427
724.822
-63.4564
779.389
-403.14
-235.003
989.151
-426.849
-73.2959
-780.598
-464.396
-239.352
17.6274
-65.728
774.084
-204.439
-827.05
1173.18
-796.496
464.57
-609.059
-87.2393
-276.425
-839.117
-184.995
-520.129
-63.9894
-644.619
388.485
1053.66
503.543
425.318
-395.424
390.96
950.894
-132.291
25.5172
-775.921
-51.767
-162.516
-1063.16
18.3585
-1013.08
-191.646
-47.192
695.06
-140.325
127.557
360.22
-453.291
-773.627
-780.836
-896.567
-62.3559
961.929
-507.995
-550.835
470.523
-1191.58
500.426
199.309
-498.007
244.04
387.398
491.726
855.279
-356.115
-260.35
-253.737
-766.175
-90.8891
207.075
85.2886
1134.32
140.222
-11.7479
-370.665
401.878
-22.3552
-119.941
-455.57
279.835
532.782
860.468
881.45
504.96
-478.214
233.597
-189.815
-424.464
623.983
-344.824
658.862
-149.902
-151.982
892.187
264.498
1208.87
194.17
1012.66
476.336
913.12
360.682
399.666
-221.629
-17.0209
939.966
855.912
320.651
-202.026
-544.859
-112.069
-140.255
763.964
-23.8994
137.11
65.0784
90.8854
-75.8348
-530.014
601.605
1002.02
-528.375
-944.998
543.054
653.491
552.843
150.313
-327.536
-137.455
-945.035
-672.927
74.6537
669.88
47.0188
-110.338
-576.499
490.639
709.798
394.027
770.998
-118.791
-331.31
-314.363
-119.829
-18.7519
-475.423
1124.54
1188.73
-202.277
-928.905
499.916
-509.063
1103.75
-518.008
-1017.82
-37.8872
1233.26
-823.538
454.312
8.51088
-116.409
-661.498
549.347
-4.63348
-181.247
-929.642
40.9115
234.855
923.787
-113.126
347.672
1005.84
241.848
1020.62
-307.106
182.963
-1033.9
1015.6
-939.584
-286.928
-311.878
274.321
-7.24278
996.593
-928.18
-225.733
-56.9969
-298.309
305.654
7.14494
-691.274
-971.878
314.705
323.358
-559.17
-108.968
1238.34
349.641
-266.617
1338.29
146.977
488.487
-655.389
-932.154
175.772
30.2758
-727.921
-430.449
-320.546
226.695
-670.424
280.395
86.2104
229.658
301.593
-78.6439
294.148
-30.292
233.045
369.165
-516.539
-827.006
278.513
-850.236
-10.1396
-673.309
-286.902
542.825
-453.42
751.397
91.0043
-284.968
853.445
-595.71
1013.31
-228.831
-605.115
9.61065
349.545
80.6398
-457.196
445.045
-125.174
305.267
-52.8632
753.746
563.571
-446.379
537.801
-1120.02
-1133
984.958
-659.994
-536.545
377.574
242.416
379.441
596.447
158.451
553.476
614.994
-512.243
363.369
653.11
-508.509
573.838
-540.577
14.0473
-157.983
-735.584
-153.952
240.1
-210.954
-1296.37
430.51
-490.198
510.015
38.6177
-71.3303
-589.695
872.348
503.612
-1036.14
286.655
715.224
-636.599
-1250.94
-237.529
-726.116
-450.783
-493.136
-326.011
-454.382
156.275
399.351
5.8144
1312.62
249.724
993.361
690.453
650.84
-78.0447
-514.331
-129.092
405.343
-292.198
-288.633
-708.025
1033.76
554.111
59.5735
-17.8764
1295.8
242.793
-126.311
77.8028
355.713
381.603
-362.239
-278.921
172.041
-380.312
-421.717
57.1169
-585.013
-28.0717
229.041
311.951
-487.207
-157.086
104.185
343.301
-1138.64
-161.111
589.983
-525.596
910.754
-680.395
83.1918
-984.481
-613.464
230.449
-324.109
930.886
427.4
472.385
780.82
443.168
537.012
752.056
-193.123
-197.161
-696.739
5.51568
-744.103
-959.102
97.6751
113.445
-50.0889
366.05
79.5273
-285.612
232.263
274.912
-133.195
-98.2009
-809.836
1150.54
-74.7386
-490.41
-305.779
889.523
658.005
242.385
-814.404
510.461
-205.559
261.947
772.202
-464.943
-182.493
486.986
-514.049
100.379
530.62
732.888
809.884
437.621
45.1419
988.092
-522.514
-786.495
304.341
555.47
625.863
1101.73
-72.645
389.435
668.296
181.783
-248.192
1367.2
1062.77
-473.012
-336.259
-255.73
-123.115
122.309
140.627
611.267
-300.27
159.62
-169.745
-669.469
-351.975
-805.974
-487.104
-320.316
-982.785
-1191.9
676.359
19.4827
345.517
161.417
-286.004
892.559
88.1563
495.748
-136.36
-244.186
424.144
451.818
-833.029
-557.705
-362.634
613.767
28.8253
370.939
48.9701
-470.89
-635.002
-695.747
280.178
-255.547
-341.72
393.32
-1230.34
-624.052
190.98
-126.92
16.692
870.709
-777.779
65.2077
640.7
366.185
367.219
187.424
535.414
-242.173
-185.28
115.431
530.39
109.28
453.32
-30.6819
-135.343
-189.208
-198.636
-339.515
33.4036
874.884
-682.707
72.4232
-180.767
5.77903
-577.964
-215.964
970.766
1031.24
-13.2696
-825.412
-897.713
1040.98
-505.855
33.671
717.13
-104.197
-369.645
100.739
644.086
-914.088
-5.7157
442.067
-263.002
274.612
1098.25
-15.5731
82.7295
-749.097
622.337
-584.503
144.926
-213.065
-149.343
466.525
662.311
-34.6953
-28.2885
-842.37
784.33
50.1165
-770.516
-1251.29
-393.263
764.796
-289.009
209.827
326.194
-550.82
-988.781
706.924
20.0354
206.99
-1062.24
9.6078
95.0649
-54.0307
181.27
-60.7195
-1048.15
247.235
29.444
-344.75
-404.581
568.909
2.07407
303.164
181.693
767.479
-643.382
371.12
-1062.64
-216.075
12.2212
-112.151
330.922
-110.974
5.54147
-618.868
-292.041
485.345
678.74
-140.899
-930.929
-512.754
122.072
-31.1175
-342.678
261.013
37.5044
-658.737
-696.41
-1212.74
1089.23
174.477
410.612
474.628
-1064.49
713.66
778.089
-7.43346
-82.1612
746.887
647.647
-367.31
-332.719
761.705
-381.653
360.687
-201.701
813.208
186.685
-1303.2
536.923
219.167
-881.289
-628.601
313.895
229.802
278.785
640.544
-837.481
525.283
-601.852
-609.711
43.3009
-655.68
-746.425
16.2175
576.68
312.436
-398.73
664.427
472.344
212.477
-81.5733
163.815
-5.67026
-408.19
-309.524
-204.674
-409.384
315.869
-70.345
862.332
276.628
-527.682
-184.462
448.571
-532.829
-408.612
-322.088
358.316
238.163
-25.3487
203.812
741.366
432.239
-125.251
111.453
-634.121
247.727
-117.018
585.343
554.501
-7.03688
-951.884
485.744
-175.466
-31.2983
980.844
320.506
-736.854
382.131
224.548
-1040.99
-20.5679
787.912
-500.765
725.321
875.189
-292.407
-385.137
-142.288
193.653
971.914
475.976
19.9706
623.23
188.931
511.974
462.594
-756.059
272.28
131.172
-1063.57
-698.217
-541.183
-1187.81
530.367
-447.17
-144.165
127.268
189.312
26.8612
-35.238
-905.366
346.979
-480.569
160.718
-511.359
-252.082
-53.7141
-353.568
-510.33
546.306
-138.301
-172.027
-205.477
-1010.14
610.589
598.066
343.885
-681.152
243.514
192.574
-1368.62
-631.064
-179.465
18.6006
-206.858
247.121
-167.171
143.403
-1133.8
-95.4209
48.4332
173.935
50.6779
-609.003
237.458
99.9785
429.529
286.638
-665.233
-95.188
-95.527
118.833
350.477
-697.675
-786.018
-200.957
-262.741
-177.059
-515.874
-1015.77
-335.21
-428.369
386.048
-453.354
-1010.69
-130.992
-34.358
-57.4867
-470.572
-545.482
115.876
525.879
351.294
-809.234
309.869
-193.076
313.496
-435.731
589.66
1371.3
-384.477
-473.007
911.596
-568.431
-444.416
-243.4
619.289
740.737
-206.164
-288.158
126.17
-31.383
-207.293
-349.528
513.599
-76.4168
-571.629
343.172
538.662
-502.395
-564.083
68.7668
-882.944
309.335
172.334
876.336
-173.048
506.749
81.2763
-129.531
-435.576
-656.004
361.503
582.873
-44.0336
1295.66
-591.035
1070.74
-117.776
-1081.58
16.1434
-441.993
-492.858
224.152
-303.201
241.223
165.099
182.769
-582.119
43.059
371.957
-594.563
844.64
-659.944
348.047
-418.861
457.787
-359.433
-810.819
-1406.87
24.6822
542.632
1075.26
111.62
77.0213
-286.974
993.325
656.274
382.276
-224.202
-465.02
105.56
-470.692
82.9976
-598.836
-209.993
1211.68
236.593
187.324
67.9836
-395.085
494.296
-71.3155
-560.332
-28.7521
-645.433
62.0509
-1105.2
198.844
-585.459
-366.934
558.056
-158.671
267.432
-26.8579
147.533
-357.156
577.315
236.421
624.234
487.219
-361.448
568.919
-322.129
-992.804
58.2447
557.22
-148.692
-37.6158
-219.955
187.733
-279.993
-738.931
88.2302
372.485
-204.053
-77.9505
390.106
-726.061
423.871
-215.957
1153.07
-562.171
174.065
-265.886
409.029
504.164
1181.91
39.5003
233.98
-447.567
631.774
236.027
233.75
-595.891
420.691
-334.909
-435.895
-120.934
-11.7288
-92.3215
-81.9636
-520.287
-155.658
-546.15
470.348
523.991
-87.9316
-529.21
91.346
385.414
-238.625
1172.47
780.896
-360.191
-984.761
-1002.79
288.724
-1113.46
-1206.44
-549.52
740.936
580.202
487.96
647.439
-709.133
-982.228
-106.828
411.477
727.346
481.082
-28.8311
800.047
49.189
546.028
-233.405
-446.281
375.106
-234.983
40.7122
769.758
729.685
-149.742
782.532
-400.9
498.904
-180.356
91.0295
312.389
-504.379
-562.284
1486.05
-619.337
59.0046
-1381.75
-58.5793
-37.4906
-143.788
2.04651
-895.696
398.597
-1022.4
-748.931
230.028
-11.5785
-447.906
-107.685
974.088
-497.153
-214.398
-245.766
-594.819
-1092.4
-387.05
-429.856
24.2457
-817.011
-1200.85
267.933
-234.549
-543.627
1275.8
-533.576
-362.636
488.663
-552.979
581.108
-70.5439
210.551
272.534
641.934
-676.265
403.171
866.354
-489.456
5.24832
377.154
-163.94
591.826
-327.215
621.243
-304.534
603.314
300.074
-387.607
-235.467
-315.505
-38.2878
-1466.08
158.077
692.387
-918.867
495.212
217.33
523.437
-591.39
-355.998
-275.962
866.494
153.143
920.629
-89.4546
-18.536
-722.186
-98.6787
-938.945
-1224.59
-377.444
410.773
-1112.69
2.97271
-466.788
-240.388
-634.121
1027.09
-210.226
-35.536
-238.688
1317.17
14.9548
-420.567
1013.73
154.637
-703.488
-731.275
162.643
131.263
-956.727
224.264
452.343
131.794
-135.032
313.126
-660.039
-1176.72
-30.3801
-350.347
-507.727
651.474
349.408
-1286.77
-472.142
537.608
-623.725
-22.2833
-440.111
-743.876
148.832
-154.33
-499.23
-585.096
-654.81
330.155
1.08976
428.075
-729.466
13.761
449.906
892.229
-131.612
551.147
-930.938
-228.922
181.134
-218.462
1000.06
105.957
864.714
296.628
619.229
10.2169
286.231
787
41.7323
1006.57
-634.795
-468.302
-218.746
-842.837
-293.577
-100.636
982.373
238.217
-459.072
-271.802
290.614
-151.177
-1040.28
157.816
660.398
-409.48
-207.205
1067.68
648.379
-494.718
-1420.92
-828.454
245.833
169.412
277.391
338.777
-291.192
397.001
82.3922
-648.02
-98.0492
449.75
347.107
131.536
-436.084
-235.428
1149.44
-662.482
-169.38
535.93
244.603
567.297
-1122.91
-40.8792
-621.133
353.853
-91.445
-764.546
1058.15
-781.202
38.862
1122.04
393.83
-310.739
-76.5295
-685.398
-69.7524
-141.247
59.5147
-179.288
-545.786
-506.221
873.582
418.629
-140.284
-111.378
-240.269
-156.075
-658.055
32.3269
-246.453
-295.657
-262.138
-672.034
306.071
-492.771
-238.626
-746.815
-350.335
-677.631
53.7359
-149.159
813.331
-31.8765
-334.351
-469.689
168.952
-1108.51
-107.046
-180.632
-1135.88
-855.106
425.9
1167.61
371.717
-527.545
224.697
117.795
12.6902
-268.441
-639.076
-119.556
837.08
-436.482
722.957
166.752
-168.686
-66.2246
391.998
583.083
-999.913
526.478
541.43
796.227
-486.037
-848.783
29.2539
-352.454
-1314.78
-563.717
556.94
933.338
-928.872
-237.831
-387.697
282.547
-240.35
-231.326
-933.768
-563.373
119.226
514.675
-365.332
-2.81741
322.41
741.68
1140.53
-188.073
-1020.51
-503.747
587.98
-74.6533
-67.8198
-1139.87
823.296
888.302
-95.2894
-495.098
472.555
182.388
433.998
171.094
-545.604
-375.286
-382.511
1089.36
-331.09
26.4096
422.692
-341.339
409.813
139.665
-74.5807
-134.235
7.49586
-267.602
-141.106
158.031
598.852
-555.045
-74.1756
-382.941
-630.469
545.264
-570.649
900.28
-478.051
920.521
1243.46
-159.831
705.435
139.358
-31.4457
815.938
-896.309
252.66
1216.73
-399.017
467.131
533.529
156.462
-884.584
913.81
-154.59
669.798
-617.224
352.354
-156.998
-843.093
-182.23
600.399
235.881
-1073.03
-978.822
-764.981
-79.4599
139.906
801.531
-767.874
33.9761
-870.561
-594.625
-858.675
217.341
198.012
-100.938
-1208.81
1014.66
174.549
870.329
68.9896
1018.23
-797.864
153.211
-73.1851
-260.249
1343.86
229.632
-1072.85
-628.31
150.746
453.446
-376.811
370.338
-361.37
-746.244
-215.406
-425.706
126.428
-32.9
90.8856
113.971
543.112
-501.775
680.108
-67.1269
-136.313
-81.6616
-889.397
-569.518
-723.521
-246.246
-365.683
502.971
-197.28
58.5016
175.577
-482.364
-979.002
-70.8874
642.345
-142.912
-432.583
620.094
146.265
95.9074
-202.06
149.687
123.435
-159.346
-317.179
-1413.27
426.681
-327.539
205.405
1172.53
511.397
957.411
479.711
9.85327
-86.365
315.858
472.467
-475.041
-86.6844
-377.563
-786.917
100.295
783.718
-632.936
-211.887
-264.556
832.254
555.088
-882.642
270.656
-255.426
-238.686
122.637
374.049
1434.67
-277.494
-568.3
-49.2188
353.09
20.3337
-616.175
610.798
-503.462
378.153
-765.29
991.352
-1569.8
-32.0547
-392.017
399.125
-512.133
-848.069
-285.878
695.422
-738.179
639.495
-865.9
1112.08
181.855
-746.049
60.2746
-751.869
996.721
-671.623
215.366
299.887
-228.935
235.819
-807.014
-703.784
-26.7259
140.706
-94.6123
-692.585
365.72
557.17
206.008
1286.39
59.9669
323.516
-312.439
-651.508
29.0772
-317.034
-145.07
-649.947
-330.47
-825.148
-660.551
-178.164
-500.042
203.482
-211.904
-42.5449
48.725
514.09
137.078
-428.574
383.252
-467.083
-407.794
28.0241
-379.28
-1622.78
868.396
-71.5125
-388.157
-160.514
-1167.9
510.212
-732.263
-67.3026
792.18
44.2216
-1412.69
-212.588
-1127.45
631.991
-42.6854
-518.651
-753.575
-674.459
487.012
716.454
1408.35
-411.971
-208.723
793.054
696.135
-717.277
-697.675
324.088
-1251.5
390.261
672.671
938.122
853.328
1070.3
110.212
-67.8264
-34.4339
432.818
-1040.38
435.892
-73.5749
-870.767
-283.011
-267.066
78.4428
1447.63
-23.5596
-476.608
-343.501
-350.94
81.6229
-874.947
504.096
-813.801
947.728
-1289.2
-246.535
-970.508
-52.9136
-145.797
-833.882
90.7647
-489.842
-1103.05
-159.26
-777.81
318.638
-828.711
616.66
182.19
407.216
-804.849
-645.699
-440.514
333.778
327.288
-47.0472
34.9492
398.601
672.05
-375.835
265.678
-37.4063
-450.82
-44.4483
782.814
512.538
-472.593
1244.01
-729.469
-771.86
-222.636
-914.381
-672.169
-412.056
634.878
-1323.94
-16.7211
1263.63
-12.9962
-511.15
-357.419
163.148
-208.922
-336.284
-218.605
220.6
-22.6044
-222.904
-539.201
-99.415
635.248
-645.676
187.716
68.7999
-809.215
692.149
25.4206
-121.802
343.081
125.081
892.757
-329.927
-1150.89
218.187
-178.909
20.446
675.188
625.046
-151.314
-613.807
417.422
-694.473
-709.104
504.517
81.0444
-1232.44
267.72
-48.6165
88.4788
665.19
5.01575
-472.174
916.321
68.6237
80.2353
-1014.11
-1067.36
864.232
-103.838
285.211
-43.2504
-477.175
432.513
745.61
385.794
-335.489
-722.576
-145.921
243.704
245.184
-894.215
-270.057
-756.476
794.701
430.794
274.495
283.893
-226.566
186.982
367.118
-473.535
-52.8335
627.852
352.892
-101.57
11.29
-1152.7
416.599
546.005
-597.519
280.017
175.254
-493.038
-307.232
-1325.15
-496.137
849.052
832.283
-285.759
-356.033
1355.33
-118.681
790.222
-401.709
-832.29
256.678
775.905
217.747
434.927
675.834
-750.924
366.884
226.972
11.3216
138.369
-753.792
-1040.1
-55.0765
337.867
232.94
-84.1047
-865.353
773.456
625.379
-194.011
31.176
-32.8146
284.03
-418.015
-478.781
-867.519
-631.483
256.387
-1021.9
-399.19
-1065.16
-348.371
178.746
-740.188
-494.563
471.365
-481.647
76.2655
756.098
649.011
-242.824
-680.494
-167.59
288.889
-782.092
420.092
-1068.13
516.678
-252.281
-159.328
-422.124
-936.643
-169.445
-266.126
-473.628
-96.0849
35.1008
139.626
-387.789
613.344
284.298
-9.71539
349.236
-643.017
358.162
234.96
-664.648
-33.5323
14.0285
511.368
606.4
-761.304
693.459
892.743
-45.2247
-549.277
245.131
924.602
174.841
624.189
375.934
588.384
-432.559
-255.141
-424.909
-261.061
-347.902
113.151
237.525
-278.25
-1407.71
798.277
788.934
-893.464
46.4965
797.829
132.262
-392.489
591.36
494.648
-993.725
-919.979
-443.001
52.0669
-100.357
-403.279
-720.84
-280.073
-1094.58
-1062.03
627.578
293.768
-593.788
-127.73
142.252
-207.078
257.777
614.328
470.021
-187.635
1260.02
-88.2422
-554.686
1392.71
224.092
-1120.17
798.264
-321.457
282.786
-3.09329
455.489
-379.577
-969.045
723.403
208.745
-291.879
212.555
-809.556
-193.119
-407.693
306.498
-61.2994
314.156
42.7377
-235.764
364.12
728.612
825.495
-156.315
106.085
-653.808
-153.338
-47.0021
472.958
340.917
373.753
1098.75
-177.729
107.078
-1168.06
385.72
227.093
314.011
341.987
120.175
