1158.02
18.6547
-923.694
-88.5119
-669.468
357.467
285.508
532.995
-621.415
-968.998
85.3057
-122.865
-127.009
-680.793
-2.53503
-88.5563
120.935
168.903
-181.237
-807.394
-161.581
-737.184
488.465
85.436
433.977
344.538
-880.268
-1080.12
-468.839
-310.554
-664.99
-959.307
475.933
303.488
153.275
-480.528
-552.804
-407.486
14.3106
-537.834
70.7998
-121.129
-6.48063
-571.765
-965.555
307.595
389.158
-79.8208
922.39
-404.783
1017.23
476.129
192.141
-666.649
355.107
-1099.08
-809.889
-1267.86
-1345.37
18.8539
-417.145
-113.141
243.296
663.318
1075.32
446.58
663.407
518.629
330.721
-312.544
-85.035
-995.596
163.753
-570.479
650.295
-184.202
-378.803
1265.47
320.123
48.2658
-113.453
-603.504
1039.28
-224.717
201.183
342.558
-560.541
-853.828
642.928
624.573
758.939
-329.975
369.358
-590.282
101.464
260.67
-119.317
-691.969
288.267
-123.668
-358.537
-694.222
603.078
152.074
370.871
-4.22682
166.03
600.016
457.908
-435.439
-3.67865
88.2244
781.229
200.086
-1294.29
-650.887
584.386
401.157
-631.428
1224.68
586.518
-410.029
-189.66
155.281
-68.2353
-22.6726
-133.631
24.1738
611.157
-176.472
490.365
214.204
278.913
483.876
76.4425
1319.57
174.389
-18.711
-965.53
-1145.57
-892.205
-289.366
-175.662
-791.028
735.326
524.685
270.764
326.873
-320.438
474.568
-1080.87
14.5183
-297.203
-224.148
554
348.054
81.2036
-230.714
998.61
645.187
-720.381
-637.935
-413.636
0.153634
713.906
75.6611
56.2807
62.026
115.877
-527.462
65.7731
297.702
-488.017
-597.434
-967.798
220.262
139.064
-325.838
458.102
-514.309
-689.008
360.337
-1091.49
-350.924
-572.69
740.962
-629.393
69.0533
-458.84
-725.205
-363.96
725.691
-63.2752
779.86
-402.392
-233.929
989.658
-425.401
-72.4075
-779.756
-463.926
-238.715
19.1422
-64.6308
774.275
-203.464
-826.488
1173.67
-796.175
466.256
-608.51
-85.9242
-275.109
-837.859
-184.337
-519.086
-63.5161
-643.65
390.228
1054.16
505.227
425.709
-394.175
391.304
952.527
-131.129
26.8361
-774.818
-50.074
-160.887
-1062.48
20.0755
-1011.76
-191.206
-46.0364
695.632
-140.149
128.888
360.401
-452.144
-773.263
-779.684
-896.147
-61.6403
962.902
-506.999
-549.647
472.219
-1190.31
500.99
201.102
-497.755
244.474
389.181
492.344
856.926
-354.797
-259.905
-252.786
-765.289
-90.4161
207.47
85.9776
1134.86
141.54
-11.2189
-369.438
403.502
-20.7216
-118.166
-454.247
280.014
533.033
860.764
883.088
505.458
-477.348
234.646
-189.346
-422.71
625.302
-344.53
660.089
-149.439
-150.929
892.693
265.814
1209.46
195.158
1013.25
477.221
914.521
362.146
400.981
-221.096
-15.8728
940.45
857.509
320.943
-201.217
-543.913
-110.833
-139.788
765.285
-22.5283
137.577
65.2902
92.045
-75.4116
-529.476
603.025
1003.01
-527.381
-944.205
543.31
654.703
553.286
151.514
-326.222
-136.229
-943.928
-672.405
75.5031
670.387
47.8328
-109.853
-574.841
490.823
710.7
395.225
772.316
-118.251
-329.766
-313.045
-119.271
-17.9014
-474.468
1125.49
1189.63
-200.891
-928.323
501.047
-508.28
1104.97
-516.697
-1016.59
-37.2827
1233.79
-822.223
456.013
9.83044
-115.907
-661.038
550.75
-2.88594
-180.836
-928.98
41.0945
235.049
925.398
-112.588
348.059
1007.3
242.8
1020.88
-306.913
184.312
-1032.7
1016.43
-937.988
-286.742
-310.904
274.984
-6.06124
996.786
-926.66
-224.876
-56.6059
-297.79
306.885
7.83552
-690.794
-970.935
315.217
324.159
-558.834
-107.958
1239.59
349.87
-265.607
1339.1
147.842
489.073
-654.42
-930.837
177.538
30.5428
-727.437
-429.303
-319.883
227.551
-669.715
280.838
87.1883
231.111
301.853
-77.0836
295.259
-29.5635
234.361
369.678
-515.799
-825.92
280.218
-849.394
-9.60372
-672.074
-285.938
544.035
-451.643
752.307
91.8467
-283.342
854.066
-594.009
1014
-228.239
-604.851
10.4767
350.83
81.5831
-456.693
445.223
-123.46
306.081
-51.965
754.564
563.944
-445.292
539.092
-1119.71
-1132.79
986.583
-658.967
-536.099
378.057
242.923
380.428
597.162
159.24
554.047
616.387
-510.994
364.478
653.96
-506.847
574.312
-539.975
14.5489
-156.316
-735.053
-153.485
240.576
-210.153
-1295.27
430.867
-489.627
511.051
39.9149
-70.28
-588.782
873.792
505.245
-1035.09
287.877
716.893
-636.122
-1250.29
-237.052
-725.482
-450.343
-491.795
-325.3
-453.114
156.664
399.827
6.7465
1313.46
250.824
993.613
690.928
651.668
-77.0939
-512.601
-128.593
405.985
-291.334
-287.494
-707.186
1035.21
554.85
60.7739
-17.6885
1296.84
244.45
-125.423
78.7866
357.135
382.378
-360.875
-277.93
172.233
-378.576
-420.55
57.3088
-583.554
-26.8858
229.474
313.417
-485.968
-156.188
105.951
343.833
-1137.02
-159.697
590.417
-524.312
911.142
-678.667
83.3717
-982.794
-612.149
230.803
-323.114
932.447
428.248
473.075
781.421
443.354
537.235
752.967
-192.521
-196.096
-695.612
6.46705
-742.787
-958.576
99.4673
114.342
-49.3441
366.64
80.4721
-283.861
232.798
276.228
-132.697
-96.5523
-808.704
1151.47
-74.2343
-489.298
-304.898
889.746
659.036
243.702
-813.328
511.775
-203.938
263.098
772.864
-463.387
-181.077
488.248
-513.472
101.437
532.299
733.084
810.366
438.374
46.2228
988.998
-521.516
-785.873
-1250.28
305.354
556.373
626.977
1102.62
-70.9217
389.967
669.206
182.239
-247.031
1368.22
1063.89
-471.555
-334.743
-255.089
-121.799
122.975
140.965
612.579
-299.782
160.722
-169.185
-669.276
-350.943
-804.659
-486.333
-319.721
-981.402
-1191.03
677.193
20.6108
346.066
161.951
-284.256
893.495
88.6349
496.24
-134.761
-243.999
425.789
453.317
-831.367
-556.882
-361.69
615.367
29.3668
372.107
49.9733
-470.3
-634.006
-695.4
281.697
-255.064
-340.813
394.316
-1229.74
-622.404
192.202
-125.931
17.7867
871.209
-776.388
65.3869
641.054
367.322
368.151
188.686
536.295
-241.948
-184.582
117.115
531.393
110.964
454.276
-29.6729
-134.964
-187.525
-198.154
-339.237
34.3442
875.377
-681.347
72.7507
-179.868
7.09449
-576.915
-215.527
971.881
1032.56
-11.9202
-823.884
-896.562
1041.4
-504.79
34.9872
718.15
-103.585
-369.245
101.655
644.479
-913.492
-4.79439
442.625
-262.299
275.526
1099.86
-14.629
83.3897
-748.1
622.93
-583.765
145.438
-211.865
-148.873
466.718
663.234
-34.1355
-27.2153
-840.779
784.809
50.6437
-770.075
-1250.79
-392.758
766.017
-287.808
210.929
327.984
-549.318
-987.06
707.442
20.7228
208.725
-1061.75
10.9218
95.79
-52.369
182.14
-60.2458
-1046.98
247.589
30.0968
-344.131
-404.092
569.365
2.70514
303.73
182.005
767.972
-642.308
372.514
-1061.34
-215.123
12.5186
-111.646
331.835
-110.645
5.945
-617.554
-291.595
485.829
679.26
-140.106
-930.175
-512.411
122.388
-30.3909
-342.119
261.669
38.1478
-657.126
-695.035
-1212.34
1089.72
175.543
411.1
475.172
-1063.6
713.855
778.488
-6.10276
-80.5464
747.404
648.259
-365.576
-331.68
762.135
-380.709
362.168
-201.114
813.653
187.271
-1302.01
537.784
220.316
-879.865
-627.596
314.852
230.542
279.604
641.184
-836.887
526.253
-600.435
-609.406
44.5869
-654.171
-745.125
17.0733
576.871
313.751
-397.025
664.622
472.811
213.66
-80.7609
164.495
-5.22212
-407.734
-309.16
-203.995
-408.003
316.793
-69.7928
864.095
277.055
-526.206
-183.083
450.097
-531.977
-407.681
-320.75
358.618
238.821
-25.1631
204.283
742.681
433.555
-123.902
111.948
-633.933
248.745
-115.862
585.539
555.05
-6.80357
-951.684
487.022
-174.514
-31.0489
982.451
321.638
-735.49
383.167
224.969
-1039.5
-20.3534
789.228
-500.262
725.898
875.734
-291.06
-384.55
-141.331
194.063
972.484
476.154
20.4553
624.368
189.43
513.412
463.523
-754.668
273.042
131.915
-1062.31
-696.992
-541.007
-1187.26
532.061
-446.885
-142.589
128.525
189.532
27.9291
-34.218
-905.002
348.192
-480.126
161.116
-510.043
-251.903
-52.2048
-352.307
-508.577
547.17
-137.85
-170.802
-203.977
-1008.83
611.747
598.956
344.568
-680.969
243.916
193.044
-1367.12
-629.748
-178.539
19.3075
-205.917
247.402
-165.857
143.9
-1132.77
-94.1012
48.8256
174.344
52.2459
-607.221
237.961
100.28
430.416
287.94
-664.254
-93.5372
-94.5415
120.104
351.306
-697.084
-784.363
-200.376
-261.629
-176.062
-514.556
-1015.05
-334.79
-427.154
386.819
-452.171
-1009.98
-130.538
-32.7822
-56.5385
-468.784
-544.468
116.415
527.167
352.037
-808.339
310.564
-192.76
314.47
-434.735
590.35
1372.46
-383.034
-471.957
912.378
-567.932
-442.781
-242.787
620.573
741.784
-205.204
-286.928
127.19
-30.1214
-207.076
-349.046
514.805
-76.2243
-570.345
344.887
539.169
-502.204
-563.907
70.2204
-882.45
310.272
174.087
876.868
-172.676
507.31
82.7382
-128.289
-433.95
-654.929
361.868
583.454
-43.6229
1295.98
-590.523
1071.14
-117.593
-1080.86
16.6682
-440.825
-492.681
225.515
-302.242
242.829
165.468
183.985
-580.329
44.3767
373.137
-594.2
845.113
-659.096
348.644
-417.298
458.813
-358.666
-809.059
-1406.54
26.2087
543.617
1076.58
113.309
77.4836
-286.039
993.801
657.396
383.545
-223.97
-464.461
106.126
-470.517
84.754
-597.565
-208.618
1212.99
238.307
187.68
69.3933
-394.52
495.415
-69.8901
-559.094
-27.2838
-644.194
62.232
-1103.49
199.318
-584.896
-365.643
559.775
-158.405
268.371
-26.4445
148.242
-356.907
578.336
237.21
624.788
487.805
-360.49
569.112
-321.244
-991.519
58.7397
557.92
-147.443
-35.9126
-219.134
188.93
-278.264
-737.787
88.7611
373.802
-202.534
-77.0837
391.073
-725.885
424.738
-215.443
1153.6
-560.715
175.055
-265.709
409.508
505.943
1183.49
40.4821
234.995
-446.584
632.288
236.898
235.259
-594.437
420.94
-334.129
-434.775
-120.259
-10.5765
-91.3841
-81.4337
-519.21
-154.635
-545.001
471.351
525.677
-86.2874
-528.722
92.364
386.385
-237.168
1174.22
781.379
-359.431
-983.351
-1002.39
289.095
-1112.14
-1205.19
-547.747
741.124
581.519
488.916
648.745
-708.532
-980.596
-106.297
411.905
727.672
481.919
-28.3415
801.111
49.8218
547.343
-231.878
-446.104
376.352
-234.515
41.7916
771.536
730.63
-148.999
783.673
-399.334
499.862
-180.048
91.384
313.174
-503.284
-560.591
1486.49
-619.158
59.994
-1380.95
-58.0755
-36.316
-143.085
2.53079
-895.222
398.821
-1020.67
-747.683
230.884
-10.2637
-447.304
-107.159
974.708
-496.697
-214.216
-244.122
-594.257
-1091.82
-385.473
-428.33
25.6184
-816.335
-1199.27
269.43
-233.59
-541.945
1276.44
-533.385
-362.104
489.511
-551.717
582.352
-70.2898
211.38
273.813
642.122
-675.186
404.412
867.156
-488.136
5.43666
377.836
-163.754
593.606
-325.711
622.209
-303.213
604.595
301.02
-386.197
-234.512
-315.021
-37.7161
-1465.6
159.302
693.269
-917.688
495.788
217.798
524.254
-591.158
-355.372
-275.547
868.081
153.745
921.351
-87.9475
-17.4959
-721.036
-97.3156
-938.478
-1224.13
-377.261
411.687
-1111.37
3.60384
-465.008
-239.625
-632.585
1027.29
-209.433
-35.3553
-238.499
1318.4
15.4193
-420.167
1014.64
155.195
-701.75
-730.277
162.83
131.899
-955.605
224.848
452.757
133.442
-134.534
314.862
-659.429
-1176.29
-29.867
-349.564
-507.145
652.049
349.656
-1286.21
-470.846
537.803
-623.54
-20.6438
-438.979
-742.419
150.424
-153.582
-498.889
-583.909
-653.97
331.385
1.79183
429.116
-728.615
14.7849
451.52
892.708
-130.427
551.618
-929.704
-227.892
181.331
-217.906
1000.45
106.941
865.665
297.151
619.494
11.1195
286.585
787.684
42.5507
1007.11
-634.287
-467.495
-218.066
-842.264
-293.074
-99.7394
982.774
238.784
-458.349
-270.858
291.93
-150.11
-1039.26
158.876
660.585
-408.768
-206.665
1068.43
649.599
-493.908
-1419.19
-827.554
246.766
170.374
278.944
339.729
-289.811
397.962
84.1554
-647.117
-97.5893
451.452
347.546
132.841
-434.661
-234.743
1149.74
-661.511
-168.157
537.412
244.796
567.814
-1121.77
-40.0424
-620.661
354.128
-91.0303
-764.042
1058.64
-780.023
39.4866
1122.69
394.757
-309.925
-75.5455
-684.121
-69.302
-140.293
60.0323
-177.971
-544.166
-505.367
873.942
419.291
-139.225
-110.213
-239.16
-154.449
-656.776
33.7972
-246.125
-294.175
-260.696
-671.494
307.059
-491.92
-237.428
-746.273
-349.018
-676.575
54.7921
-148.474
814.299
-30.6984
-333.142
-469.275
169.144
-1107.29
-106.441
-180.418
-1135.01
-853.347
426.406
1168.92
373.03
-526.307
225.732
117.987
13.3461
-267.895
-637.76
-118.527
837.797
-434.703
724.064
167.778
-167.085
-65.73
392.444
584.747
-998.751
528.04
542.251
796.41
-484.959
-847.816
30.6399
-351.948
-1313.78
-563.235
558.158
933.569
-928.677
-236.966
-386.315
283.8
-239.556
-230.539
-933.095
-562.508
119.88
515.155
-364.599
-1.47478
322.619
742.078
1142.09
-187.088
-1020.16
-503.163
588.529
-73.1058
-67.4561
-1138.55
824.668
888.839
-94.8887
-494.334
473.427
182.807
434.507
171.983
-545.033
-374.673
-380.83
1090.64
-329.627
27.5122
424.328
-340.381
410.176
140.186
-73.8535
-133.75
8.02483
-267.037
-140.217
159.135
600.241
-554.847
-73.3559
-381.587
-630.245
545.494
-570.043
901.098
-477.427
921.155
1245.11
-159.508
707.002
140.673
-31.053
816.839
-895.001
253.584
1217.69
-397.991
467.834
534.006
157.064
-883.784
913.99
-153.543
670.297
-616.598
353.727
-155.679
-842.593
-181.269
602.08
237.124
-1072.28
-978.634
-764.732
-79.0888
140.158
802.334
-767.39
34.4457
-869.001
-594.134
-858.029
219.023
199.068
-99.5536
-1208.28
1014.9
176.127
871.811
69.8695
1018.42
-797.595
154.241
-71.8712
-259.841
1344.3
229.946
-1071.71
-626.993
152.158
454.539
-375.497
371.239
-360.99
-746.052
-213.954
-425.263
127.744
-31.5455
92.3625
114.566
543.293
-501.22
681.296
-66.3488
-135.355
-81.1837
-889.02
-568.951
-723.044
-245.649
-364.367
504.525
-196.829
59.618
176.396
-481.276
-977.686
-70.1382
643.664
-142.201
-432.212
620.575
147.9
97.1962
-201.012
150.952
124.739
-158.463
-316.31
-1412.38
427.745
-327.068
207.066
1173.22
512.569
957.851
480.872
10.2255
-86.1812
317.535
473.786
-474.725
-86.204
-376.575
-785.521
101.204
784.315
-631.852
-211.489
-263.653
833.563
556.006
-882.33
271.973
-254.924
-238.15
124.253
375.176
1435.17
-276.119
-567.069
-47.7078
354.031
20.8384
-615.206
612.54
-502.553
379.813
-764.655
992.952
-1568.8
-31.4333
-391.538
399.847
-511.262
-847.56
-284.507
696.738
-737.177
639.689
-865.427
1112.58
182.666
-745.748
60.9386
-751.331
997.78
-671.216
215.543
301.079
-228.455
237.335
-805.859
-702.925
-25.5424
141.897
-92.8635
-691.813
366.63
558.16
206.702
1286.57
61.6204
325.313
-311.533
-650.703
30.3973
-316.166
-144.303
-648.211
-329.33
-824.648
-659.146
-177.193
-498.931
203.66
-210.853
-41.3412
49.058
514.28
137.558
-428.111
383.844
-465.643
-407.292
28.289
-379.086
-1621.6
870.066
-70.197
-386.562
-159.508
-1167.31
511.003
-731.854
-66.9065
793.29
45.4252
-1411.1
-211.154
-1126.84
632.266
-41.7409
-518.43
-751.882
-673.385
487.615
717.378
1408.53
-410.697
-208.205
793.682
697.07
-716.742
-697.099
324.28
-1251.03
391.728
673.096
939.671
854.692
1071.81
111.224
-67.3094
-32.7779
434.554
-1039.85
437.359
-72.7683
-870.581
-282.19
-266.096
78.6262
1448.93
-22.3592
-475.823
-343.04
-349.905
83.2722
-873.404
505.034
-812.48
948.16
-1288.56
-245.218
-968.821
-51.5926
-144.041
-833.193
91.2911
-488.821
-1101.97
-159.081
-777.634
319.674
-827.034
616.848
183.861
408.532
-804.123
-645.348
-439.565
334.723
328.262
-46.5686
35.1287
398.778
672.262
-375.123
265.94
-35.6697
-449.815
-43.3258
783.003
512.854
-472.41
1244.51
-727.695
-770.263
-221.125
-913.15
-671.766
-411.266
636.065
-1322.6
-15.603
1264.13
-12.2799
-510.291
-356.523
164.211
-208.45
-335.537
-217.75
220.981
-21.6007
-222.079
-538.687
-98.6471
636.517
-645.272
189.31
69.974
-808.12
693.115
25.847
-120.315
343.269
125.908
894.176
-328.744
-1149.57
218.696
-178.72
20.8707
676.705
625.366
-150.149
-613.147
418.275
-693.583
-708.168
505.837
82.7707
-1231.94
268.116
-47.9514
88.9583
665.371
5.40125
-471.989
917.89
70.2053
81.9017
-1013.13
-1066.36
864.415
-102.751
285.786
-42.2992
-476.09
434.224
745.883
386.92
-334.173
-721.328
-145.211
243.972
245.424
-892.471
-269.331
-755.908
795.126
431.423
275.501
284.213
-225.633
188.21
367.687
-472.214
-52.3467
629.565
353.295
-100.748
12.3611
-1151.39
417.351
547.329
-595.82
280.359
176.104
-491.615
-306.845
-1323.84
-495.002
850.17
833.427
-285.044
-355.056
1356.9
-118.207
790.979
-400.228
-831.426
256.876
776.328
219.188
436.094
676.247
-749.938
368.186
228.193
12.2443
138.99
-752.835
-1039.26
-53.2928
339.184
234.193
-83.6336
-864.396
774.571
626.938
-193.05
31.6837
-32.2026
285.516
-417.634
-477.834
-866.172
-630.198
257.221
-1020.58
-398.388
-1064.17
-346.767
179.407
-739.26
-494.375
471.555
-480.101
77.2199
756.595
650.272
-241.111
-679.178
-166.944
290.12
-781.545
421.471
-1067.58
517.542
-251.881
-158.974
-421.615
-936.454
-167.798
-264.805
-472.811
-95.7982
35.2912
141.344
-386.418
614.661
286.034
-9.00191
349.835
-641.825
358.342
236.279
-663.023
-32.8733
14.5241
512.007
607.456
-759.99
695.104
894.229
-44.9035
-548.245
245.598
925.216
175.375
624.587
377.236
589.704
-432.135
-254.584
-424.381
-259.63
-346.366
114.121
237.855
-277.686
-1406.5
799.969
789.666
-891.686
47.2639
799.125
132.949
-392.11
591.858
495.534
-993.547
-918.956
-442.649
53.3121
-98.5706
-401.512
-720.374
-279.197
-1093.12
-1060.77
627.913
294.901
-593.116
-127.289
142.62
-205.763
259.41
614.625
470.286
-187.447
1261.1
-87.2291
-554.025
1392.9
224.775
-1118.98
799.918
-319.808
283.773
-1.44302
456.681
-378.664
-967.249
724.502
209.277
-290.373
212.739
-809.011
-192.565
-406.248
308.214
-61.0112
315.73
43.8356
-235.059
364.533
730.269
826.556
-155
107.582
-652.84
-152.392
-45.9434
473.439
341.956
375.097
1099.23
-176.476
108.149
-1167.26
386.699
227.595
314.456
342.677
121.163
