1160.07
21.2783
-922.864
-86.7149
-668.343
358.151
286.255
533.343
-620.584
-967.863
86.3724
-121.731
-125.936
-679.789
-1.74572
-85.9897
122.984
171.065
-179.822
-806.684
-159.066
-736.299
491.015
87.4957
436.315
346.991
-879.302
-1078.25
-467.742
-308.251
-664.486
-957.656
476.596
303.729
155.525
-480.085
-550.218
-407.199
16.1601
-537.374
71.4641
-120.37
-4.24378
-570.653
-962.89
308.622
390.248
-77.1411
925.068
-404.535
1018.32
478.484
193.324
-666.393
356.031
-1098.31
-808.81
-1266.86
-1343.31
19.7547
-416.326
-111.767
245.147
664.555
1078
447.416
665.227
519.986
331.534
-311.469
-82.6207
-994.703
164.86
-569.399
652.38
-182.11
-377.737
1266.05
322.649
49.0968
-112.754
-600.818
1039.65
-223.891
202.035
343.555
-559.835
-853.033
645.537
625.578
761.032
-329.728
370.577
-587.885
104.133
262.729
-118.588
-691.219
290.569
-121.065
-358.221
-693.293
603.891
152.848
372.3
-355.032
-2.10366
166.763
600.639
460.111
-434.783
-1.59742
89.3449
781.707
202.692
-1292.25
-649.815
585.474
402.083
-631.181
1225.36
588.826
-409.053
-188.891
157.294
-67.3264
-21.5472
-133.372
24.9659
612.142
-174.579
490.695
216.251
279.184
484.59
76.7629
1320.41
177.043
-18.1216
-963.142
-1144.03
-891.124
-288.557
-174.833
-788.604
736.433
525.115
270.984
327.638
-319.803
475.091
-1080.05
14.7711
-296.913
-222.256
556.474
349.183
83.0371
-229.365
999.137
646.356
-718.651
-635.872
-412.818
1.17736
715.093
76.0239
58.2094
64.0871
116.776
-525.406
68.4034
298.667
-487.048
-595.378
-965.157
222.901
139.882
-323.361
459.496
-511.883
-688.626
361.337
-1091.14
-348.423
-571.593
741.905
-628.907
71.119
-456.209
-723.139
-363.519
727.1
-63.0392
780.563
-401.237
-231.982
990.147
-423.165
-70.9563
-778.419
-463.483
-237.875
21.4569
-62.6477
774.54
-202.619
-825.586
1174.51
-795.698
468.882
-607.686
-83.8623
-273.049
-836.774
-183.742
-518.185
-62.7998
-641.946
392.886
1054.98
507.852
426.476
-391.965
391.799
955.124
-129.044
28.8791
-773.866
-47.4455
-158.423
-1061.43
22.6566
-1009.71
-190.782
-43.9616
696.451
-139.931
131.185
360.633
-451.154
-772.904
-777.622
-895.364
-60.7336
963.984
-505.199
-548.621
474.85
-1189.22
501.811
203.791
-497.378
245.1
391.863
493.33
859.407
-352.75
-259.478
-251.707
-763.846
-89.966
208.238
86.86
1135.68
143.587
-10.391
-368.378
406.091
-18.1278
-115.505
-451.963
280.241
533.311
861.079
885.687
506.268
-475.952
236.555
-188.526
-420.047
627.344
-344.095
661.217
-148.761
-150.018
893.539
267.87
1210.28
196.245
1014.06
478.667
916.896
364.396
403.041
-220.269
-14.7522
941.199
860.083
321.366
-199.952
-542.289
-108.632
-139.092
-20.3878
138.269
65.6027
94.1274
-75.0004
-528.606
605.22
1004.09
-526.292
-943.224
543.679
655.83
553.921
152.64
-324.154
-134.046
-941.939
-671.575
76.8632
671.232
49.1093
-109.089
-572.334
491.067
711.764
396.35
774.364
-117.426
-327.414
-310.997
-118.371
-16.5391
-473.641
1126.57
1190.68
-198.541
-927.506
502.165
-507.312
1107.15
-514.426
-1015.54
-36.3183
1234.62
-820.159
458.648
11.8705
-115.075
-660.368
552.926
-0.263703
-180.239
-927.945
41.3363
235.334
927.83
-111.762
348.618
1009.55
243.633
1021.25
-306.631
186.628
-1031.58
1017.76
-935.433
-286.486
-309.819
275.843
-5.03779
997.06
-924.183
-223.5
-56.0376
-296.959
308.014
8.72002
-690.047
-969.328
316.049
325.408
-558.109
-106.111
1240.71
350.203
-264.513
1340.08
149.239
489.619
-652.718
-928.781
180.183
30.8298
-726.672
-428.313
-318.841
228.577
-668.808
281.477
88.2727
233.35
302.232
-74.5562
296.375
-28.4318
236.418
370.51
-514.868
-824.806
282.782
-848.373
-8.73145
-671.007
-284.25
545.087
-448.977
753.814
93.1904
-280.881
854.883
-591.378
1014.64
-227.424
-604.571
11.2388
351.965
82.6586
-455.861
445.442
-120.818
307.071
-50.4908
755.853
564.699
-444.179
540.212
-1119.39
-1132.47
989.035
-657.868
-535.297
378.809
243.77
382.202
598.063
160.459
554.866
618.55
-509.862
365.594
655.326
-504.336
574.77
-539.163
15.0229
-153.799
-734.564
-152.665
241.297
-209.445
-1294.33
431.228
-488.808
511.951
42.1778
-69.3706
-587.275
876.015
507.839
-1033.19
288.936
719.509
-635.386
-1249.72
-236.317
-724.641
-449.545
-489.494
-324.395
-451.98
157.05
400.548
8.32465
1314.47
251.939
993.893
691.643
652.98
-75.4507
-509.952
-127.776
407.002
-290.297
-285.446
-706.454
1037.44
556.001
62.9198
-17.4273
1298.75
247.059
-123.972
79.8726
359.336
383.574
-358.74
-276.145
172.51
-375.966
-418.46
57.5847
-581.303
-24.7634
229.894
315.671
-483.77
-155.403
108.622
344.66
-1134.56
-157.504
591.215
-523.176
911.909
-676.02
83.6016
-980.246
-610.088
231.161
-321.316
934.986
429.266
473.703
782.233
443.602
537.489
754.033
-191.97
-194.988
-693.587
8.11324
-740.725
-957.723
102.155
115.813
-48.6785
367.455
82.0957
-281.198
233.625
278.283
-131.885
-94.0619
-807.584
1153.05
-73.3969
-487.297
-303.466
890.003
660.133
245.753
-812.216
513.843
-201.352
265.168
773.474
-461.019
-178.88
490.48
-512.654
102.542
534.921
733.371
811.11
439.542
48.1814
989.804
-520.425
-785.041
-1248.24
307.21
557.438
628.993
1103.67
-68.2754
390.838
670.711
183.051
-245.909
1370.09
1065.01
-469.135
-332.425
-254.245
-119.739
123.579
141.455
613.717
-299.005
161.837
-168.281
-668.992
-349.844
-802.597
-485.147
-318.907
-979.241
-1189.65
678.196
21.588
346.889
162.453
-281.632
895.096
89.3709
496.712
-132.195
-243.739
428.27
455.787
-828.853
-555.586
-360.074
617.942
30.1921
373.23
51.8029
-469.485
-632.916
-695.052
284.187
-254.309
-340.022
396.122
-1228.79
-619.804
193.262
-124.152
18.9015
872.02
-774.219
65.6143
641.795
368.31
369.731
189.818
537.074
-241.696
-183.493
119.739
533.224
113.587
455.354
-28.5802
-134.411
-184.987
-197.399
-338.827
35.9526
876.16
-679.217
73.0863
-178.392
9.15434
-576.009
-215.106
972.852
1034.6
-9.60515
-821.546
-894.502
1042.19
-503.683
37.0437
720.021
-102.61
-368.661
103.179
645.248
-912.546
-3.25439
443.447
-261.204
277.045
1102.45
-13.8054
83.99
-746.298
623.744
-582.836
146.269
-210.738
-148.051
466.994
664.782
-33.3141
-26.1059
-838.36
785.639
51.5047
-769.654
-1249.97
-391.913
768.201
-286.769
212.044
330.659
-546.855
-984.467
708.272
21.7997
211.379
-1060.95
12.9886
96.7037
-49.7588
183.548
-59.5278
-1044.91
248.329
31.1269
-343.306
-403.308
570.177
3.2814
304.549
182.459
768.76
-641.382
374.679
-1060.21
-213.473
12.9532
-110.805
333.348
-110.164
6.34098
-615.479
-290.947
486.579
680.089
-138.878
-929.229
-511.906
122.715
-29.4749
-341.297
262.268
39.1653
-654.553
-692.886
-1211.57
1090.52
176.65
411.869
475.996
-1062.53
714.138
778.885
-4.01151
-77.9638
748.235
649.07
-362.968
-329.79
762.556
-379.093
364.439
-200.298
814.289
188.211
-1300.89
538.549
222.382
-877.653
-625.764
315.931
231.692
280.598
641.775
-836.351
527.971
-598.235
-609.091
45.7221
-651.7
-743.987
18.4482
577.139
315.814
-394.391
664.907
473.501
214.686
-79.4887
165.37
-4.5732
-406.924
-308.414
-202.93
-405.66
317.864
-68.9698
866.767
277.67
-523.768
-180.931
452.421
-530.613
-406.113
-318.648
358.935
239.676
-24.9415
205.106
744.745
435.612
-121.788
112.418
-633.668
250.607
-113.787
585.824
555.568
-6.45975
-951.455
488.132
-173.685
-30.682
985.033
322.622
-733.168
385.058
225.575
-1037.2
-20.1088
791.284
-499.429
726.716
876.558
-288.75
-383.734
-140.251
194.843
973.303
476.372
21.2156
625.357
190.241
515.822
465.096
-752.498
273.724
133.068
-1060.1
-694.813
-540.787
-1186.44
534.607
-446.463
-140.195
130.748
189.783
29.037
-32.3555
-904.462
349.318
-479.325
161.692
-507.985
-251.676
-49.8964
-351.174
-505.915
548.2
-137.042
-169.673
-201.679
-1006.76
612.868
600.414
345.642
-680.721
244.313
193.744
-1364.81
-627.691
-177.732
19.9439
-204.307
247.702
-163.791
144.711
-1130.91
-92.0617
49.213
174.745
54.6272
-604.542
238.793
100.72
431.467
289.069
-662.515
-90.9335
-92.7757
121.205
352.307
-696.269
-781.859
-199.444
-260.668
-174.257
-512.51
-1014.42
-334.382
-426.026
387.77
-451.046
-1009.06
-129.88
-30.2388
-54.9037
-466.101
-542.619
117.241
528.302
352.964
-806.877
311.653
-192.297
315.553
-432.935
591.436
1373.47
-380.803
-470.853
913.589
-567.111
-440.187
-241.967
621.707
742.695
-203.528
-285.799
128.285
-27.8953
-206.83
-348.292
515.852
-75.9454
-569.209
347.463
540.014
-501.928
-563.688
72.4604
-881.615
311.869
176.714
877.695
-172.133
508.131
84.9881
-127.213
-431.363
-652.986
362.393
584.392
-43.2214
1296.42
-589.691
1071.91
-117.351
-1079.94
17.497
-438.734
-492.455
227.643
-301.162
245.405
166.003
185.039
-577.647
46.4254
375.253
-593.84
845.817
-658.355
349.602
-414.919
459.909
-357.485
-806.394
-1406.21
28.5374
544.703
1078.63
115.852
78.1559
-284.454
994.63
658.372
385.783
-223.625
-463.639
106.946
-470.302
87.4201
-595.334
-206.279
1215.04
240.948
188.197
71.5799
-393.7
496.532
-67.499
-558.025
-25.0253
-643.063
62.467
-1100.91
200.037
-583.992
-363.391
562.42
-158.012
269.972
-26.0407
149.141
-356.637
579.43
238.177
625.311
488.621
-359.66
569.388
-319.802
-989.278
59.5399
559.018
-146.311
-33.278
-217.843
191.072
-275.665
-736.666
89.5887
375.874
-200.213
-75.6832
392.153
-725.665
426.141
-214.612
1154.43
-558.298
176.143
-265.484
410.245
508.623
1186.05
42.2359
236.089
-444.831
632.78
237.938
237.567
-592.192
421.302
-332.929
-432.761
-119.387
-8.50662
-90.3098
-80.57
-518.28
-152.77
-544.009
473.184
528.303
-83.803
-528.266
93.4589
387.467
-234.746
1176.89
782.126
-358.484
-981.157
-1001.99
289.467
-1110.1
-1202.99
-545.088
741.352
583.567
490.585
649.88
-707.577
-978.121
-105.433
412.519
728.009
483.253
-27.5616
802.038
50.6558
549.403
-229.546
-445.878
377.483
-233.695
42.9024
774.217
732.26
-148.069
784.791
-396.953
501.533
-179.597
92.1241
314.385
-502.168
-558.038
1487.3
-618.926
61.0815
-1379.96
-57.2303
-34.2115
-142.454
3.28963
-894.495
399.076
-1018.07
-746.607
232.26
-8.20054
-446.491
-106.331
975.288
-496.031
-213.977
-241.637
-593.353
-1091
-382.933
-425.841
27.7606
-815.456
-1196.87
271.723
-231.918
-539.324
1277.45
-533.112
-361.277
490.87
-550.584
583.481
-70.0138
212.693
274.922
642.349
-673.239
405.542
868.408
-485.855
5.6606
378.909
-163.5
596.287
-323.407
623.057
-301.132
605.729
302.648
-384.007
-232.855
-314.564
-36.8973
-1464.83
160.431
694.314
-916.563
496.606
218.618
525.54
-590.81
-354.382
-274.766
870.482
154.557
922.481
-85.6414
-15.6017
-718.977
-94.9877
-937.777
-1223.46
-377.015
412.754
-1109.32
4.60458
-462.33
-238.448
-630.241
1027.58
-208.457
-35.1215
-238.23
1320.61
16.1008
-419.776
1015.71
156.017
-699.097
-728.475
163.089
132.48
-954.486
225.39
453.165
136.044
-133.719
317.517
-658.61
-1175.5
-29.0356
-348.596
-506.328
652.867
349.93
-1285.71
-468.589
538.087
-623.283
-18.0465
-438.001
-740.17
152.837
-152.424
-498.547
-581.79
-652.637
333.581
2.68634
430.02
-727.586
15.8814
453.96
893.538
-129.302
552.32
-928.64
-226.794
181.562
-217.084
1001.22
108.028
867.315
298.008
619.784
12.1846
286.942
788.312
43.2755
1007.94
-633.454
-466.237
-217.454
-841.445
-292.238
-98.6758
983.173
239.603
-457.433
-269.24
293.985
-149.002
-1037.41
159.981
660.839
-407.862
-205.839
1069.11
651.782
-492.644
-1416.54
-826.488
248.348
171.454
281.304
341.38
-287.466
399.644
86.798
-645.634
-96.9227
454.087
347.973
133.978
-432.454
-233.86
1150.17
-659.802
-165.978
539.867
245.072
568.306
-1120.78
-38.7126
-619.943
354.423
-90.2483
-763.198
1059.39
-779.007
40.3135
1123.53
395.573
-309.208
-73.785
-683.019
-68.4946
-138.64
60.8802
-175.918
-541.582
-504.337
874.688
419.896
-138.12
-108.124
-238.043
-151.987
-655.64
36.2349
-245.791
-291.898
-258.467
-670.668
308.84
-490.559
-236.392
-745.775
-346.963
-674.663
55.8969
-147.594
815.152
-28.5883
-330.985
-468.669
169.422
-1106.16
-105.629
-180.1
-1133.96
-850.682
427.253
1170.06
375.313
-525.238
227.619
118.264
14.3803
-267.07
-635.7
-117.637
838.919
-432.026
726.069
168.668
-164.517
-64.8914
393.249
587.361
-996.676
530.41
543.243
796.645
-484.028
-846.121
32.9923
-351.102
-1312.69
-562.783
559.286
933.832
-928.381
-235.929
-383.97
284.931
-238.58
-229.843
-932.218
-561.113
120.732
515.894
-363.675
0.833552
322.861
742.851
1144.45
-185.323
-1019.64
-502.347
589.048
-70.7509
-66.7099
-1136.49
826.803
889.719
-94.4956
-493.158
474.841
183.217
434.993
173.437
-544.118
-374.116
-378.294
1091.76
-327.2
28.6279
426.924
-338.713
410.541
141.039
-72.7238
-132.986
8.52042
-266.216
-138.766
160.251
602.399
-554.545
-72.0666
-379.464
-629.996
545.755
-569.229
902.086
-476.44
921.983
1247.72
-159.178
709.377
142.734
-30.4824
817.902
-893.872
254.396
1219.38
-397.105
468.473
534.735
157.876
-882.798
914.216
-152.44
671.14
-615.764
355.867
-153.635
-841.765
-180.189
604.704
238.201
-1071.33
-978.365
-764.464
-78.3374
140.434
803.588
-766.939
35.2669
-866.481
-593.345
-857.177
221.647
199.984
-97.3968
-1207.45
1015.17
178.676
874.269
71.3013
1018.7
-797.312
155.339
-69.8035
-259.247
1345.1
230.271
-1070.59
-624.94
154.347
456.521
-373.424
372.723
-360.615
-745.77
-211.715
-424.615
129.803
-29.425
94.8073
115.38
543.515
-500.397
683.429
-65.3877
-134.275
-80.4493
-888.266
-568.041
-722.307
-244.835
-362.311
507.052
-196.022
61.6324
177.686
-480.162
-975.626
-69.2023
645.707
-141.299
-431.462
621.406
150.495
99.451
-199.107
152.085
125.876
-157.41
-314.906
-1410.95
428.669
-326.36
209.677
1173.85
513.691
958.282
482.96
10.9779
-85.9353
320.156
476.076
-474.259
-85.748
-375.72
-783.345
102.001
784.873
-630.916
-210.719
-262.168
834.701
557.538
-882.013
274.021
-254.093
-237.323
126.836
377.21
1435.97
-273.781
-564.881
-45.2299
355.642
21.6767
-613.504
615.199
-501.764
382.316
-764.084
995.369
-1567.71
-30.6084
-391.087
400.973
-509.852
-846.727
-282.365
698.795
-735.359
639.969
-864.706
1113.4
183.936
-745.439
61.7996
-750.505
998.884
-670.822
215.759
302.204
-227.709
239.65
-804.736
-701.547
-24.5174
142.93
-90.2024
-690.628
368.133
559.247
207.331
1286.79
64.226
327.998
-310.466
-649.449
32.6831
-314.764
-143.351
-645.559
-328.21
-823.821
-656.781
-175.479
-497.971
203.884
-209.944
-39.191
49.3978
514.543
138.3
-427.673
384.795
-463.415
-406.46
28.5742
-378.798
-1619.52
872.685
-68.1375
-384.002
-157.671
-1166.37
512.228
-731.078
-66.5168
795.302
46.5516
-1408.56
-208.755
-1125.87
632.564
-40.6648
-518.183
-749.255
-671.445
488.427
718.448
1408.74
-409.563
-207.374
794.685
698.663
-715.915
-696.177
324.556
-1250.33
393.983
673.704
942.022
856.817
1074.3
112.317
-66.8242
-30.2779
437.157
-1039.02
-71.3855
439.613
-71.5096
-870.324
-280.896
-264.388
78.8693
1450.07
-21.233
-474.617
-342.367
-348.021
85.8756
-870.902
506.637
-810.446
948.957
-1287.71
-243.166
-966.198
-49.5596
-141.376
-832.581
92.1512
-487.724
-1100.86
-158.852
-777.412
320.773
-824.501
617.102
186.476
410.586
-803
-644.999
-437.927
336.349
329.345
-46.1135
35.3577
398.997
672.509
-374.015
266.322
-33.0155
-447.986
-42.2078
783.259
513.308
-472.162
1245
-725.021
-767.706
-218.649
-912.089
-671.175
-410.049
637.097
-1320.49
-14.4856
1264.94
-11.1645
-508.911
-355.742
165.317
-207.737
-334.6
-216.722
221.741
-19.7704
-220.778
-538.211
-97.4627
637.619
-644.878
191.873
71.0973
-807.004
694.822
26.6377
-117.863
343.531
127.217
896.367
-327.72
-1147.48
219.178
-178.455
21.486
679.196
625.7
-148.059
-612.112
419.646
-692.129
-707.094
507.875
85.4191
-1231.13
268.885
-46.9053
89.6976
665.6
6.163
-471.737
920.266
72.6047
84.4147
-1012.28
-1064.55
864.651
-100.783
286.714
-40.6538
-474.976
436.795
746.274
387.897
-332.116
-719.123
-144.308
244.361
245.69
-889.848
-268.204
-754.998
795.918
432.004
276.593
284.544
-224.055
189.339
368.506
-470.181
-51.5136
632.207
353.874
-99.7487
13.2889
-1149.32
418.286
549.624
-593.19
280.708
177.126
-489.409
-306.279
-1322.7
-492.963
851.144
834.546
-284.137
-353.322
1359.28
-117.487
792.156
-397.784
-830.385
257.109
776.745
221.599
437.216
677.03
-749.091
370.458
229.321
13.7896
139.813
-751.175
-1037.91
-50.6111
341.238
236.414
-82.8118
-862.739
775.542
629.302
-191.374
32.5163
-31.3859
287.793
-416.876
-477.014
-864.055
-629.09
258.546
-1018.53
-397.143
-1063.09
-344.198
180.449
-738.458
-494.112
471.822
-477.745
78.877
757.398
651.368
-238.534
-677.118
-166.098
291.249
-780.663
423.82
-1067.09
518.937
-251.11
-158.457
-420.781
-936.182
-165.197
-262.772
-471.529
-95.3775
35.5614
143.927
-384.276
616.714
288.638
-7.89025
350.647
-640.796
358.57
238.322
-660.436
-32.0158
15.327
513.022
609.382
-757.922
697.707
896.503
-44.5736
-547.145
246.286
926.201
176.245
624.983
379.507
591.741
-431.348
-254.07
-423.523
-257.234
-344.024
115.204
238.579
-276.865
-1405.45
802.6
790.808
-889.016
47.9484
800.26
133.572
-391.554
592.667
496.584
-993.314
-918.08
-442.296
55.5227
-95.8963
-398.861
-719.678
-278.15
-1090.87
-1059.63
628.641
296.02
-592.244
-126.864
142.988
-203.699
262.004
614.939
470.669
-187.182
1262.21
-85.3778
-553.162
1393.18
225.395
-1117.95
802.526
-317.206
284.859
1.04892
457.715
-377.869
-964.563
725.617
210.145
-287.903
212.982
-808.514
-192.051
-404.016
310.792
-60.5888
318.118
44.9508
-234.159
364.939
732.878
827.479
-152.936
110.048
-651.758
-150.767
-45.0265
474.18
343.851
377.409
1099.96
-174.26
110.093
-1166.26
387.784
228.419
315.261
343.76
122.25
