1157.72
19.051
-924.791
-88.8988
-669.494
358.075
286.272
532.825
-622.702
-969.044
84.3398
-122.914
-127.43
-681.411
-1.70455
-88.1889
120.656
168.662
-181.856
-807.84
-161.265
-738.13
488.686
85.1296
433.914
344.625
-881.388
-1080.45
-468.89
-310.45
-664.783
-959.777
475.433
302.867
153.326
-480.464
-552.53
-408.275
13.9571
-537.732
71.3707
-120.375
-6.6465
-571.803
-965.144
307.029
389.1
-79.4178
922.803
-405.353
1016.85
476.285
191.347
-667.441
354.256
-1098.29
-810.276
-1268.47
-1345.51
18.6253
-418.345
-113.787
242.944
662.578
1075.74
447.478
663.032
517.97
329.548
-312.953
-84.9993
-995.83
163.494
-570.546
650.18
-184.515
-379.772
1264.88
320.312
46.9665
-113.911
-603.091
1038.5
-225.979
200.135
341.49
-559.886
-854.176
643.319
624.438
758.627
-330.77
368.607
-590.269
101.875
260.366
-118.582
-691.202
288.167
-123.278
-359.322
-695.048
601.897
152.88
370.261
-357.299
-4.30329
166.772
600.485
457.707
-434.881
-4.00225
88.0514
781.358
200.477
-1294.54
-651.308
584.035
399.986
-632.007
1225.28
586.424
-411.132
-188.861
155.093
-69.4348
-22.8017
-134.134
25.0087
611.004
-176.782
489.578
213.932
278.119
483.435
75.6561
1320.48
174.756
-18.3131
-965.341
-1146.11
-892.582
-288.515
-176.948
-790.976
735.064
523.916
270.006
327.636
-319.931
474.805
-1079.99
13.9742
-297.502
-224.458
554.275
347.96
80.8376
-231.376
997.953
644.375
-720.805
-638.25
-412.768
-0.418921
713.121
74.8805
56.0074
61.7153
114.664
-527.76
66.1716
297.531
-488.183
-597.578
-967.395
220.663
137.856
-325.714
457.468
-514.082
-689.782
360.198
-1091.65
-350.622
-572.994
739.817
-629.228
68.7306
-458.441
-725.532
-364.717
725.066
-63.9285
780.501
-403.23
-234.184
988.958
-425.568
-73.0021
-780.426
-464.681
-239.79
19.0552
-64.849
773.806
-203.753
-827.703
1174.58
-796.029
466.653
-609.748
-86.2371
-275.417
-837.921
-184.916
-519.313
-62.8437
-644.09
390.635
1055.02
505.623
426.505
-394.163
391.478
952.913
-131.244
26.5746
-775
-49.676
-160.782
-1063.48
20.3418
-1012.05
-191.977
-46.1619
694.415
-140.924
128.986
359.714
-452.291
-774.04
-779.822
-895.326
-62.5341
962.519
-507.383
-549.762
472.617
-1190.36
499.764
201.519
-497.845
244.954
389.595
491.261
857.05
-355.069
-260.676
-253.179
-765.887
-91.1625
208.268
85.0155
1133.57
141.27
-12.4956
-369.523
403.887
-20.3348
-117.789
-454.162
279.3
532.239
859.973
883.475
506.306
-477.979
234.353
-188.467
-422.3
625.044
-344.489
659.985
-148.84
-151.148
893.607
265.518
1208.28
194.804
1012.06
476.621
914.697
361.993
400.676
-222.365
-16.0441
941.18
857.884
320.951
-201.936
-544.4
-110.831
-139.155
-22.7918
138.201
65.0427
91.9273
-76.1848
-530.735
602.817
1002.64
-527.719
-944.886
543.189
654.585
553.784
151.39
-326.549
-136.245
-944.14
-673.685
74.8471
671.301
47.1209
-109.089
-574.676
490.217
710.231
395.095
772.044
-119.511
-329.815
-313.323
-120.484
-18.5557
-474.778
1125.08
1189.12
-200.74
-929.508
500.853
-508.999
1104.95
-516.625
-1016.69
-38.4003
1232.51
-822.544
456.412
9.57648
-115.014
-660.451
550.522
-2.56268
-180.419
-929.999
40.4785
234.711
925.455
-113.848
348.381
1007.15
242.497
1020.75
-307.265
184.43
-1032.82
1015.75
-937.632
-287.265
-311.268
273.954
-6.17944
996.368
-926.382
-225.521
-56.2566
-299.079
306.788
6.87987
-690.06
-971.431
313.91
323.428
-558.105
-108.314
1239.49
349.666
-265.928
1338.39
147.21
488.438
-654.861
-931.137
177.892
29.752
-726.668
-429.451
-320.888
226.983
-670.603
281.348
86.8229
230.947
301.757
-76.7553
295.049
-30.4342
234.063
368.373
-516.62
-826.141
280.46
-849.963
-10.857
-672.153
-286.388
543.942
-451.258
751.747
91.1797
-283.241
852.917
-593.61
1013.48
-229.415
-605.64
10.0915
350.783
81.1756
-455.798
444.453
-123.057
305.411
-52.5443
753.858
564.72
-445.518
539.06
-1120.49
-1133.01
986.667
-659.262
-535.248
378.795
243.842
380.026
596.245
158.489
552.829
616.146
-511.063
364.265
653.306
-506.676
573.576
-541.134
13.8303
-156.138
-735.755
-152.607
241.256
-210.601
-1295.46
430.085
-490.833
510.821
39.979
-70.5008
-589.338
873.612
505.631
-1035.39
287.791
717.286
-635.408
-1250.89
-236.344
-726.549
-449.499
-491.693
-326.196
-453.166
155.886
400.506
6.23083
1312.83
250.604
992.817
691.595
650.979
-77.5711
-512.195
-127.729
404.948
-291.867
-287.647
-707.607
1035.04
554.012
60.7204
-18.1774
1296.55
244.841
-126.018
78.4285
356.932
381.605
-361.144
-278.323
171.845
-378.268
-420.661
56.9153
-583.705
-26.9631
228.7
313.268
-485.968
-156.547
106.362
342.558
-1136.91
-159.907
591.262
-524.349
911.938
-678.262
82.6769
-982.57
-612.46
230.021
-323.499
932.786
427.655
472.535
780.248
442.778
536.437
752.512
-193.15
-196.351
-695.788
5.99133
-743.102
-959.863
99.884
113.76
-49.841
365.456
79.9829
-283.451
231.529
275.935
-131.841
-96.4111
-808.882
1150.95
-73.3311
-489.498
-305.505
888.947
658.727
243.419
-813.561
511.446
-203.554
262.967
772.304
-463.414
-181.284
488.281
-514.668
101.169
532.694
732.755
811.087
437.559
45.9798
988.665
-521.848
-786.966
-1250.52
305.007
555.911
626.792
1102.11
-70.5179
388.714
668.645
183.105
-247.188
1367.89
1063.69
-471.334
-334.826
-256.154
-122.109
122.408
141.131
612.559
-298.992
160.504
-170.392
-669.608
-351.236
-804.974
-487.126
-320.893
-981.644
-1191.67
676.557
20.451
344.816
161.265
-283.929
892.99
89.3439
495.519
-134.394
-244.493
425.915
453.588
-831.191
-557.579
-362.182
615.743
28.1094
371.951
49.6051
-471.477
-634.341
-696.179
281.988
-254.317
-341.165
393.933
-1230.89
-622.014
192.116
-126.328
17.5645
872.056
-776.622
64.6761
641.809
367.172
367.635
188.62
535.93
-242.743
-185.517
117.512
531.024
111.36
453.879
-29.9989
-134.65
-187.317
-197.408
-339.252
33.8462
876.172
-681.621
71.9664
-180.446
6.78735
-577.138
-216.299
971.714
1032.31
-11.804
-823.947
-896.703
1042.23
-505.043
34.689
717.818
-104.687
-368.854
101.107
645.278
-914.642
-5.33242
441.389
-263.224
274.975
1100.25
-14.943
82.8174
-748.482
621.748
-584.59
144.132
-211.985
-147.992
466.325
662.699
-35.364
-27.4631
-840.734
785.704
49.3741
-770.844
-1249.92
-391.841
766.002
-287.912
210.711
328.38
-549.054
-986.774
706.142
19.7714
209.131
-1060.91
10.5959
94.9139
-51.9769
181.516
-59.5703
-1047.11
248.342
29.0766
-345.246
-403.289
570.232
2.10489
302.507
182.085
768.777
-642.513
372.276
-1061.36
-215.596
12.5559
-110.735
331.28
-110.498
5.16928
-617.884
-291.057
486.564
677.963
-140.85
-930.951
-512.204
121.602
-31.2594
-343.345
261.096
37.109
-656.752
-695.289
-1211.54
1090.54
175.283
411.87
473.913
-1064.04
713.501
777.709
-6.4162
-80.1631
746.102
647.1
-365.271
-331.993
761.359
-381.201
362.037
-202.299
814.148
186.119
-1302.13
537.402
220.182
-880.056
-627.961
314.458
229.7
278.946
640.602
-837.535
525.818
-600.638
-610.19
44.545
-653.899
-745.144
16.4273
576.418
313.435
-396.625
664.281
473.43
213.544
-81.4755
163.511
-4.68598
-406.871
-308.398
-204.965
-407.858
316.359
-71.0327
864.505
277.508
-525.967
-183.335
450.02
-532.629
-408.202
-321.052
357.83
237.782
-25.9627
205.167
742.363
433.257
-124.193
111.225
-634.386
248.404
-115.988
585.2
554.383
-6.97714
-952.478
486.981
-174.822
-31.1684
982.832
321.484
-735.366
382.856
225.403
-1039.6
-21.1499
788.933
-499.364
724.689
874.473
-290.948
-385.734
-141.718
194.879
971.262
475.381
21.2111
624.218
190.282
513.623
463.003
-754.901
272.565
131.076
-1062.3
-697.012
-541.76
-1188.5
532.277
-446.871
-142.582
128.549
188.736
27.6742
-34.5582
-904.709
348.076
-479.278
161.48
-510.348
-252.613
-52.2982
-352.368
-508.168
546.609
-136.99
-170.899
-204.081
-1009.16
611.578
598.365
343.614
-681.536
243.14
193.684
-1367.21
-630.047
-178.872
18.7768
-206.414
246.612
-166.183
144.752
-1133.11
-94.3538
48.0485
173.568
52.2356
-606.806
238.852
100.329
429.915
287.916
-664.673
-93.1471
-94.9467
120.055
350.669
-698.257
-784.201
-201.542
-261.803
-176.444
-514.825
-1015.59
-335.562
-427.258
386.043
-452.304
-1010.84
-129.979
-32.4379
-57.0207
-468.368
-544.822
115.154
527.121
351.195
-808.925
309.632
-192.653
314.097
-435.119
589.415
1372.33
-383.205
-472.228
911.62
-567.058
-442.393
-243.919
620.522
741.564
-205.662
-287.019
126.875
-30.094
-207.871
-348.301
514.708
-76.597
-570.38
345.145
540.083
-502.592
-564.669
70.0577
-881.548
309.767
174.417
875.587
-172.385
506.08
82.5855
-128.36
-433.565
-655.188
362.113
582.301
-44.3976
1296.03
-591.821
1071.94
-118.206
-1081.7
15.3848
-440.934
-493.399
225.239
-302.625
243.206
165.737
183.894
-579.921
44.0996
373.053
-594.978
845.758
-659.506
347.519
-417.309
458.501
-359.466
-808.648
-1407.32
26.1359
543.255
1076.32
113.523
78.0713
-286.55
994.694
657.235
383.584
-224.139
-465.686
104.905
-471.302
85.1639
-597.533
-208.478
1212.71
238.708
187.906
69.1764
-395.737
495.211
-69.6979
-559.171
-27.4277
-644.271
61.5709
-1103.23
199.994
-586.106
-365.589
560.177
-158.463
267.868
-27.219
147.324
-357.699
578.016
236.48
624.127
486.613
-360.797
568.712
-321.844
-991.477
59.5713
557.003
-147.517
-35.5126
-219.836
188.873
-277.971
-737.955
87.4866
373.47
-202.615
-77.7123
390.689
-726.636
424.11
-216.741
1152.32
-560.497
174.705
-266.438
410.218
506.357
1183.85
40.0695
234.673
-446.996
631.59
236.368
235.165
-594.594
420.803
-334.901
-434.962
-121.248
-10.7069
-91.7964
-82.7001
-519.412
-154.973
-545.147
470.984
526.074
-86.1546
-529.462
92.0474
386.007
-236.945
1174.63
782.106
-360.21
-983.56
-1003.16
288.315
-1112.39
-1205.19
-547.371
740.322
581.248
488.452
648.726
-709.667
-980.474
-107.562
412.356
726.885
481.245
-27.5481
800.905
48.7268
547.037
-231.947
-446.819
376.269
-233.636
41.5504
771.949
730.143
-149.827
783.485
-399.343
499.399
-179.969
92.1371
312.417
-503.499
-560.362
1487.35
-619.836
59.643
-1381.61
-57.1572
-36.4113
-143.623
3.28383
-894.524
398.024
-1020.37
-747.753
230.238
-10.58
-448.463
-108.44
974.113
-496.118
-214.844
-243.988
-595.467
-1093
-385.132
-428.04
25.3565
-817.297
-1199.24
269.321
-234.05
-541.549
1275.4
-533.791
-363.373
488.854
-551.775
582.263
-71.0817
210.692
273.771
641.32
-675.44
404.323
866.426
-488.054
4.63727
376.881
-164.289
594.02
-325.808
621.924
-303.536
604.541
300.533
-386.41
-234.981
-315.76
-38.926
-1464.82
159.202
692.747
-917.82
494.58
218.677
523.547
-591.314
-356.454
-274.729
868.096
152.581
920.483
-88.0431
-17.8041
-721.177
-97.1865
-937.831
-1223.54
-377.844
411.239
-1111.66
2.54011
-464.594
-240.431
-632.642
1026.95
-210.135
-36.0233
-238.936
1318.41
16.0248
-420.941
1014.19
153.963
-701.343
-730.659
162.323
131.304
-955.789
224.208
451.981
133.831
-133.674
315.268
-660.557
-1175.46
-31.1681
-350.287
-508.335
650.838
348.862
-1286.89
-470.788
537.461
-624.053
-20.2558
-439.138
-742.572
150.457
-154.415
-499.67
-583.99
-654.642
331.382
0.863779
428.889
-729.165
14.4766
451.589
893.603
-130.562
552.26
-929.784
-228.191
180.531
-219.139
1001.25
106.584
865.189
295.876
618.701
10.6635
285.802
787.144
42.1223
1005.84
-635.589
-468.218
-218.625
-843.464
-292.173
-100.202
981.994
237.564
-459.212
-271.35
291.636
-150.363
-1039.62
158.609
660.042
-409.66
-207.923
1067.95
649.583
-494.627
-1418.78
-828.001
246.252
169.988
278.903
339.255
-289.665
397.506
84.5065
-647.689
-97.0116
451.851
346.773
132.816
-434.857
-235.702
1149.75
-661.948
-168.177
537.668
244.402
567.117
-1121.92
-40.7184
-619.984
353.337
-90.2113
-763.123
1059.38
-780.147
38.3723
1121.6
394.434
-310.362
-75.9538
-684.167
-68.4431
-140.764
58.7435
-178.259
-543.781
-505.918
874.705
418.725
-139.489
-110.324
-239.365
-154.348
-656.815
34.0358
-246.908
-294.3
-260.87
-672.748
306.662
-492.574
-237.534
-746.965
-349.315
-676.865
54.5225
-149.438
814.019
-30.7881
-333.184
-468.832
168.764
-1107.39
-107.598
-180.65
-1135.49
-852.936
427.325
1168.89
373.114
-526.383
225.417
117.597
12.3318
-269.142
-638.068
-118.765
836.917
-434.289
723.868
167.54
-166.716
-64.822
393.3
585.14
-998.876
528.012
541.588
795.742
-485.16
-848.261
30.7934
-351.027
-1314.11
-563.979
558.046
932.77
-928.949
-237.499
-386.169
283.724
-240.257
-231
-934.062
-563.139
118.833
515.868
-365.443
-1.3653
321.821
742.883
1142.05
-187.493
-1019.91
-504.35
587.862
-73.152
-66.6936
-1138.88
824.398
887.603
-95.6643
-495.142
472.806
182.033
433.802
171.39
-546.226
-375.296
-380.625
1090.61
-329.399
27.2975
424.715
-340.843
409.394
138.905
-74.7274
-132.986
7.33123
-268.255
-140.811
158.92
599.995
-555.113
-74.059
-381.868
-631.038
544.697
-571.186
900.417
-478.513
920.035
1245.5
-160.292
706.981
140.363
-30.6988
816.367
-895.023
253.257
1217.24
-398.234
467.307
534.699
155.899
-884.451
913.263
-153.821
671.213
-617.687
353.463
-155.944
-841.704
-181.652
602.476
237.054
-1073.06
-979.062
-765.522
-78.3181
139.365
801.605
-768.136
35.3264
-868.68
-593.32
-859.064
219.419
198.852
-99.8006
-1209.54
1014.1
176.477
872.069
69.2616
1018.02
-798.383
153.938
-72.1997
-259.429
1345.15
229.16
-1071.88
-627.286
151.943
454.319
-375.829
370.666
-361.767
-746.4
-214.118
-424.725
127.437
-31.8293
92.6082
113.392
542.491
-502.451
681.23
-67.0931
-135.742
-80.4768
-888.246
-570.152
-722.329
-246.816
-364.665
504.853
-195.971
59.4315
175.693
-481.5
-977.996
-70.9515
643.404
-143.105
-431.443
621.471
148.287
97.2522
-201.31
150.89
124.714
-158.953
-316.936
-1412.99
427.537
-326.411
207.458
1172.68
512.413
957.083
480.76
10.9978
-86.7698
317.93
473.877
-474.609
-86.9435
-376.853
-785.748
100.859
783.695
-632.049
-210.689
-264.224
833.542
555.461
-883.113
271.699
-254.032
-239.412
124.636
375.009
1436
-275.98
-567.08
-47.4289
353.533
21.7429
-615.647
612.947
-502.907
379.97
-765.262
992.988
-1569.12
-32.5527
-392.284
398.971
-511.883
-848.866
-284.769
696.441
-737.549
639.319
-864.742
1113.45
181.949
-746.532
59.9178
-752.585
997.501
-671.989
214.759
300.946
-227.726
237.248
-806.014
-703.567
-25.6592
141.787
-92.455
-692.608
366.069
557.804
206.163
1285.78
62.0109
325.723
-311.98
-651.429
30.4843
-316.793
-145.071
-647.804
-329.506
-823.761
-658.98
-177.628
-499.106
202.926
-211.074
-41.3903
48.2743
513.802
138.279
-428.872
382.709
-465.817
-406.398
27.4979
-379.4
-1621.72
870.46
-70.5032
-386.201
-159.871
-1168.47
510.256
-731.045
-67.6827
793.101
45.3055
-1410.76
-210.954
-1127.96
631.474
-42.1452
-519.224
-751.484
-673.647
486.448
716.939
1407.72
-410.745
-209.496
792.626
696.561
-718.001
-698.283
323.879
-1250.38
391.581
673.528
939.62
854.412
1072.1
110.9
-68.0151
-32.6237
434.849
-1041.1
-73.6518
437.21
-73.4919
-871.087
-282.89
-266.535
78.0181
1448.88
-22.481
-476.587
-342.448
-350.224
83.662
-873.101
504.531
-812.719
949.003
-1289.61
-245.507
-968.423
-51.8275
-143.631
-833.753
90.0205
-489.126
-1102.21
-159.78
-778.375
319.377
-826.831
616.306
184.254
408.241
-805.01
-646.127
-440.044
334.234
327.888
-47.3091
34.4285
398.006
671.463
-376.031
265.851
-35.2634
-450.182
-43.5208
782.474
512.932
-472.985
1243.81
-727.281
-769.905
-220.848
-913.234
-671.356
-412.017
635.954
-1322.89
-15.8026
1264.96
-13.1746
-510.933
-356.887
163.948
-207.784
-336.346
-218.308
221.765
-21.9682
-222.774
-539.404
-99.4405
636.469
-646.045
189.674
69.8263
-808.332
692.673
26.6797
-120.062
342.78
125.218
893.963
-328.862
-1149.89
217.987
-179.184
21.3283
676.997
624.579
-150.259
-614.164
417.625
-694.174
-708.575
505.59
83.1749
-1231.08
268.915
-48.9486
89.6737
664.664
6.18834
-472.535
917.869
70.22
82.0735
-1013.42
-1066.74
863.754
-102.984
284.617
-42.7752
-476.317
434.474
745.809
386.76
-334.472
-721.321
-146.114
243.9
244.629
-892.143
-270.21
-757.11
795.961
430.828
275.168
283.427
-226.148
188.111
366.468
-472.451
-51.4473
629.966
353.665
-101.387
12.1569
-1151.72
416.53
547.425
-595.421
279.575
175.525
-491.811
-306.499
-1323.86
-495.164
850.006
833.241
-285.935
-355.479
1356.88
-117.527
790.18
-399.983
-831.941
256.076
775.552
219.4
435.936
677.068
-750.225
368.259
228.087
11.7093
137.863
-753.3
-1039.92
-52.8777
338.893
234.215
-82.7519
-864.863
774.405
626.901
-193.507
30.3736
-33.3444
285.391
-416.854
-478.152
-866.459
-630.239
256.541
-1020.89
-399.12
-1064.52
-346.397
178.405
-739.599
-494.848
471.099
-480.145
76.7503
757.428
650.218
-240.849
-679.489
-168.003
290.024
-782.788
421.621
-1068.28
516.908
-251.079
-158.743
-422.924
-936.863
-167.408
-265.041
-473.518
-95.7918
34.861
141.612
-386.679
614.373
286.331
-9.90209
348.663
-641.937
357.632
236.016
-662.637
-33.9029
15.3612
510.967
607.18
-760.319
695.492
894.1
-45.6881
-548.536
246.215
924.134
174.12
623.809
377.308
589.458
-431.308
-255.256
-425.657
-259.433
-346.425
113.747
238.582
-278.905
-1406.6
800.367
788.815
-891.294
46.789
799.083
132.403
-391.786
592.703
495.03
-994.212
-919.21
-443.428
53.324
-98.1749
-401.147
-719.737
-279.702
-1093.27
-1060.82
628.647
294.713
-594.098
-128.06
141.84
-206.082
259.796
613.835
470.198
-187.913
1260.85
-87.5807
-555.033
1392.53
224.225
-1119.09
800.308
-319.418
283.415
-1.30008
456.572
-379.012
-966.831
724.275
208.018
-290.102
212.127
-809.703
-193.238
-406.418
308.475
-61.0014
315.728
43.6163
-235.971
363.757
730.659
826.347
-155.318
107.849
-653.209
-152.879
-46.1575
474.156
341.649
375.21
1099.93
-176.458
107.892
-1167.91
386.332
228.472
315.311
341.737
120.81
