1157.42
19.6005
-925.479
-89.043
-669.407
358.057
286.217
532.291
-623.491
-968.95
83.8424
-122.826
-127.646
-681.758
-1.73358
-87.6989
120.357
168.465
-182.155
-808.3
-160.822
-738.713
489.067
84.8161
433.969
344.858
-882.046
-1080.57
-468.83
-310.198
-665.042
-960.006
474.965
302.051
153.541
-480.822
-552.054
-409.169
13.8426
-538.063
71.3431
-120.38
-6.72815
-571.727
-964.553
306.704
389.172
-78.8114
923.412
-406.133
1016.66
476.599
190.999
-668.355
353.724
-1098.34
-810.467
-1268.8
-1345.48
18.4613
-419.106
-114.091
242.834
662.264
1076.34
447.489
662.909
517.669
328.797
-313.161
-84.81
-996.041
163.393
-570.509
650.266
-184.806
-380.287
1264.34
320.661
46.1751
-114.355
-602.47
1037.66
-226.76
199.463
340.912
-559.904
-854.523
643.855
624.414
758.309
-331.684
368.289
-590.09
102.473
260.054
-118.654
-691.264
288.173
-122.75
-360.2
-695.545
601.144
152.841
369.967
-357.576
-4.19865
166.706
600.378
457.562
-434.908
-4.31436
88.0223
781.02
201.007
-1294.83
-651.524
583.869
399.322
-632.791
1225.27
586.432
-411.762
-188.905
155.111
-70.1365
-22.7891
-134.872
24.9818
610.956
-176.865
488.717
213.637
277.225
483.038
74.7857
1320.5
175.313
-18.4551
-965.027
-1146.39
-892.766
-288.512
-177.736
-790.745
734.96
523.127
269.103
327.633
-319.993
474.545
-1080.01
13.2087
-298.107
-224.543
554.696
348.005
80.7139
-231.684
997.32
644.025
-720.992
-638.569
-412.764
-0.743827
712.797
74.0327
55.9572
61.3996
113.955
-528.07
66.7282
297.45
-488.277
-597.539
-966.829
221.229
137.094
-325.416
457.171
-513.724
-690.629
360.162
-1092.14
-350.195
-573.128
739.186
-629.515
68.4085
-457.884
-725.858
-365.528
724.772
-64.7629
780.489
-403.633
-234.225
988.273
-425.638
-73.2965
-780.738
-465.495
-240.474
19.088
-64.8578
773.085
-204.001
-828.44
1174.59
-796.326
467.206
-610.522
-86.5544
-275.733
-837.885
-185.508
-519.49
-62.8569
-644.288
391.222
1055.03
506.175
426.465
-393.996
391.179
953.436
-131.173
26.2845
-775.123
-49.1214
-160.512
-1064.04
20.7894
-1012.35
-192.795
-46.0968
693.651
-141.836
129.242
358.856
-452.359
-774.9
-779.781
-895.367
-63.09
962.329
-507.532
-549.79
473.176
-1190.32
498.997
202.138
-498.306
244.862
390.208
490.677
857.309
-355.366
-261.493
-253.375
-766.187
-91.9504
208.226
84.4078
1132.79
140.975
-13.2801
-369.504
404.401
-19.8171
-117.212
-453.93
278.424
531.351
859.109
884.001
506.312
-478.282
234.291
-188.476
-421.71
624.757
-344.864
660.019
-148.86
-151.304
893.622
265.211
1207.52
194.635
1011.31
476.33
915.036
361.92
400.364
-223.148
-16.0714
941.177
858.389
320.54
-202.252
-544.637
-110.666
-139.172
-23.0157
138.184
64.4661
92.001
-77.0086
-531.501
602.656
1002.46
-527.875
-945.273
542.688
654.605
553.698
151.408
-326.874
-136.094
-944.16
-674.472
74.5432
671.314
46.8073
-109.094
-574.322
489.409
709.97
395.106
771.75
-120.29
-329.716
-313.623
-121.199
-18.8599
-475.063
1124.86
1188.82
-200.444
-930.266
500.803
-509.42
1105.12
-516.405
-1016.69
-39.0309
1231.72
-822.868
456.974
9.29039
-115.006
-660.475
550.334
-2.04953
-180.545
-930.571
39.6672
234.074
925.635
-114.627
348.181
1007.05
242.252
1020.23
-307.907
184.703
-1032.79
1015.45
-937.168
-288.016
-311.444
273.294
-6.19682
995.676
-925.986
-225.825
-56.4304
-299.868
306.83
6.27812
-690.07
-971.682
313.117
323.113
-108.434
1239.52
349.114
-266.073
1337.94
146.911
487.808
-655.061
-931.449
178.434
28.8633
-726.675
-429.518
-321.431
226.658
-671.145
281.276
86.6462
230.862
301.277
-76.2998
294.984
-30.8536
233.755
367.581
-517.116
-826.213
280.871
-850.271
-11.6029
-672.135
-286.59
543.972
-450.659
751.47
90.8741
-282.97
852.172
-593.053
1013
-230.168
-606.54
9.73883
350.873
80.9691
-455.791
443.542
-122.49
305.01
-52.8359
753.551
564.673
-445.595
539.173
-1121.37
-1133.54
986.875
-659.389
-535.273
378.79
243.854
379.877
595.661
158.169
552.065
615.936
-510.993
364.197
653.007
-506.318
572.83
-541.88
13.0801
-155.785
-736.519
-152.617
241.245
-211.037
-1295.6
429.241
-491.596
510.668
40.202
-70.6566
-589.629
873.484
506.151
-1035.49
287.824
717.829
-635.42
-1251.56
-236.355
-727.218
-449.526
-491.446
-326.749
-453.08
155.052
400.496
5.97896
1312.45
250.53
991.936
691.584
650.673
-77.7917
-511.62
-127.725
404.399
-292.159
-287.608
-708.033
1034.92
553.637
60.8445
-18.9076
1296.51
245.375
-126.312
78.2569
356.786
381.282
-361.367
-278.476
171.177
-377.759
-420.591
56.245
-583.749
-26.8595
227.885
313.203
-485.812
-156.875
106.963
341.775
-1136.61
-160.049
591.244
-524.249
911.901
-677.689
81.8155
-982.136
-612.777
229.173
-323.646
933.27
427.308
472.018
779.498
441.99
535.537
752.27
-193.803
-196.449
-695.775
5.77332
-743.422
-960.66
100.501
113.469
-50.3296
364.701
79.7547
-282.862
230.748
275.629
-131.838
-96.1017
-808.913
1150.72
-73.3223
-489.5
-305.803
888.052
658.59
243.118
-813.645
511.121
-203.045
263.034
771.775
-463.282
-181.42
488.485
-515.429
101.062
533.243
732.122
811.082
437.201
45.9534
988.417
-522.001
-787.653
-1250.8
304.903
555.66
626.822
1101.82
-69.9446
387.981
668.366
183.093
-247.201
1367.82
1063.62
-470.981
-334.777
-256.83
-122.424
121.843
140.83
612.673
-298.995
160.433
-171.104
-670.235
-351.362
-805.294
-487.493
-321.645
-981.809
-1191.98
676.175
20.3788
344.041
160.56
-283.401
892.762
89.3349
494.788
-133.906
-245.225
426.19
454.003
-830.817
-557.895
-362.42
616.248
27.331
371.937
49.479
-472.232
-634.495
-697.044
282.416
-254.324
-341.495
393.8
-1231.58
-621.491
192.147
-126.482
17.4891
872.064
-776.782
63.8046
641.753
367.12
367.39
188.691
535.626
-243.653
-185.995
118.062
530.905
111.91
453.68
-30.1477
-134.846
-186.93
-197.415
-339.665
33.6097
876.175
-681.84
71.1041
-180.738
6.47328
-577.311
-217.119
971.658
1032.03
-11.5358
-823.856
-896.666
1042.21
-505.139
34.3797
717.734
-105.307
-368.994
100.829
645.241
-915.326
-5.60345
440.619
-263.697
274.697
1100.76
-15.2121
82.2446
-748.633
620.995
1287.33
-585.088
143.339
-211.963
-148.001
465.653
662.441
-36.1334
-27.5565
-840.51
785.71
48.6161
-771.67
-1249.92
-391.835
766.169
-287.917
210.64
328.965
-548.664
-986.269
705.352
19.2846
209.713
-1060.91
10.2719
94.3682
-51.4418
181.218
-59.5831
-1047.06
248.281
28.5311
-345.957
-403.291
570.225
1.4953
301.74
181.726
768.78
-642.663
372.077
-1061.29
-215.815
12.1715
-110.726
331
-110.807
4.33839
-618.188
-291.099
486.559
677.174
-141.171
-931.407
-512.464
120.736
-31.7975
-344.115
260.529
36.548
-656.267
-695.48
-1211.59
1090.54
175.181
411.868
473.135
-1064.28
712.853
776.888
-6.71341
-79.6582
745.311
646.354
-364.768
-332.081
760.558
-381.44
361.995
-203.055
814.056
185.466
-1302.1
537.077
220.246
-880.149
-628.095
314.262
229.312
278.555
640.041
-838.237
525.643
-600.757
-611.071
44.6399
-653.505
-745.03
16.1248
575.707
313.118
-396.065
663.641
473.414
213.535
-81.7904
162.886
-4.73546
-406.89
-308.46
-205.475
-407.573
316.134
-71.8058
865.108
277.398
-525.599
-183.539
450.055
-532.936
-408.464
-321.324
356.961
237.116
-26.8869
205.162
742.046
432.949
-124.453
110.474
-635.091
248.304
-115.924
584.562
553.717
-7.5028
-953.41
487.079
-175.092
-31.6573
983.34
321.426
-735.105
382.781
225.282
-1039.56
-22.0618
191.415
788.628
-499.358
723.928
873.696
-290.69
-386.491
-141.91
194.845
970.497
474.468
21.2063
624.175
190.287
513.985
462.755
-755.06
272.114
130.689
-1062.15
-696.877
-542.654
-1189.28
532.651
-447.263
-142.423
128.739
187.83
27.5756
-34.6632
-904.904
348.101
-479.303
161.312
-510.662
-253.483
-52.2726
-352.289
-507.578
546.284
-137.008
-170.855
-204.067
-1009.48
611.551
598.075
343.135
-682.312
242.312
193.669
-1367.14
-630.359
-179.171
18.251
-206.653
245.733
-166.507
144.756
-1133.23
-94.6394
47.2135
172.742
52.368
-606.199
238.861
99.9507
429.635
288.033
-664.854
-92.619
-95.1065
120.134
350.292
-699.011
-783.844
-202.22
-261.901
-176.585
-515.12
-1016.17
-336.391
-427.22
385.565
-452.293
-1011.36
-130.011
-31.9675
-57.2453
-467.756
-544.947
114.375
527.211
350.67
-809.222
309.171
-192.987
313.915
-435.267
588.959
1372.33
-383.284
-472.337
911.305
-567.054
-441.877
-244.644
620.607
741.43
-205.868
-286.969
126.735
-29.905
-208.785
-348.309
514.732
-77.2532
-570.278
345.572
540.096
-503.256
-565.569
69.9785
-881.553
309.529
174.931
874.804
-172.597
505.311
82.5207
-128.318
-433.055
-655.24
361.862
581.658
-45.2262
1295.63
-592.613
1071.91
-119.014
-1082.2
14.5983
-440.863
-494.272
224.989
-302.814
243.71
165.506
183.918
-579.298
43.8014
373.159
-595.835
845.746
-659.919
346.893
-417.163
458.362
-359.834
-808.056
-1408.2
26.1893
543.081
1076.04
113.908
78.0507
-286.802
994.701
657.176
383.791
-224.658
-466.456
104.138
-472.217
85.7587
-597.351
-208.192
1212.42
239.277
187.645
69.0181
-396.503
495.151
-69.3632
-559.147
-27.4767
-644.209
60.7309
-1102.74
199.982
-586.832
-365.383
560.751
-158.908
267.631
-28.0461
146.748
-358.601
577.871
236.038
623.472
485.856
-361.072
568.035
-322.141
-991.293
59.5739
556.562
-147.452
-34.9516
-220.149
188.996
-277.484
-737.977
86.7031
373.142
-202.566
-78.0125
390.499
-727.529
423.813
-217.533
1151.54
-560.148
174.538
-267.319
410.21
506.968
1184.35
39.9055
234.527
-447.167
630.892
236.07
235.18
-594.646
420.293
-335.246
-434.952
-121.872
-10.6451
-92.0062
-83.4593
-519.554
-155.077
-545.215
470.864
526.627
-85.855
-530.261
91.9052
385.821
-236.586
1175.23
782.102
-360.678
-983.677
-1004
287.475
-1112.67
-1205.04
-546.78
739.411
580.954
488.252
648.843
-710.333
-980.156
-108.321
412.243
726.031
480.941
-27.5495
800.792
48.0238
546.725
-231.883
-447.69
376.324
-233.646
41.4616
772.561
729.926
-150.333
783.44
-399.193
499.2
-180.323
92.0751
312.098
-503.567
-559.937
1487.35
-620.684
59.4765
-1381.97
-57.1484
-36.3223
-144.163
3.27867
-894.539
397.122
-1019.84
-747.725
229.937
-10.8989
-449.212
-109.226
973.552
-496.143
-215.661
-243.681
-596.193
-1093.76
-384.67
-427.625
25.1337
-817.889
-1199.03
269.313
-234.259
-541.003
1274.88
-534.466
-364.155
488.552
-551.694
582.312
-71.9775
210.384
273.864
640.407
-675.489
404.372
866.115
-487.825
3.71463
376.401
-165.047
594.632
-325.781
621.718
-303.84
604.624
300.31
-386.55
-235.197
-316.549
-39.6896
-1464.83
159.241
692.448
-917.807
493.818
218.671
523.238
-591.817
-357.063
-274.766
868.229
151.833
920.095
-88.0199
-17.8834
-721.138
-96.9084
-937.85
-1223.57
-378.632
411.004
-1111.97
1.9567
-463.987
-240.801
-632.545
1026.3
-210.55
-36.867
-239.632
1318.61
16.0057
-421.78
1013.94
153.192
-700.764
-730.81
161.58
130.707
-955.827
223.561
451.162
134.358
-133.67
315.851
-661.271
-1175.5
-31.9602
-350.716
-509.093
650.076
347.97
-1287.66
-470.581
536.821
-624.796
-19.7344
-439.22
-742.614
150.635
-154.806
-500.535
-583.899
-654.954
331.55
0.282073
428.739
-729.462
14.3402
451.799
893.61
-130.555
552.247
-929.775
-228.319
179.615
-219.91
1001.22
106.413
864.985
295.122
617.821
10.4227
-361.341
284.955
786.641
41.7196
1005.06
-636.383
-468.538
-219.195
-844.226
-292.166
-100.447
981.177
236.798
-459.739
-271.585
291.33
-150.46
-1039.75
158.503
659.273
-410.208
-208.702
1067.53
649.747
-494.945
-1418.21
-828.235
246.005
169.796
278.995
339.044
-289.376
397.312
85.0483
-647.984
-97.0339
452.414
345.969
132.927
-434.971
-236.303
1149.32
-662.143
-168.031
538.07
243.731
566.418
-1122.01
-41.0265
-619.999
352.457
-90.2462
-763.118
1059.38
-780.191
37.6554
1120.89
394.172
-310.792
-76.116
-684.107
-68.4603
-140.981
57.9695
-178.564
-543.28
-506.218
874.654
418.174
-139.594
-110.249
-239.423
-154.082
-656.716
34.4137
-247.775
-294.314
-260.956
-673.527
306.514
-492.881
-237.542
-747.717
-349.624
-676.943
54.4135
-150.043
813.828
-30.6944
-333.059
-468.936
168.101
-1107.34
-108.346
-181.211
-1135.74
-852.344
427.338
1168.99
373.361
-526.358
225.336
116.928
11.7909
-269.918
-638.384
-118.945
836.516
-433.683
723.892
167.367
-166.226
-64.8177
393.285
585.68
-998.828
528.109
541.188
794.895
-485.3
-848.466
31.0955
-351.019
-1314.26
-564.786
558.074
931.88
-929.524
-237.791
-385.881
283.786
-240.67
-231.454
-934.656
-563.443
118.163
515.862
-365.958
-1.10284
320.911
742.849
1142.13
-187.655
-1020.13
-505.108
587.2
-73.0567
-66.7528
-1139.21
824.141
886.899
-96.498
-495.521
472.511
181.211
433.087
171.097
-546.937
-375.949
-380.234
1090.73
-329.037
27.2289
425.236
-341.055
408.552
138.14
-75.1509
-132.991
6.61052
-269.022
-141.106
158.851
599.78
-555.69
-74.372
-382.107
-631.955
543.801
-571.914
899.998
-479.13
919.301
1246.04
-161.16
707.079
140.047
-30.87
816.1
-894.936
252.983
1217.06
-398.434
466.805
534.69
155.15
-884.829
912.376
-153.935
671.227
-618.375
353.228
-156.236
-841.7
-181.841
603.027
237.107
-1073.52
-979.749
-766.43
-78.3738
138.472
801.294
-768.951
35.3197
-868.246
-593.322
-859.708
219.969
198.711
-99.998
-1210.32
1013.22
176.955
872.481
68.9659
1017.35
-799.283
153.806
-72.5252
-259.557
1345.14
228.294
-1071.9
-627.593
151.786
454.319
-376.143
370.378
-362.614
-747.038
-214.19
-424.765
127.123
-32.0826
92.9935
112.639
541.574
-503.223
681.355
-67.5409
-135.934
-80.4867
-888.308
-570.87
-722.341
-247.567
-364.976
505.318
-195.99
59.4501
175.381
-481.575
-978.314
-71.4491
643.116
-143.667
-431.503
621.476
148.806
97.4691
-201.384
150.965
124.824
-159.215
-317.237
-1413.29
427.41
-326.427
207.994
1172.2
512.399
956.316
480.846
10.9435
-87.563
318.477
474.132
-474.931
-87.723
-377.095
-785.898
100.559
783.096
-632.187
-210.733
-264.516
833.655
555.194
-883.997
271.402
-254.025
-240.193
125.143
375.049
1436.01
-275.696
-566.934
-47.0168
353.303
21.7523
-615.846
613.535
-503.245
380.281
-765.914
993.141
-1569.27
-33.272
-393.084
398.559
-512.185
-849.661
-284.983
696.134
-737.692
638.66
-864.758
1113.46
181.636
-747.418
59.2681
-753.365
997.386
-672.829
213.84
300.953
-227.734
237.275
-806.024
-703.874
-25.6751
141.784
-91.8659
-692.983
365.784
557.634
205.635
1284.86
62.5414
326.323
-312.215
-651.749
30.7274
-317.095
-145.534
-647.226
-329.536
-823.757
-658.68
-177.815
-499.212
202.039
-211.233
-41.2647
47.414
513.075
138.272
-429.688
382.076
-465.899
-406.392
26.6082
-380.018
-1621.67
871.005
-70.817
-385.723
-159.996
-1169.18
509.939
-731.089
-68.5179
793.132
45.3268
-1410.32
-210.616
-1128.63
630.598
-42.3494
-520.14
-750.933
-673.701
485.699
716.71
1406.81
-410.655
-210.286
792.073
696.326
-718.782
-698.99
323.202
-1250.41
391.514
673.396
939.68
854.141
1072.54
110.753
-68.7536
-32.3016
435.316
-1041.89
-73.9274
437.142
-73.8083
-871.823
-283.203
-266.726
77.2117
1448.97
-22.4616
-476.929
-342.471
-350.318
84.19
-872.683
504.298
-812.999
948.988
-1290.25
-245.811
-967.876
-52.1037
-143.038
-834.351
89.2629
-489.259
-1102.29
-160.643
-779.261
319.248
-826.426
615.539
184.796
407.936
-805.467
-646.991
-440.273
334.011
327.705
-48.0882
33.5638
397.093
670.561
-376.493
265.377
-34.6816
-450.315
-43.5705
781.714
512.565
-473.767
1243.14
-726.68
-769.436
-220.44
-913.228
-671.478
-412.34
635.962
-1323.12
-15.8567
1264.97
-13.6139
-511.238
-357.23
163.844
-207.798
-336.836
-218.618
221.718
-22.0949
-223.087
-540.175
-99.7959
636.562
-646.885
190.167
69.8211
-808.397
692.494
26.6519
-119.675
342.047
124.908
893.788
-328.887
-1150.16
217.258
-179.897
21.2256
677.434
623.722
-150.184
-614.726
417.325
-694.472
-708.78
505.309
83.7509
-1231.08
268.875
-49.4766
89.6653
663.792
6.14046
-473.3
917.963
70.3802
82.4117
-1013.71
-1066.89
862.909
-103.006
283.951
-42.9943
-476.396
434.89
745.337
386.697
-334.783
-721.164
-146.676
243.438
243.732
-891.594
-270.644
-757.833
795.941
430.243
275.014
282.565
-226.404
188.152
365.703
-472.73
-51.4467
630.536
353.497
-101.758
12.0252
-1152.04
416.018
547.686
-594.865
278.723
175.192
-491.924
-306.671
-1323.77
-495.136
849.95
833.197
-286.484
-355.658
1356.97
-117.54
789.845
-399.608
-832.211
255.161
774.742
219.757
435.92
677.041
-750.494
368.496
228.121
11.4412
137.135
-753.522
-1040.23
-52.2666
338.589
234.404
-82.7593
-865.087
774.343
626.988
-193.713
29.5789
-34.08
285.361
-416.909
-478.447
-866.694
-630.169
256.234
-1021.2
-399.44
-1064.68
-345.909
177.88
-739.93
-495.565
470.387
-480.032
76.5388
757.434
650.303
-240.398
-679.806
-168.676
290.066
-783.548
421.928
-1069.05
516.611
-251.123
-158.994
-423.72
-937.537
-166.883
-265.318
-473.834
-96.1951
34.1677
142.058
-386.89
614.07
286.804
-10.346
347.912
-641.963
356.759
235.726
-662.13
-34.5574
15.3641
510.42
607.138
-760.647
696.021
894.048
-46.5548
-548.659
246.198
923.562
173.379
622.985
377.544
589.178
-431.342
-255.963
-426.434
-259.098
-346.34
113.564
238.51
-279.672
-1406.62
800.925
788.438
-890.675
46.3308
799.176
131.862
-391.971
592.71
494.745
-995.049
-919.448
-444.288
53.5007
-97.5763
-400.573
-719.757
-279.973
-1093.3
-1060.73
628.582
294.668
-594.709
-128.877
140.996
-206.403
260.315
612.968
469.721
-188.627
1260.76
-87.6957
-555.663
1391.86
223.686
-1119.13
800.842
-318.892
283.244
-0.991795
456.579
-379.336
-966.218
724.196
207.275
-289.7
211.318
-810.458
-193.942
-406.496
308.906
-61.403
315.861
43.5433
-236.537
362.935
731.196
826.23
-155.638
108.253
-653.387
-153.11
-46.3038
474.15
341.577
375.483
1099.92
-176.281
107.855
-1168.27
386.154
228.479
315.296
341.269
120.643
