1173.42
-854.736
421.556
526.554
-250.923
-563.495
911.715
14.7458
-195.096
961.845
82.3147
234.231
955.43
0.838205
-917.923
-84.0246
483.287
691.346
-385.811
178.178
-671.301
350.531
-371.567
575.122
274.101
-534.97
-976.09
722.929
453.448
156.025
-267.825
2.43748
254.483
-329.396
-417.703
6.86492
-493.128
-1072.79
-977.818
418.734
533.218
213.34
502.12
1147.85
790.199
-217.747
260.089
-613.332
-970.819
91.2536
931.537
-370.672
-124.563
214.068
-129.833
-197.539
-406.174
869.982
39.356
-270.822
211.416
-680.157
352.115
177.649
-45.8538
-13.4488
346.585
-13.8028
233.412
906.81
-92.4152
386.667
-734.417
136.998
-92.5112
181.639
-80.6212
-176.853
793.682
-804.528
93.9807
1421.27
-428.257
505.7
320.101
-164.813
-732.736
487.444
113.48
784.892
505.653
-395.362
-440.842
-103.627
-623.431
101.668
-6.37062
303.365
-959.718
439.97
784.4
-262.399
365.862
347.111
1131.16
-787.357
542.08
-221.74
-101.242
-874.293
490.735
-310.648
103.843
213.964
-193.328
-189.598
562.375
-158.534
394.38
-85.4308
-503.997
403.528
-1076.67
-806.021
78.0044
-332.559
335.606
-574.579
-121.31
-470.448
-878.713
135.568
-598.168
-15.0968
784.816
-81.2924
1038.47
-685.693
-375.417
151.095
-235.541
616.999
-552.85
-470.838
978.594
623.078
480.789
189.63
-198.56
-310.863
76.6523
-207.043
463.904
-665.198
-725.462
-453.11
150.719
-379.62
355.213
577.689
390.309
-298.873
-954.675
420.704
482.177
310.041
-57.1249
-528.669
1058.63
286.083
1164.59
-118.015
-487.324
-300.617
-266.641
-172.652
461.716
-51.8145
-918.621
70.0322
154.688
-1131.97
-882.256
-86.3356
998.548
-479.797
-369.252
-45.8806
-542.077
188.22
-626.502
-1039.3
-301.21
174.091
-708.957
609.37
85.5915
757.212
862.444
-551.454
-133.426
296.728
-398.091
18.7552
-310.894
-531.939
-1328.47
-217.825
-537.331
417.168
-585.716
854.831
809.49
840.006
-311.296
165.927
227.729
-113.305
64.7558
665.307
-581.572
171.209
74.6835
-129.219
600.357
-361.897
1155.35
428.66
-840.893
-885.567
889.461
-987.899
-964.183
312.686
-817.835
84.02
-90.662
-569.293
610.635
-539.249
4.33803
881.385
-351.847
-158.886
273.539
-573.53
-367.558
485.663
-496.575
181.465
236.576
-968.308
305.019
-133.623
1373.14
-663.843
82.0889
388.462
-83.0788
918.591
209.751
-397.161
-607.572
-868.934
336.912
50.369
-490.229
634.218
-317.466
-90.7172
-658.341
1015.6
-413.703
-818.634
-450.672
654.916
476.597
196.933
-191.749
597.936
401.096
322.172
191.009
864.714
-148.981
-590.876
0.798923
1262.07
-387.574
-657.159
271.886
-271.238
326.535
355.633
1119.25
-1109.49
668.44
-812.525
-545.554
828.035
-679.464
87.385
-515.881
170.327
1320.75
845.353
296.896
283.319
-669.272
-1133.95
-24.9477
-1265.75
-1344.01
352.625
20.3941
302.145
-410.678
168.135
-35.644
-407.504
132.89
-131.662
-414.669
631.22
-783.863
-297.768
-621.284
50.6855
151.999
-107.532
-226.377
179.616
-108.781
247.725
776.85
587.649
69.1833
-290.973
-17.7993
-794.509
-78.7143
442.979
149.998
37.0719
421.377
171.43
421.228
372.829
398.182
322.046
-206.41
667.998
-176.663
-358.404
-98.3996
-50.7961
-751.111
-869.351
-523.472
1241.07
814.457
1071.54
-980.486
435.912
667.738
825.957
-1352.69
-406.491
522.874
335.576
-736.748
561.735
-25.9963
-315.441
-666.378
544.051
209.355
1237.83
-79.8021
940.448
935.867
-994.963
162.252
881.541
-323.33
-1398.08
-571.963
144.489
-459.027
653.511
-168.008
544.653
-706.629
-373.368
1273.8
-208.587
42.5284
320.434
56.3615
-109.023
430.24
727.75
845.747
672.613
-253.794
-706.24
561.242
-900.489
-605.178
1215.84
-194.249
-425.105
135.571
-48.8698
-231.555
633.093
1048.47
-217.115
-126.215
114.547
642.577
204.413
306.636
308.463
391.646
211.618
-126.75
-293.26
407.458
-288.998
758.588
-101.482
323.184
-905.644
-203.104
56.2582
-192.623
908.168
977.208
349.572
351.837
-124.314
233.09
-694.16
-566.555
212.468
-109.953
468.327
19.8779
-60.735
-556.378
-852.101
-414.07
586.36
366.918
952.504
214.31
860.605
-798.998
642.699
639.226
53.7867
14.3071
803.565
625.282
-893.302
772.104
-320.445
639.702
-587.026
373.925
437.513
222.188
527.677
-582.746
97.5817
322.605
168.666
-208.254
276.921
188.368
249.058
604.075
239.42
-232.928
-1091.69
66.5214
1198.54
-72.8462
218.411
439.699
451.67
351.647
-130.608
-702.752
489.71
232.102
-836.668
-7.11042
295.94
-127.599
373.742
-453.203
-891.228
-349.234
317.211
-371.051
-303.52
-921.79
-720.961
661.262
1133.72
93.8535
-691.134
-349.144
607.554
140.945
86.1175
55.233
375.162
-568.273
-946.178
-613.862
-956.595
-342.107
763.261
143.543
-731.965
629.214
-1.79231
-398.812
357.773
511.819
36.8423
784.027
-35.876
209.015
-218.264
-313.528
40.4273
-673.106
294.545
-507.458
-327.777
593.744
-125.097
-678.403
468.344
-175.613
-615.905
615.635
-483.372
607.255
-250.053
-508.617
852.305
-579.159
-407.301
-493.976
-538.946
394.651
374.396
233.788
420.557
104.638
-327.045
163.764
898.661
-140.517
-566.003
-368.299
-614.458
56.5682
-590.192
-66.8231
-90.2751
1058.4
325.482
-282.146
-439.947
216.453
-38.836
-1089.36
-673.648
-1223.88
214.516
-566.864
-346.885
-435.088
65.0039
12.3444
86.7696
-478.533
-639.138
777.639
196.188
224.303
-1280.36
511.716
402.519
286.103
-103.893
-95.383
-712.61
-168.984
-240.367
1238.54
838.856
436.021
-653.269
-427.556
24.0169
84.8597
188.44
-30.0575
15.0308
738.017
-326.115
161.655
831.452
-806.641
263.158
571.512
582.609
-6.58856
409.01
-595.354
499.05
1024.69
120.701
406.387
-457.411
838.147
-331.103
-623.136
188.954
1216.41
-706.433
593.031
228.151
563.895
1109.1
533.588
602.679
257.87
30.8443
-626.67
174.312
511.408
108.813
1213.36
214.229
511.725
-171.936
-463.645
-743.903
442.599
-256.991
-172.163
-6.60918
703.911
-663.923
-856.491
108.395
342.421
1373.84
690.204
-201.657
921.354
613.347
509.145
1350.49
-140.145
-582.591
524.34
-403.635
459.928
-200.603
325.99
1052.84
418.551
419.274
205.716
982.663
158.649
-754.112
-60.7244
175.252
179.632
-24.2187
-498.29
-489.64
-127.559
429.083
-1076.26
-614.94
13.2639
-72.4073
352.471
325.134
-556.132
920.799
612.126
18.429
-172.491
192.898
174.003
499.652
1351.88
442.978
-387.68
-413.62
230.24
-704.126
799.433
298.061
288.384
-161.938
920.696
78.3339
82.4852
-50.3342
-357.568
-913.541
128.919
74.6512
1031.99
-246.384
298.356
332.643
291.091
129.976
545.657
34.6082
-162.541
489.327
-688.301
825.813
502.76
427.924
-1020.81
300.725
-127.824
-676.479
85.747
1165.49
247.93
-375.966
1308.22
776.16
795.295
192.605
171.081
1092.31
-22.7675
-121.861
-79.2012
424.259
-321.427
-968.405
-345.345
-340.113
-171.685
441.728
145.717
-1140.93
-208.959
756.377
-292.227
585.428
529.851
430.431
-809.557
-894.834
-867.25
-233.812
-331.16
460.58
-632.03
-298.455
-167.593
-738.272
244.755
-920.292
-79.5016
-783.685
734.074
533.652
532.992
-402.711
-390.143
395.997
-232.576
-794.981
-391.669
279.18
556.958
317.96
-324.757
-161.06
-30.6298
470.752
-34.381
-1090.46
1006.96
-402.446
-285.624
20.7735
-726.474
138.019
645.847
-481.655
-322.609
984.176
-453.053
-293.393
390.676
-806.075
-467.87
1098.14
-220.2
-298.898
-703.449
552.82
418.633
-970.882
346.497
85.6652
558.041
-226.34
431.77
-976.186
-451.552
-318.048
-1036.78
-1105.44
497.825
108.784
-1033.68
1007.23
-154.238
-339.035
312.217
-951.646
-491.713
407.268
-128.124
-407.048
248.561
-472.117
-599.555
865.689
483.406
1070.42
202.373
650.645
-715.824
262.018
-161.464
137.675
590.168
-305.323
619.938
-1584.21
-242.868
-621.787
137.007
-144.738
562.749
-422.752
-753.001
-1.57761
-803.615
-827.261
-64.0716
238.762
719.235
987.674
1044.34
-136.384
522
1291.72
-665.095
84.8285
-424.986
60.1801
949.759
505.843
170.128
-69.3257
525.564
-481.523
78.2804
-374.612
-825.23
1226.97
315.17
-107.317
345.83
123.71
-736.078
-408.795
246.569
694.672
-220.764
298.15
721.964
-511.402
8.77451
61.8715
92.7283
298.645
57.5341
50.0098
-172.885
282.074
88.9083
-520.851
-487.926
502.4
560.631
-428.297
-89.2076
-594.964
-374.088
-329.466
286.258
-746.971
636.653
1133.6
-971.613
374.199
731.42
-443.89
216.379
-113.767
145.038
-321.814
333.628
615.263
552.057
-165.326
80.6193
462.368
-516.906
-357.652
-249.731
-514.459
-408.797
125.007
-290.332
267.55
-100.212
-202.835
1314.87
-10.0394
1028.17
350.784
298.766
-680.25
65.2274
737.443
315.425
678.03
-96.9255
-26.0505
154.489
943.155
-1235.25
-45.746
513.252
849.924
353.777
543.129
695.198
360.846
-1086.9
206
107.019
1014.52
-137.958
497.447
-354.328
-575.096
748.804
908.396
1019.47
192.01
626.378
-629.273
85.3861
275.198
-604.138
373.265
-462.792
-799.603
218.746
-317.482
-708.999
-355.976
710.35
729.914
-55.4043
-621.455
-769.344
-473.794
437.872
-240.178
-595.437
-716.099
324.822
77.7051
-180.099
771.814
653.808
-649.918
-676.135
552.479
-274.686
1331.9
490.611
387.805
-386.754
561.084
-440.81
673.4
338.772
131.147
-397.887
159.53
-261.676
-84.4333
35.8112
-756.851
704.407
-174.276
238.289
939.701
-564.741
-627.548
-354.65
-708.012
-811.147
-230.383
237.366
537.441
936.955
455.05
331.943
-262.437
189.782
-276.015
-128.825
-203.036
998.462
-413.203
878.802
-296.934
-895.608
-648.709
645.898
-130.25
-587.66
-189.192
312.459
-68.0325
-329.058
-775.29
-761.94
929.957
1106.52
847.248
-826.217
-1141.73
370.884
-197.356
-456.169
-234.004
27.2712
-61.2219
-203.279
72.5873
233.929
159.748
8.65243
149.377
138.703
53.2892
-444.249
401.605
-175.269
-496.113
-755.661
-559.045
-462.879
1053.52
-28.5465
1226.35
777.688
-256.09
818.082
-288.168
-515.849
10.4327
-27.4993
-463.51
605.018
-309.35
12.0479
22.9387
-753.912
-890.605
-733.893
-201.499
-473.247
562.764
427.614
-241.07
-208.319
-819.748
-454.454
911.727
1162.38
-510.12
137.509
40.7918
-318.457
-24.0066
-629.311
-285.084
-795.382
522.537
462.392
-600.976
-632.028
-69.6837
-258.934
438.436
129.279
-293.268
94.8551
331.486
-839.532
-178.396
-438.872
-465.465
-214.735
-179.064
23.7249
642.526
-659.817
609.934
-518.083
-630.613
-244.453
-70.6248
74.2453
-639.07
801.399
-496.502
386.369
1043.27
108.256
-454.955
-639.856
-1198.32
501.365
-34.9481
414.365
955.667
-637.996
285.144
-393.247
-622.908
190.681
388.37
279.432
280.884
597.33
949.802
-128.51
42.7715
354.62
-324.414
-774.76
-528.103
-53.9875
-102.466
657.228
94.4452
-1204.36
-156.984
458.283
743.238
-1057.5
19.6277
-995.923
387.165
-182.518
777.254
-290.723
-43.2811
701.15
-882.408
19.7973
1022.24
859.629
266.263
273.915
-1287.86
-25.6826
506.878
292.936
-130.557
461.383
834.965
-1046.04
799.883
-99.1044
129.543
367.679
1101.78
-685.775
246.267
-452.311
207.974
-239.74
33.8785
-348.402
-1001.68
-764.267
-777.441
98.7071
-829.132
399.914
427.055
-164.714
-1191.78
-514.68
-126.448
289.208
-40.0838
-906.546
-59.4883
38.1913
-151.661
-433.379
441.718
-417.472
13.9077
961.214
-604.11
263.656
271.744
388.574
312.195
-205.185
-618.784
-881.278
521.358
135.945
-141.477
-502.616
-454.551
-535.676
994.711
-528.907
-722.164
-830.456
739.886
-550.393
468.357
681.967
-1192.15
162.168
212.119
-1231.18
-259.841
506.948
-144.042
-179.278
197.237
656.925
451.237
-495.378
1392.25
-551.293
215.82
486.344
238.82
-81.1738
385.331
195.137
-86.1227
-321.021
499.635
-407.192
236.491
125.94
-549.388
1338.13
242.591
-49.5383
310.382
-38.2552
856.864
397.914
374.167
552.163
-359.778
1280.34
539.39
1025.67
-293.226
-338.866
383.617
-300.147
225.695
-547.646
-1108.46
-99.7647
437.07
609.326
-107.825
-354.586
552.326
-695.218
599.377
-251.446
161.306
-255.524
-134.935
573.692
-137.851
-760.793
-148.512
34.244
-110.209
-81.9893
196.271
1048.33
-432.125
88.5199
855.473
125.159
-61.7921
-850.575
68.3074
-17.4994
960.801
-477.13
450.704
461.976
-246.853
-605.082
356.573
55.9682
-316.346
1141.31
242.601
-239.324
-588.45
218.386
-29.1314
-630.873
157.555
473.717
-339.974
756.68
401.718
-3.54865
-1430.23
-370.481
277.522
-120.554
493.529
400.034
-649.826
-614.624
-75.0754
-122.754
-175.188
392.351
309.982
-1130.74
-24.6464
-743.781
-212.016
-333.51
-8.88552
1131.01
-629.743
-414.86
-120.683
-597.04
812.313
-31.7709
-893.042
66.8397
-454.562
287.849
257.727
542.477
870.082
-319.652
-208.421
880.117
319.907
429.319
495.168
376.39
496.183
-221.8
-472.918
388.777
-510.275
166.079
-201.675
80.8571
-193.896
-214.24
765.935
-770.668
238.821
272.1
263.299
1232.33
95.4711
896.22
-168.525
-369.048
-352.368
28.4407
46.7454
-504.609
-199.914
-555.314
85.1883
-426.645
-801.316
641.331
-44.4
973.274
91.4708
-343.957
90.7574
732.635
-711.705
839.241
467.076
-507.542
753.562
108.413
580.05
658.595
698.285
-155.444
362.935
147.42
-149.699
-426.784
-1213.37
-826.814
247.677
881.667
374.611
-825.722
219.219
-312.399
257.851
282.012
161.734
-754.261
-879.243
1212.63
-126.464
-694.55
212.345
-223.869
193.041
576.106
1016.95
-387.562
428.082
349.488
481.498
1007.79
-48.9839
236.934
-1002.09
177.693
-308.627
321.597
453.436
915.529
-223.647
371.331
-720.658
799.554
-1253.57
620.342
-237.905
400.71
417.266
-132.303
-213.353
1421.9
579.1
-898.031
353.223
-306.523
731.505
-1006.13
234.935
27.5792
-298.167
1351.78
763.335
559.065
-187.303
-788.192
-390.224
221.056
54.7812
-705.523
236.62
215.177
-17.3448
-503.203
742.83
-226.027
61.0373
177.778
-828.359
930.984
-1002.47
201.301
-254.396
855.428
-846.56
1121.05
319.936
961.363
759.357
-761.499
494.116
799.165
-196.873
581.532
-1041.63
-48.3896
384.201
-539.38
-109.187
368.128
-146.256
781.169
234.704
-848.931
-8.42761
-990.855
112.673
-92.3942
-889.116
675.528
-937.173
130.782
67.6582
-765.76
94.8508
763.172
-379.745
-99.4671
52.065
-840.967
278.977
-38.1592
-313.031
-842.821
-66.4064
551.667
1119.62
702.641
-16.9003
-522.06
-418.113
-915.009
1134.55
613.244
-551.379
-538.392
-382.844
1001.44
90.7976
407.917
-507.244
128.606
-529.97
-987.836
83.0327
2.35353
-1154.62
194.555
-75.023
-666.483
430.001
-917.982
562.822
-39.7602
537.926
-696.713
-942.134
-515.755
-714.79
-886.139
-17.2342
542.989
1213.29
-893.171
727.033
1188.83
-415.985
175.136
764.053
-279.154
-692.792
-273.84
508.673
-96.5019
849.215
-392.387
541.832
582.99
-25.9592
653.233
-471.567
752.772
88.4056
546.894
149.982
-406.966
-834.04
397.503
-309.935
473.22
507.694
-380.694
-354.838
365.228
-872.623
-211.375
-134.377
317.747
-941.243
-664.328
290.07
-58.0362
79.8262
389.866
-329.907
659.503
240.764
198.093
52.1368
388.49
-118.082
1383.77
280.351
702.564
981.425
-570.913
-226.178
-274.744
496.729
708.251
-590.473
-1144.65
473.292
-174.924
-56.9035
393.737
313.458
327.839
788.464
-110.837
-8.58548
-87.3112
-275.267
1138.48
-321.755
-297.07
215.536
311.075
-309.514
-44.403
-530.612
525.566
-116.189
1012.82
-431.981
-206.776
317.66
1356.8
-5.54038
-557.321
-111.721
-359.851
-13.5614
-472.645
16.5705
-60.1683
521.211
1123.73
-1024.72
-11.9169
269.283
578.176
1187.47
-201.702
1054.61
587.355
-921.585
311.169
571.552
499.685
-506.95
-327.803
1107.84
-516.94
-1018.08
-194.065
60.5121
232.108
173.059
98.4243
-612.196
221.159
-30.3468
1240.24
-1261.53
-806.072
452.151
199.919
454.492
808.532
938.584
-374.277
25.7141
-125.819
1017.98
498.483
-665.365
699.005
561.805
-346.283
1101.56
-180.487
-413.204
-26.6623
-4.56918
-184.628
197.269
-1158.23
-923.785
48.223
-510.019
-352.76
-4.90501
595.27
-204.567
294.485
508.542
238.079
-300.962
926.65
-105.158
343.73
-455.993
922.743
829.743
944.738
234.734
1014.47
-129.387
342.808
262.528
245.871
1117.06
1019.31
-302.374
-398.844
29.1248
311.355
-61.2567
184.789
-1034.45
-598.742
55.1665
-433.377
1020.72
153.917
537.446
518.563
672.204
-375.744
432.095
-750.773
372.385
1106.86
439.919
-941.993
237.312
719.808
-280.017
833.948
726.044
-113.386
742.774
-709.942
-118.847
-469.798
-313.497
133.851
-509.211
-321.181
277.801
-6.23182
27.9662
22.0776
998.919
-260.271
-930.375
-201.035
-220.496
-72.4973
-398.115
237.159
-260.984
-321.243
219.494
-60.0516
-167.996
-289.547
305.329
6.71395
-114.159
251.8
657.464
80.8499
10.515
-697.709
-966.314
323.162
328.441
334.231
-784.018
-569.88
-633.667
494.868
-615.885
693.232
-103.584
-166.998
86.0458
-471.615
1238.32
507.127
897.738
350.961
-267.873
1337.04
381.319
152.163
497.176
61.0864
-649.839
-914.842
185.248
174.514
1031.47
518.342
442.985
254.438
39.9539
-734.742
1013.34
-188.417
-546.709
387.402
343.9
274.241
-429.441
122.906
-314.113
225.07
120.877
225.15
148.85
-876.255
-665.985
-393.445
134.327
114.671
118.9
-889.326
677.686
37.095
52.348
274.851
84.9098
241.086
-18.2647
301.976
839.703
-93.5793
-245.818
-1155.32
-362.455
-1273.93
339.192
834.847
-644.15
325.548
423.018
542.947
-80.3364
-918.439
-453.484
-303.492
63.1471
364.086
293.897
-120.592
421.415
-148.361
-1133.69
1181.51
-24.4596
356.269
21.4429
462.123
250.568
-5.81891
-895.081
377.523
-251.899
-1466.03
-749.237
237.446
187.633
-516.032
-513.257
46.4824
-809.096
154.638
-1043.2
-640.938
-6.89869
-113.936
-909.996
-1236.48
-297.093
259.062
483.46
-406.106
494.717
42.725
167.324
-174.55
655.741
378.96
277.549
-827.97
279.436
274.026
-34.8283
151.748
-848.869
-425.347
-337.67
-935.027
-1.6233
-673.477
354.707
-377.863
-87.9833
-185.286
767.127
531.198
57.7137
-412.507
111.708
1051.09
274.276
101.453
-281.441
-220.514
91.4381
-246.882
143.857
-551.137
830.348
78.6592
-853.599
-632.397
614.425
-250.931
293.946
-360.769
-160.802
-233.095
509.139
544.025
104.948
-771.402
825.469
714.713
-545.696
-552.838
1149.51
484.267
-453.205
-811.957
134.905
756.554
6.88913
-13.4053
96.1622
-278.943
856.698
87.7266
169.947
180.627
512.853
89.5282
-84.4407
623.35
-597.974
163.776
-173.966
-1117.33
-737.124
-859.71
475.779
1021.6
-300.645
296.25
515.529
-73.896
-290.743
-443.701
803.447
-1022.52
-386.301
-1108.39
117.382
-1199.91
-222.517
-572.266
188.703
-287.89
-878.293
286.931
400.648
203.708
-124.012
-601.966
-340.031
-417.201
468.281
610.377
284.664
596.94
56.1849
-340.773
-463.722
1135.47
-155.394
735.493
-595.441
-125.377
684.225
80.1176
-475.725
-324.919
814.108
586.759
209.945
546.928
-563.597
-749.861
-24.7008
586.374
-152.176
14.1811
-1324.42
-251.285
746.353
-595.601
230.111
-830.075
234.128
33.5287
39.6443
349.205
168.52
-468.748
1232.84
-389.156
974.394
79.0182
-670.772
-466.098
785.827
-1182.84
-74.4491
-462.247
453.369
-353.03
-127.375
107.759
304.657
1326.64
-392.95
-47.5871
-190.643
126.702
758.888
-162.029
-332.146
59.8346
-123.834
895.415
1111.1
-55.967
616.513
-773.686
-508.348
422.039
631.192
-430.003
480.82
-192.707
-262.258
635.654
1268.04
-447.065
118.556
538.127
50.272
-114.761
-727.104
53.2852
-546.494
-294.183
-1110.6
-722.282
-166.182
-1127.65
987.012
-216.053
706.814
-661.379
258.67
572.217
-391.046
-79.6654
-945.412
-126.824
73.1463
468.142
-500.037
-628.622
-887.501
-450.186
657.463
359.848
-474.495
54.0897
0.0702628
-546.582
-426.004
369.385
232.297
458.435
-338.038
-380.152
-221.428
5.68085
207.383
-9.73995
51.3978
-272.149
245.031
118.786
369.507
-207.157
522.423
-586.08
-386.338
-204.45
-170.18
384.806
470.144
251.771
59.1723
597.803
534.321
545.273
346.913
572.474
687.535
720.734
-943.878
125.278
-545.405
-422.597
811.47
-234.066
-1088.86
-314.748
-550.088
163.596
-270.046
559.761
-995.715
-114.264
-836.938
-697.621
-1025.86
-478.534
627.667
-391.857
-512.71
-257.329
-538.503
-163.228
1484.02
254.588
-911.669
1118.8
-299.48
363.13
68.7063
658.184
-62.8585
-503.294
378.937
583.202
-80.712
-1269.66
-135.259
-321.065
441.101
-185.529
-534.271
22.8173
-49.5151
440.147
318.601
437.329
-440.957
281.771
565.412
-1.78638
-931.502
147.408
-132.679
-264.356
351.186
-412.109
-140.55
67.5229
-27.7903
-867.138
360.801
200.045
-649.472
-154.109
11.2453
748.075
415.937
-237.697
620.48
-67.3884
684.021
-728.582
-5.74252
-5.81739
-77.2544
26.4073
-398.565
-351.279
-164.083
232.87
241.396
-437.337
220.622
-77.4227
-123.856
-354.192
-40.2941
514.722
-206.06
57.2898
84.2173
101.002
-1295.64
459.459
-223.781
921.432
829.417
440.051
1007.02
828.217
537.968
-1050.14
-33.2516
-482.945
842.107
274.11
51.6419
-646.371
-181.102
524.721
-262.433
794.544
-479.886
275.582
513.45
-656.538
-566.061
170.892
40.9157
60.6937
575.102
561.021
381.632
42.7957
-87.0253
-213.298
-1269.93
-993.721
-68.9472
-283.481
602.967
-1259.6
698.108
-194.579
-584.275
21.0632
405.927
-659.272
882.219
501.763
-375.746
670.507
96.7664
-1031.82
287.499
-400.566
713.152
535.032
4.66901
-63.6441
614.238
-642.858
35.3215
532.682
428.274
-228.177
-1246.24
-202.317
168.873
-244.344
381.525
693.538
-45.2566
-720.13
767.35
-460.911
-771.614
460.783
973.03
-492.446
-544.822
483.831
-140.137
-201.156
47.4797
487.523
-322.407
66.4336
214.709
-18.3484
55.6309
196.53
127.857
-454.852
301.881
620.823
-102.056
746.812
-15.1802
59.3057
-592.57
-74.7136
310.581
82.7416
165.761
285.755
310.668
-588.717
391.884
-609.365
284.716
11.1452
1311.28
249.473
41.3895
-815.974
-585.346
563.844
283.92
-106.853
234.175
1267.81
396.04
1002.49
154.349
109.756
824.83
-1207.1
682.684
655.89
228.245
-1239.09
-642.356
-72.6568
-253.256
-1019.34
-516.55
-577.402
-24.9185
670.492
-471.097
180.749
-430.023
156.5
297.433
733.811
115.859
-138.1
412.835
-686.545
646.253
538.561
-62.8621
-1015.73
-180.723
-16.4328
-408.436
-960.62
179.625
395.412
194.55
-101.884
63.6225
-292.731
-1189.21
1280.28
-284.727
1535.55
-704.455
1042.87
-943.035
-467.112
560.397
-900.071
479.239
176.687
-565.23
177.18
272.388
42.9567
-127.957
63.0926
-12.0749
-830.157
964.089
435.158
-932.242
-29.6336
1301.03
87.3338
-485.027
672.549
240.557
-121.039
72.9789
471.316
614.808
76.5501
-637.534
178.898
367.995
-957.404
709.768
387.228
606.637
-604.852
1155.2
-1253.74
-345.477
867.668
60.9701
-273.405
-982.813
176.071
-371.147
500.743
-378.613
238.707
-162.119
-418.191
238.529
-209.615
449.973
78.1475
53.0558
124.909
61.4952
1009.97
-571.334
-24.4633
238.458
524.225
322.628
-485.045
-752.828
532.767
486.355
117.229
-153.202
210.865
184.522
-260.997
1260
945.467
-779.975
-573.887
262.479
390.496
102.07
166.461
1146.25
626.282
16.5927
214.281
351.055
-1003.68
-1015.12
348.944
-1129.66
-146.915
579.2
-526.087
307.714
-87.0123
-711.605
586.685
79.2372
574.96
587.29
421.542
-632.112
346.939
473.995
106.829
731.346
132.873
992.18
287.023
-123.59
-273.921
-284.712
-102.524
36.4273
-682.63
391.176
-179.849
444.691
563.222
-538.128
713.267
20.5041
-658.395
54.3885
602.319
948.546
-844.631
-150.007
890.411
1172.17
509.029
91.425
1103.3
-118.293
-980.682
733.973
-1181.01
70.9898
331.936
-447.392
-978.811
-689.164
-61.6581
-761.724
443.628
144.103
-278.096
262.978
-596.023
-181.039
556.828
0.551079
295.481
869.368
-174.084
-815.978
-313.416
74.8181
239.992
-318.616
307.063
169.709
-190.914
931.059
-135.949
-38.5589
-368.254
576.703
150.086
-1007.59
425.752
479.868
622.918
524.537
176.321
-384.33
196.157
785.067
-210.649
262.633
-691.111
-136.941
904.667
448.976
261.094
-784.688
703.872
546.527
-301.477
-636.381
750.624
-577.744
-555.15
394.2
-568.266
178.24
258.083
416.147
-185.906
168.018
-197.863
445.385
318.275
-209.772
-50.3815
-692.99
404.524
457.861
302.386
448.36
10.8869
102.871
-1042.98
621.621
-243.959
-65.9607
-634.282
28.2913
359.299
-42.2378
-726.66
312.481
-951.448
141.135
300.874
95.5921
115.736
-520.284
-107.087
630.374
101.864
-833.878
-2.74153
-543.372
-911.065
-339.307
-190.102
-581.29
229.56
118.69
507.702
-180.138
737.992
1186.14
-92.0229
-246.729
-283.625
542.593
50.34
-375.392
70.0854
427.189
-44.2383
-591.243
-523.403
889.543
-139.984
-262.139
-593.616
-1049.72
217.655
-136.822
-504.23
371.81
741.457
84.8688
106.71
12.68
726.937
-114.208
690.267
-287.783
811.95
407.059
-693.338
1366.05
-68.7896
-143.781
292.766
527.522
240.011
-321.343
292.413
140.173
-142.092
994.975
-93.7114
701.95
-814.131
377.507
187.964
-19.7725
121.879
-810.45
1155.64
-84.3497
53.6312
-231.374
-522.16
74.5634
898.455
-27.2736
86.3638
-353.828
-869.286
268.551
-486.349
216.228
104.759
-300.488
105.77
-1188.13
-275.728
464.995
554.395
898.423
-1033.22
764.551
657.586
516.062
259.815
-815.453
106.049
557.304
731.515
526.864
-336.71
-375.882
-207.884
-442.259
174.082
266.126
108.869
427.365
-59.3991
-31.8067
477.85
-374.07
358.038
-1128.16
780.53
-1341.61
827.817
-455.435
681.398
-168.327
273.451
726.405
407.192
834.871
-24.2423
36.0491
-565.94
-542.427
208.178
-82.629
490.268
-912.795
-506.966
1076.11
-646.263
-112.741
234.022
295.493
-144.053
-598.781
-960.65
-802.473
431.468
99.8249
1015.67
546.979
-242.418
528.439
272.057
147.276
440.36
1233.89
-770.223
473.725
734.561
-400.167
801.228
-300.253
-225.926
679.886
638.259
394.418
-808.201
-407.44
443.607
-740.623
49.8957
-246.153
17.9094
1.47149
-645.655
994.054
-80.0288
-297.467
-277.478
-511.111
-615.566
-1058
-524.066
318.446
-494.072
-392.117
-391.654
427.282
751.824
-108.63
-370.983
875.38
413.732
-780.288
519.779
-1237.13
-480.523
627.523
145.224
-38.3969
328.622
-334.462
569.194
-821.542
-656.101
-301.424
-414.826
450.114
309.768
-86.5091
95.3789
470.86
553.826
-476.492
-862.141
430.813
-257.093
630.681
351.567
931.385
-854.168
-33.157
-160.875
-900.34
-98.4385
676.133
128.387
482.703
160.115
91.0233
-392.356
1100.39
231.038
-208.198
-74.83
-158.176
-444.582
398.134
100.676
-371.625
255.881
-145.847
604.039
109.172
-328.107
673.466
171.378
261.167
1388.57
-713.9
706.323
539.135
-248.56
-26.9215
-554.969
1018.07
-290.984
1372.41
1062.63
-473.968
286.554
30.2282
-301.09
-716.734
-1401.56
-325.592
221.188
471.99
-555.413
297.373
73.0583
-176.556
-0.79119
69.7318
-357.471
-565.384
-258.221
-250.447
-105.589
347.978
-376.523
714.696
-130.519
676.277
-692.132
-144.01
-417.374
673.138
-227.57
53.6289
-578.464
129.403
-618.266
-420.788
138.842
909.319
-694.264
611.423
-308.049
-148.171
-276.459
-235.589
159.354
-161.733
-664.117
-353.095
-788.542
-481.941
-313.993
-965.642
-1186.49
1376.19
-1111.68
1133.34
848.046
545.449
-978.531
-132.666
-804.123
644.668
313.644
-358.711
674.821
21.1015
-264.718
352.726
192.951
-401.649
1320.39
-395.923
170.086
667.802
-14.5003
-987.282
880.561
-285.065
882.757
356.47
897.707
-24.0356
-657.633
-826.167
-893.667
80.8031
556.298
-466.64
-916.869
173.285
130.769
505.055
63.8213
-89.2747
-505.627
-620.105
-138.649
86.8235
-253.295
-237.77
287.654
356.491
299.299
-367.993
309.397
172.202
427.165
-34.8583
-948.872
-320.427
573.471
-62.6122
-512.256
1058.11
423.601
451.998
-826.797
600.974
-552.466
344.858
-357.199
320.83
-634.508
1215.16
522.682
-540.608
-13.0239
343.426
612.789
-567.666
-1276.45
-318.307
-1111.81
-606.914
-566.727
-704.629
104.194
36.5686
370.663
54.4405
-464.27
655.882
-636.661
333.669
-686.222
1226.72
339.792
834.895
-365.646
-478.128
-908.719
-273.793
308.977
-604.654
652.386
-344.163
647.846
-575.897
314.906
-407.239
279.743
-374.407
-573.537
59.5302
900.435
-262.839
735.814
20.5482
-344.366
714.136
-338.294
-371.13
707.401
-68.3385
-172.421
3.97208
398.701
-256.668
-1131.76
125.5
335.437
152.146
-1223.96
249.244
211.285
-626.384
-174.391
159.262
191.732
-202.093
-121.441
16.4068
-359.839
-1075.26
-103.734
860.546
-149.838
732.308
-787.153
-760.999
73.6928
-557.508
624.706
-607.097
-79.5595
64.9915
-80.4505
-235.919
22.6554
799.272
432.771
-648.805
368.014
-69.2331
241.997
-471.466
914.604
-344.166
68.8286
-839.819
560.383
298.721
304.922
271.329
90.3258
-769.643
372.471
187.06
-736.861
-340.497
540.818
-232.432
588.049
119.5
-639.532
-179.181
1486.31
113.216
588.858
535.756
113.054
-637.523
595.238
1058.44
-15.8038
-1141.89
283.141
712.533
296.752
408.204
792.068
325.242
-475.335
622.79
-455.719
255.459
430.673
107.064
452.085
-1446.36
150.598
-323.813
85.9146
-142.117
-212.607
-192.283
468.881
247.976
-237.481
-31.782
-137.82
2.78214
737.198
-274.122
-774.952
-1089.61
-187.21
185.816
-9.66633
239.221
-185.896
737.369
-452.166
-586.665
472.692
-77.5776
-901.992
587.456
-88.8161
721.634
-388.754
-206.003
-912.757
-314.321
0.267581
-802.084
-274.842
-110.306
-1215.37
545.124
448.722
-620.283
50.3246
-668.178
-338.102
53.4845
-99.5819
-303.611
-326.985
38.7463
147.677
326.594
-761.37
-532.023
761.23
865.199
466.805
395.125
-91.1054
-104.148
-665.352
-55.7068
82.0058
-243.233
-175.467
-703.519
23.3163
-106.643
637.113
1335.11
50.2818
357.237
-576.036
-537.217
-877.567
741.572
619.625
41.9401
267.663
-1208.31
-697.155
752.994
392.196
618.16
522.037
82.5143
130.601
184.541
1036.43
-206.796
506.825
570.377
-373.831
-690.795
324.675
973.606
1032.13
-346.065
-703.86
-582.02
-340.657
-310.795
-309.8
-207.081
420.804
-90.143
1048.59
-165.3
-11.8157
235.472
-362.63
-563.514
396.681
1157.62
-813.774
-442.283
-707.866
-894.457
683.513
-224.414
272.082
800.833
815.931
-269.128
402.579
468.891
180.958
146.959
366.56
-715.162
-506.79
488.143
91.9686
885.774
945.317
51.1572
-253.17
741.323
818.928
-1350.36
-691.298
76.153
632.058
722.473
-384.124
-273.661
1191.07
-875.834
-96.8379
-372.217
106.017
337.045
384.85
81.0875
-179.201
166.924
-907.338
-505.233
644.831
-358.728
1308.73
-0.404949
954.411
534.543
40.1749
448.862
133.808
-305.291
314.817
-257.059
-164.27
-241.908
206.063
303.645
-449.011
-746.031
689.112
-542.142
-607.064
61.6035
-79.9652
-345.795
-1071.19
648.762
401.875
307.644
206.523
419.508
-421.076
975.664
-848.804
574.547
1072.67
-484.606
279.858
-649.395
188.865
-511.108
251.485
1176.22
403.479
599.966
-472.553
361.241
362.817
127.096
1250.33
1098
-11.9485
808.514
-51.0366
362.851
39.5913
-548.955
89.8054
-73.7914
-482.588
1283.85
-870.879
650.605
-35.3423
669.844
516.596
-743.905
-231.809
944.35
627.432
1053.81
1114.71
-580.996
638.08
-594.111
153.56
-656.488
517.812
-238.877
925.508
657.646
-59.5098
761.237
-69.6403
-323.009
328.322
416.207
-213.453
-116.685
-159.46
562.068
-1105.55
-568.345
-749.709
321.597
469.89
667.495
-1027.88
345.615
299.183
124.719
111.537
133.055
-256.688
760.983
458.24
192.37
-17.5828
-27.4939
-28.7981
-833.106
-660.988
-693.06
63.2284
425.177
-251.778
80.2495
-1269.67
29.9539
-141.81
-933.963
82.5578
-124.212
499.552
-568.847
232.402
773.706
598.086
1065.76
62.7305
23.1858
-772.32
826.148
58.816
456.136
-762.508
170.214
-52.2032
-1258.67
-609.152
-61.0434
-251.893
167.024
-750.558
508.878
-402.73
768.595
-288.473
460.786
-249.058
-201.226
275.037
138.816
-248.003
209.568
324.172
1406.87
662.05
76.0356
42.7475
283.583
-552.542
-719.024
-984.5
-238.165
-804.835
218.354
-316.933
-149.789
424.033
102.129
714.78
-240.03
26.4873
204.847
-759.745
-240.64
-1069.42
282.857
1140.22
-972.719
-753.33
1100.52
-641.305
1054.03
27.264
701.127
-190.615
543.621
-694.995
328.956
875.675
97.3106
-56.2902
1065.4
-48.4451
298.455
-590.173
350.013
186.458
64.6871
377.623
1215.78
631.238
445.732
-68.3138
-67.4003
-136.004
-693.506
312.87
932.436
-1045.37
193.942
420.964
-125.165
721.306
1413.12
-372.703
-138.626
36.3856
-503.317
335.389
-338.942
412.183
-104.607
-146.445
-412.36
-633.647
558.27
310.716
9.33217
569.26
1437.55
309.843
1404.86
-821.301
63.8946
-532.394
46.5093
180.653
757.83
-482.446
-203.792
-198.343
434.472
-187.894
-641.775
890.903
384.495
-617.132
-1063.23
-210.653
12.0962
-121.802
974.042
336.157
-681.193
-111.839
15.0023
-601.255
-389.872
551.728
117.282
-296.316
-1095.57
945.969
620.369
239.536
477.019
-867.844
-639.489
374.746
716.914
-318.54
686.566
795.104
-587.203
-315.936
54.4521
59.9228
1185.46
606.89
201.231
686.889
169.888
801.723
-1141.75
-590.351
-3.79742
-155.92
-396.885
-461.784
430.935
-54.5955
739.196
510.828
678.312
-3.35658
-793.21
-135.783
-32.6352
561.777
-12.0239
449.991
144.102
-927.045
-323.618
-513.074
-230.543
100.239
-647.648
356.791
131.674
137.118
-49.0059
-28.6166
185.655
-612.232
1036.46
-356.334
108.522
-335.157
-431.995
268.474
-149.097
302.753
44.5843
590.615
-110.279
-139.768
765.905
376.584
-293.45
-409.661
-398.433
403.318
-370.174
-661.116
-679.345
-335.083
-143.24
-1222.62
354.286
710.879
1079.15
170.251
309.645
99.7057
174.045
952.589
349.483
-834.625
407.776
-759.021
401.95
481.877
-106.664
108.732
1439.62
303.092
-244.221
-688.255
-310.987
-1064.13
418.405
1180.73
960.521
715.787
-54.1824
1264.45
-369.047
787.567
-587.166
739.332
508.566
-102.303
9.5925
76.1294
-84.4815
-791.511
-152.574
-969.679
-681.657
754.75
260.564
155.163
91.0898
-903.881
651.625
-128.063
88.93
735.343
-365.57
590.705
-362.255
-816.936
-1036.71
-261.165
-55.6858
-1020.97
-811.442
-170.225
-327.794
144.359
196.492
223.803
-49.6989
-1005.45
-444.274
-335.387
269.234
549.699
508.035
878.823
-745.29
524.221
771.135
-376.214
214.052
1329.88
879.255
-279.096
-518.65
-92.7585
370.634
554.184
-589.076
506.201
-445.177
316.336
-253.085
656.024
575.224
-343.746
-169.582
336.256
106.396
385.085
-195.233
-568.165
-30.4606
522.843
665.269
-152.472
201.501
-649.793
806.834
90.3707
-14.5568
146.287
107.889
-323.259
-75.8965
-187.69
232.596
661.479
194.721
27.0986
821.468
-1303.88
134.088
-833.169
695.62
380.093
-1061.66
-258.622
-682.418
542.552
-669.268
674.768
-1063.44
180.777
-1048.12
223.335
-865.377
-623.513
-177.138
520.706
112.99
312.569
-815.574
235.739
-122.544
278.107
-486.957
-572.428
-574.269
-358.304
407.791
-97.8137
853.742
648.904
281.851
-29.2131
-28.712
573.492
-167.172
-920.482
7.41851
-481.623
-794.876
-129.453
1028.11
-831.386
530.582
-813.276
-219.767
-1521.78
-586.449
-600.104
568.242
-539.538
-3.00858
133.806
-1537.32
42.8989
-310.857
-352.263
1115.28
-504.437
-657.627
-746.961
61.8943
-388.593
21.4108
305.53
350.974
-633.279
324.288
580.564
-645.353
352.663
155.855
477.918
-578.281
-223.78
330.078
753.619
153.068
-193.782
-271.506
12.4895
-581.884
143.305
253.324
-485.223
-420.421
-827.982
41.704
-400.97
1289.07
666.483
-390.035
465.551
766.921
738.228
26.5713
-624.627
541.829
516.626
-15.4476
167.925
266.927
-105.852
70.0691
213.672
-76.4356
772.745
564.868
740.845
167.083
-137.552
-10.7458
-418.241
-43.0241
266.272
-320.207
-198.348
281.463
346.517
527.06
146.999
-409.12
28.3001
35.1188
339.607
-479.686
-278.646
314.241
199.343
-785.274
-546.758
618.614
-608.443
-62.8587
789.031
-411.971
1004.95
752.568
-925.645
248.489
860.287
208.026
271.572
876.022
-529.007
150.297
-528.01
203.041
766.442
-168.819
-437.893
-620.966
729.019
-263.029
456.514
-527.546
-48.5024
7.38289
-403.196
218.673
-304.597
367.942
482.219
870.41
241.842
575.256
-15.5419
691.917
-719.93
46.4447
-752.167
631.886
-257.172
943.775
-835.288
790.067
-403.217
137.018
695.771
-73.8377
1262.12
-461.732
781.799
417.606
257.215
193.49
-73.4489
394.277
52.7478
580.686
-449.421
757.918
-649.59
475.647
-249.118
-74.907
449.799
-384.798
-174.553
-108.583
-172.264
-289.091
-399.375
-495.672
-390.565
286.012
1229.34
77.6707
-446.157
-156.48
74.4154
1160.55
-310.395
-974.464
303.023
-398.413
120.48
-46.1318
-627.282
490.078
-223.097
253.163
-113.162
877.738
883.618
-722.867
124.049
587.594
398.302
266.351
476.458
241.707
-118.869
740.073
-560.792
563.554
-1038.59
-4.99084
-30.0611
-235.02
639.5
-145.694
-690.154
-319.56
-1118.3
438.777
-588.554
421.555
138.931
433.756
-300.356
970.517
332.726
-185.874
456.524
-942.114
271.18
-361.033
-142.116
463.768
240.746
-113.685
-511.576
486.155
-380.945
-80.1397
1011.35
471.952
-443.856
-719.037
-801.002
-362.059
834.632
367.547
-172.241
-682.511
-581.816
855.081
-941.494
-1011.29
-29.7248
470.853
-362.112
149.104
980.469
397.36
371.454
322.348
1259.42
-215.973
871.499
-736.952
793.629
-141.902
380.082
757.654
-295.746
387.512
219.826
-226.081
-1027.44
-186.82
706.528
-401.729
201.017
375.713
-18.4365
-10.8069
-804.843
1030.96
373.019
-216.247
-159.261
-293.846
-116.719
966.075
1119.05
368.992
323.753
370.356
805.357
-401.888
-251.638
150.046
3.22767
-637.176
-509.633
-485.881
731.121
882.011
-843.66
-67.8045
-291.444
111.856
930.43
-665.346
-10.1319
-494.496
-322.287
-326.897
401.81
10.4162
568.755
344.71
-378.473
-429.609
766.576
-233.538
-1204.35
-497.215
-143.939
291.711
-233.049
481.46
182.957
-735.442
588.206
977.627
764.574
409.079
340.146
484.262
12.1186
-955.001
82.1904
-486.293
-311.262
-258.438
-1209.7
-454.46
746.393
158.948
-217.506
625.298
-3.48959
-282.845
259.389
-251.911
179.56
564.222
-641.706
513.136
-65.9909
308.018
-158.231
331.638
-523.112
385.51
93.4092
-213.099
-973.132
-191.468
-799.852
385.205
1167.32
467.821
-739.338
278.553
-298.708
-1178.71
-380.257
-1001.22
-347.494
-78.4974
-324.327
-1190.9
-2.53594
136.97
-370.245
-1062.73
-922.767
647.751
-696.17
102.599
-531.377
-1179.47
530.992
-459.455
113.015
512.331
-549.195
393.962
-126.48
-298.691
963.932
18.366
-622.33
121.283
-155.385
-357.35
-1020.05
-156.476
-445.738
408.274
-487.681
-67.0318
-1336.85
347.142
130.36
9.32046
-136.502
130.296
-311.575
-97.2025
-917.847
1062.54
-107.096
199.066
-492.402
-495.622
219.901
-401.612
750.098
-34.9545
26.3429
1033.83
-606.042
-242.399
-29.9062
876.051
-97.2239
-905.419
652.558
1114.27
111.996
-296.835
-542.163
-410.061
-346.517
346.672
-490.657
427.678
1045.26
1226.2
-36.0071
-13.0502
-107.829
156.888
619.082
-493.937
-52.2747
836.134
163.123
-398.596
-512.926
28.7702
429.948
-242.831
-969.389
589.811
662.788
721.928
-391.173
-63.6337
-1270.84
221.796
-43.6342
-396.352
-354.017
-774.376
-512.479
544.542
-5.5894
714.996
-660.294
-487.795
-314.235
-953.287
712.055
-813.416
286.565
-376.748
160.875
-148.542
244.984
251.112
42.9959
-48.1402
-172.425
-392.006
-101.434
-194.56
-992.632
610.358
-422.969
43.1208
-462.142
603.216
-354.975
350.731
-723.627
-262.654
149.127
-672.719
180.762
252.979
-276.056
-1390.56
533.241
-463.264
185.951
468.211
146.402
-1354.41
-613.698
-371.052
423.268
-175.942
25.0182
1240.67
-109.695
122.911
-377.76
136.349
277.85
276.935
-94.5427
-797.857
-150.257
-265.537
-1255.3
802.369
-201.462
-158.111
250.774
53.6007
196.376
-1347.63
-213.086
429.721
489.685
142.638
256.78
-156.345
-102.136
-363.385
151.045
-396.472
543.251
366.882
-1041.63
-778.386
88.326
648.363
-149.55
618.456
-656.719
-806.117
679.627
-135.55
-414.452
134.117
-333.548
-1058.11
-94.1334
-1129.34
-585.781
-536.791
920.235
-78.2462
432.304
-15.8944
-120.694
659.579
-104.157
1116.68
387.933
57.9122
-962.522
-388.233
695.343
205.374
-1041.86
183.39
89.178
-1010.38
956.916
58.0676
187.681
201.572
-610.09
227.533
623.418
99.4863
479.36
-12.7609
-59.3808
-177.885
427.686
484.049
286.609
-287.15
-659.703
-620.603
-85.5041
91.6025
-97.465
206.952
-1105.75
287.243
376.972
164.715
517.089
-174.664
88.2941
-532.606
-426.919
1.17999
854.972
-197.68
266.072
-90.0626
118.991
470.098
323.5
191.52
540.676
1446
13.3583
349.362
520.656
-690.872
-251.976
101.228
-779.636
-777.389
-193.266
36.0649
-340.898
-1285.63
-1094.41
25.1933
-308.565
-1155.34
-113.52
478.593
268.863
124.661
635.353
199.51
-261.201
-569.178
-322
-691.732
-171.553
552.097
-498.678
-1011.39
202.445
-325.96
1066.48
-428.8
741.849
997.419
39.0929
12.032
1271.17
-344.352
386.393
709.637
309.087
-984.59
-84.8564
15.8742
562.13
-453.769
-1389.41
-1005.77
-64.0611
-292.166
-135.936
877.681
455.175
-632.271
-842.416
962.453
-36.1888
852.197
37.8527
150.959
788.248
1143.72
-52.1084
-471.756
545.941
-540.45
-381.834
-581.582
1013.51
-545.169
146.393
1155.44
-364.747
123.596
477.811
-661.143
525.657
674.422
-1046.89
319.517
626.876
352.465
-803.813
723.193
316.52
-407.535
-1009.54
230.418
-193.308
-66.8866
-51.5234
-360.369
312.325
-455.879
-430.3
-178.268
-244.414
173.278
259.745
-867.73
596.659
1374.08
-29.2864
810.06
-370.796
112.246
-474.054
54.5503
917.669
128.069
-946.857
-605.674
-576.883
133.859
524.121
-817.271
-127.168
-574.13
-305.503
-371.744
-446.746
-749.362
-237.613
16.9411
181.299
-360.082
-507.709
619.108
-600.887
-366.413
-455.467
-318.738
714.401
22.0302
-460.447
-142.807
1151.16
744.369
-1057.76
-365.161
667.559
-200.729
-73.1736
-90.1622
160.27
-207.574
279.905
-958.511
-288.577
-763.585
334.156
125.286
-432.308
-28.7037
-838.958
650.208
104.989
-673.747
908.843
-553.859
113.314
120.488
-55.6136
447.696
6.69489
319.104
324.328
-619.767
621.289
-1254.84
1211.04
50.1082
-197.539
422.416
343.407
277.865
503.691
-227.685
238.053
266.329
-413.468
-307.903
-956.892
-464.819
493.502
347.87
-231.891
-21.9967
-1421.76
-746.673
-615.018
620.711
-1203.67
-356.639
848.855
543.773
-539.666
-619.655
-456.299
-267.348
313.298
514.823
1198.35
-163.287
-1305.45
-541.46
-481.182
-533.33
558.794
677.339
-255.044
319.062
663.852
376.668
888.729
1120.54
326.652
167.45
-69.908
-1295.73
-157.088
6.15954
-368.847
98.104
-71.9845
-683.564
201.664
-244.204
339.789
-695.886
798.871
-572.128
-386.355
925.166
1167.68
-222.681
648.14
-179.464
343.519
-426.811
160.947
528.369
-475.907
-1087.11
1027.59
189.252
913.421
-969.514
-449.744
1333.92
153.717
-219.878
-253.608
-191.178
261.736
775.712
-461.457
527.738
309.972
-1198.99
-496.716
254.889
-554.264
-1210.15
326.19
-1045.33
80.6844
-891.965
106.716
-218.932
453.22
314.611
415.674
-0.915457
-831.659
-75.9859
660.931
257.089
171.642
-629.556
883.586
-175.176
513.366
5.91921
92.8278
-129.294
330.386
-437.918
759.683
102.944
755.895
975.953
49.9759
-75.4355
-651.682
307.197
-227.748
75.0006
614.194
358.285
-253.915
591.322
753.383
1042.89
-706.03
-34.5849
293.777
74.8847
1291.78
611.239
-276.122
913.458
-56.5765
45.1447
244.325
649.992
-582.526
456.817
692.352
-29.4959
946.473
840.47
840.445
-24.0721
-52.2342
154.218
-103.137
-110.115
293.005
-1076.78
1189.19
24.4525
117.155
1345.49
459.354
156.352
-43.2098
-438.49
-228.945
36.5456
-483.193
-629.846
-485.765
951.433
274.653
-756.76
638.029
-84.1714
-444.128
737.642
239.22
-304.956
-250.549
-204.954
239.478
162.209
183.582
-110.264
241.116
514.442
-721.377
83.9582
279.198
-317.22
-581.991
60.4144
375.913
-468.323
-178.813
196.586
475.21
-585.063
-953.156
830.252
143.653
836.905
-548.24
-656.406
723.359
721.044
-808.641
-113.332
-132.608
196.324
-743.892
178.872
-151.927
-1132.83
-154.446
13.0618
936.678
-453.673
-393.439
1067.69
-200.075
618.646
356.09
-215.789
142.34
-409.812
234.726
1617.18
-17.9921
-548.396
-49.2298
-317.664
-424.361
-616.278
-134.29
-43.1429
422.01
-433.186
-487.796
-195.704
457.194
86.2332
-540.971
-354.276
800.888
-570.524
-194.717
-266.739
1053.52
-295.767
59.0067
20.1972
-211.08
-812.208
-1397.99
398.02
-283.601
383.584
1313.84
339.135
590.109
362.054
620.549
905.683
1008.33
419.163
879.623
-62.0799
33.8439
236.157
39.4632
24.3303
541.73
-2.95783
-438.007
-196.649
1092.71
-60.3037
-201.724
-870.461
252.597
-332.245
546.166
113.749
71.259
-480.905
-281.575
982.56
658.552
-358.524
-226.404
-568.437
385.432
164.85
-393.442
319.014
-246.253
610.896
199.879
-234.836
-218.116
390.963
8.94417
-1040.48
-221.57
-751.185
-801.693
-847.302
-457.387
-863.793
48.8082
-447.355
200.387
-403.414
-487.896
300.361
311.595
-579.11
112.439
98.0925
1095.99
-1310.14
316.217
168.608
-666.404
260.359
683.66
563.406
889.952
583.061
902.933
534.34
-460.871
-128.206
-466.321
-373.706
-784.909
435.799
848.591
-114.208
-507.305
80.8688
-597.349
-564.217
-137.339
667.45
-172.287
-27.3069
-437.993
-176.398
-209.274
30.8182
946.491
397.069
1108.58
1228.84
-309.756
-394.302
-146.12
450.737
234.426
184.803
81.6494
-387.712
976.994
164.562
-577.83
-440.08
-445.674
494.071
552.319
109.484
579.035
-270.462
214.742
34.1654
68.9611
-71.0588
-97.8819
-244.605
-306.875
-490.089
-264.071
-463.728
-1191.48
740.428
-66.8532
433.678
968.912
421.496
-560.436
-535.091
-67.3249
-477.482
-17.1226
246.245
-282.463
726.391
-645.915
69.8979
-894.79
-519.434
-231.899
-264.999
662.25
1467.65
-621.417
231.073
-613.396
-1100.04
1285.89
-107.358
7.02525
472.97
191.749
404.029
-1327.29
-443.788
724.632
-577.911
-365.302
-345.865
-224.084
-741.529
259.349
614.209
555.927
-273.721
381.51
-369.374
-786.171
-230.232
201.212
-329.005
524.484
-157.345
877.683
-700.491
72.1012
272.719
301.27
1026.28
-162.289
-17.4134
150.1
-347.455
712.909
-31.3889
-593.691
539.5
175.469
-375.248
-390.665
476.3
418.07
576.761
-159.666
236.651
-303.338
135.993
604.369
633.292
-152.481
-186.371
-1170.72
-269.6
492.982
569.86
198.318
73.9305
13.7321
852.099
-358.559
-616.758
-320.946
604.778
572.122
129.527
264.717
-1213.35
732.881
791.808
473.06
-426.923
1319.95
947.154
92.2565
-416.825
-316.828
-537.058
-420.051
-583.476
-55.534
-181.947
550.456
6.09935
401.706
510.862
1349.54
-1009.79
-992.253
49.3492
-609.795
1.24974
641.456
-500.293
564.055
-781.166
-421.62
-149.101
-111.096
900.178
140.019
188.917
-24.1789
-841.893
-256.989
-39.8223
691.423
-214.779
-1108.06
310.816
191.379
305.506
-607.291
81.7885
335.139
27.924
806.548
326.975
-775.358
975.125
-278.29
-925.8
-991.616
377.81
-484.504
1122.03
-739.458
100.772
-199.123
-184.994
96.2674
-458.415
76.2113
-679.005
388.912
-179.703
-364.624
492.24
201.473
-642.683
315.637
30.1091
-193.904
692.644
483.779
-548.336
-17.9206
-72.7224
796.537
294.029
126.651
388.917
-283.212
-357.517
-716.243
290.296
745.844
443.217
429.012
-199.589
-85.9264
-207.134
352.073
132.569
720.47
603.083
591.57
1160
-563.264
-8.7027
1307.8
273.677
-140.526
-107.569
44.7483
789.002
912.707
172.946
-256.368
401.16
-701.313
502.104
-30.4966
-339.398
1199.36
1182.31
-465.756
44.9279
205.381
233.127
-453.038
-442.033
502.438
284.364
641.025
358.196
686.076
234.151
113.719
-530.567
234.752
-178.071
242.936
-484.911
604.865
-84.9453
-503.601
-75.7068
-208.921
-581.99
-616.627
-203.165
287.97
-1117.79
455.733
514.305
421.143
572.876
859.807
-81.9814
-329.775
-431.88
-542.699
99.6543
297.539
-116.848
154.887
-72.2793
-689.236
-7.75869
536.562
-232.423
147.319
-94.1215
-73.4394
-356.447
-65.4962
-552.355
-149.57
-144.298
-518.606
128.393
-214.384
-9.67763
595.672
-161.526
-106.092
-120.116
148.763
-411.863
-1132.28
686.707
322.07
-150.439
-189.786
-545.276
-341.945
290.144
-504.132
855.105
-732.983
-1430.5
524.208
-933.831
866.672
540.911
39.066
475.728
1130.14
-268.328
-1051.46
404.455
521.818
-490.804
143.18
332.41
-83.289
420.42
-788.236
-282.208
-81.6553
247.173
102.36
524.444
17.4225
-1142.43
-459.711
-602.268
-364.131
-1092.08
363.283
1473.12
-351.279
474.527
4.81466
-521.308
90.4168
238.85
384.264
543.706
-901.623
804.902
-27.0401
-239.139
1170.44
-159.616
-470.975
612.656
904.784
-239.498
-1096.02
-218.129
772.199
-821.982
518.503
-914.369
-537.705
-357.804
-968.189
-495.726
-920.289
128.127
953.247
-994.468
410.517
151.178
298.239
420.844
-424.612
707.935
-418.311
567.883
-631.069
-649.476
929.312
256.595
465.655
-795.096
-124.429
368.916
476.418
319.646
-92.1161
-1098.02
-78.6955
-867.862
-1205.76
-202.7
-178.494
353.689
-548.774
267.711
749.465
1034.83
1296.08
597.626
493.238
170.084
337.166
997.943
131.4
647.693
-642.024
-46.6303
-928.827
226.958
8.45527
-499.548
-558.832
1.46956
236.85
-58.4223
88.163
450.111
-265.563
186.842
874.725
916.114
70.6628
1166.19
313.421
-148.195
-275.3
245.641
-702.246
18.0781
546.861
892.38
-1323.32
-291.861
-280.805
-375.462
-974.232
-38.3698
-856.089
-98.3419
1009.77
449.575
406.12
736.942
-565.237
486.164
143.854
-37.0926
752.425
-115.536
15.1122
803.439
-934.966
-271.692
-330.075
721.782
816.673
391.393
-319.812
-298.663
53.9992
563.571
414.034
-302.301
-152.487
-741.629
-98.0406
-223.493
-30.9831
638.75
-1228.13
-436.666
609.875
374.781
-245.058
806.682
-828.19
-30.3213
40.3088
852.176
374.493
-127.066
-216.532
62.5405
132.388
-217.178
742.923
-551.055
-87.9461
289.736
-122.969
-172.1
-86.6775
-466.23
-62.0918
767.723
732.402
-64.7745
-27.6632
734.889
-147.38
-1087.8
-294.56
826.382
828.242
59.772
-73.9942
782.339
733.802
246.62
-555.305
-461.771
526.444
-391.985
25.0324
-975.826
-1464.93
491.464
451.219
476.249
504.182
-849.951
-484.253
274.82
-552.113
466.087
-119.594
148.526
-123.931
-199.999
89.633
-10.9282
-395.61
-180.342
1072.05
651.108
885.079
-185.371
1179.88
-226.437
-20.9363
-99.0258
80.0466
429.52
421.403
-46.2785
317.791
-505.032
-558.185
787.287
-841.59
33.2222
6.69252
-122.757
46.1332
-609.825
57.7899
-375.97
-327.12
523.493
-1378.03
-690.91
-266.245
-68.5308
611.364
131.189
160.67
616.115
-33.7703
-234.166
-191.644
-137.629
-620.442
364.931
-84.0324
-194.657
-52.361
-402.531
1343.11
-568.691
482.809
-222.539
-5.74018
-107.147
378.731
-362.476
-901.227
-151.415
-717.069
884.896
-766.106
-508.484
265.77
-534.474
-266.566
380.58
145.852
1354.8
-4.11919
123.314
782.06
182.84
-598.087
-918.72
-851.182
531.015
-357.983
-821.171
313.35
-180.532
80.8124
-29.0205
-1195.38
-763.093
337.183
10.8561
-423.827
925.195
408.297
-410.515
474.769
8.70883
865.035
122.117
-552.29
-55.301
317.026
510.041
-1018.45
-749.247
-501.079
106.135
235.184
-547.836
124.345
-700.491
-11.7901
-421.323
739.195
-346.29
-43.3094
-384.967
54.1656
-152.245
-1293.11
-709.725
65.5865
-280.388
-123.211
6.01261
143.442
-441.689
196.51
-99.2925
982.926
-160.588
-262.143
431.687
249.575
-264.417
303.768
384.911
336.855
-792.984
-387.767
-281.068
249.427
-275.422
404.269
622.582
991.524
-533.031
158.523
-456.995
-159.452
-501.275
431.21
-928.517
-398.442
-390.757
-206.315
-240.618
73.167
-587.282
786.119
-331.603
-1121.83
191.007
-576.371
-322.01
379.427
-327.873
-220.37
235.587
-1084.86
-775.146
-238.425
-142.364
-528.5
-334.106
-201.201
185.079
-637.107
213.575
-787.875
-389.324
-908.326
-58.0549
-576.271
-431.702
285.015
222.942
39.5067
-811.625
288.579
-1189.94
-447.784
393.692
-220.964
-336.364
386.548
277.493
705.921
-618.921
432.15
-167.925
997.657
-142.077
388.943
78.9453
-964.135
-594.948
68.8508
-452.436
1016.51
691.541
851.831
-595.576
-217.946
77.9268
-229.11
-60.1416
-583.589
-274.97
-379.687
-61.0398
28.7543
-6.79162
-898.109
81.0135
874.013
-545.909
-577.002
1167.92
-532.455
-265.937
1283.88
682.63
-472.287
-31.3789
-191.799
-236.94
-527.599
-188.928
27.4806
233.001
822.471
-578.751
997.845
-354.202
226.483
21.9237
-43.4624
243.15
531.853
-349.523
-20.4546
-423.786
493.762
-545.084
723.615
-395.699
-553.46
-625.694
-827.318
206.216
-130.696
443.193
-272.519
-254.761
291.499
865.29
344.939
-296.093
820.409
442.725
465.7
-176.629
62.5087
379.468
258.182
580.818
-388.625
-373.883
276.569
-552.224
-102.113
-60.8465
-381.729
850.967
675.592
215.666
986.903
272.744
650.67
-301.855
70.1006
566.714
-233.108
-496.557
558.574
366.996
-31.2168
107.011
949.825
-671.99
93.8133
-738.841
-1003.57
-858.109
1.58663
332.82
-464.588
0.0753186
328.925
582.895
1400.07
402.855
-1133.02
871.894
-488.471
-496.342
494.116
-135.586
798.532
642.647
832.887
15.0512
1043.44
-784.325
119.64
659.671
384.047
-157.185
-698.926
183.161
-203.307
-605.825
52.9865
49.9828
-711.983
-675.549
-752.053
992.912
376.297
589.776
692.679
195.291
-110.267
-316.108
625.828
530.559
-126.214
-605.545
638.968
779.302
-253.129
-286.866
603.1
305.37
416.553
466.892
-643.301
241.15
424.349
394.321
34.7312
14.9779
270.897
-372.573
-230.036
-1308.93
617.61
477.15
-715.269
266.82
691.535
273.507
-529.549
-975.899
44.5921
-307.162
335.058
-989.088
618.759
-934.497
116.167
-639.069
-243.387
-368.341
-31.4768
309.251
-1471.59
175.756
459.356
-157.246
791.977
-802.949
-549.687
639.553
157.732
-964.477
690.707
-919.401
122.293
-624.293
-232.029
703.956
-591.002
-1103.29
-1162.97
8.29596
501.364
512.404
844.684
206.976
-944.373
528.499
-587.871
-349.078
-286.349
252.912
19.7043
138.149
-98.7156
870.521
158.673
927.541
-2.54273
589.13
-300.424
557.765
-598.682
1167.36
-13.2234
417.825
-79.1828
-13.402
275.112
-619.31
779.293
2.73901
159.36
641.881
-718.696
-80.1165
522.905
-371.03
682.478
-272.771
-1054.59
593.45
1267.8
-126.858
444.72
-97.5795
-202.908
358.996
265.524
-765.876
-530.198
-788.337
39.0082
350.535
462.551
176.929
-943.405
191.433
-108.262
-1226.84
-780.563
189.314
2.56395
131.574
97.7667
-369.544
339.861
-47.2182
495.824
35.2407
97.7554
387.615
1269.17
304.429
-152.597
40.7345
548.053
-396.076
402.125
-231.422
476.423
409.118
594.358
67.0807
-556.242
-493.415
502.218
332.081
-1095.65
269.225
-287.615
-189.124
-249.828
482.745
10.1861
325.525
-397.39
-176.706
-414.504
597.712
318.462
-699.132
-1078.27
-367.276
-24.2939
146.716
-945.658
421.745
-1178.51
51.5084
-725.334
-315.621
-542.669
-401.191
-767.348
-58.3809
368.887
418.781
-227.832
180.484
-347.519
-844.535
728.379
-468.338
785.417
-268.3
-995.907
-1478.62
-506.811
-930.669
-235.205
-371.638
17.7024
331.072
482.21
287.6
-243.764
-341.986
-916.228
178.072
897.589
406.379
730.532
-40.3251
-709.747
53.5643
-471.174
92.3415
609.794
18.4909
-577.276
-636.387
-1009.89
1016.16
371.777
507.926
-1084.69
485.993
-393.872
-623.331
1028.17
127.088
-1047.05
-209.095
804.2
-397.01
-27.3619
-233.018
1107.59
257.408
1340.62
-193.114
-49.1701
-192.979
-367.089
-267.6
-514.331
-354.423
-801.337
1321.26
-71.1208
704.093
-710.573
-405.322
271.458
9.06018
-201.271
812.382
-411.191
74.2365
175.111
-374.229
-264.849
-104.133
1012.49
-857.785
161.709
-705.624
397.522
677.958
523.149
47.8027
1284.85
-71.7502
902.415
294.23
415.292
-726.07
17.503
168.244
442.785
68.0015
138.718
933.48
120.731
-957.5
232.487
-440.368
220.109
461.793
519.034
-1251.33
-324.785
-47.6051
154.615
129.535
-970.227
-205.302
-143.98
310.995
1163.3
629.727
-595.97
-98.9304
-653.802
1179.27
-1186.37
-145.612
-296.652
-1024.14
-21.6402
103.17
-348.6
-943.725
-273.202
742.956
619.638
311.174
-500.799
216.626
-395.142
617.674
-376.215
657.475
-381.667
359.12
683.153
-1281.17
-470.773
-217.404
188.929
498.748
693.099
540.047
-162.031
-175.237
-616.127
904.427
203.996
-1181.25
-760.839
267.925
551.411
557.851
-783.133
490.285
-300.376
-1114.17
402.324
-263.943
700.863
-249.038
-24.5671
601.009
63.3287
-358.152
249.684
598.121
-303.867
659.326
-438.954
7.98173
-125.418
725.526
67.5218
646.018
-659.036
-307.988
-40.2078
-301.564
229.723
-746.955
-729.623
140.068
-753.019
86.3259
689.23
146.948
-219.315
154.915
-275.075
643.047
-11.766
282.14
363.979
-747.268
-148.903
708.1
-630.286
39.4309
-1384.34
-299.189
-203.544
-497.949
-351.968
675.541
-658.331
-482.792
-89.9556
-584.31
-793.371
537.179
54.5803
-636.114
161.015
-1106.62
1193.52
433.082
-299.239
21.4244
611.584
-103.56
-70.8679
3.88294
877.571
406.996
29.931
-489.676
-582.012
-649.527
701.281
333.551
4.16833
503.894
431.255
496.197
355.024
-790.547
-440.725
831.159
-343.477
-728.012
-193.187
447.524
168.839
1018.23
-728.634
-211.245
12.83
560.342
664.938
454.126
881.539
-143.571
628.394
-515.956
-541.933
203.952
-131.978
-72.6752
385.845
37.9345
543.922
176.849
427.112
303.212
267.817
-931.249
-229.975
258.065
209.063
-809.297
-165.135
190.894
-210.95
-522.529
-1061.28
743.726
15.0944
-327.898
319.343
338.772
326.918
634.994
-91.0368
724.135
183.202
179.118
94.4426
-475.709
149.113
-1085.79
-266.984
-295.02
-241.926
532.716
305.979
92.8754
104.733
288.673
869.9
-194.976
778.856
305.377
628.906
8.17215
-172.467
165.233
397.322
-125.791
-501.871
-219.624
-96.5041
459.058
-7.47506
-346.061
29.6341
-890.522
78.3988
449.621
-81.3014
234.54
-1384.94
632.467
295.775
213.961
795.129
-190.512
-526.076
-402.723
350.355
46.9123
-644.059
887.941
-667.294
1013.52
-797.232
27.7833
732.883
-626.432
-463.106
-1198.62
-6.64409
209.943
-532.358
-150.985
-216.513
95.4473
-284.869
-212.467
532.498
-598.755
867.309
-835.306
-302.805
941.972
-302.798
-189.101
1167.83
-30.7465
-8.72976
-621.339
736.064
1004.93
93.8683
87.9688
-102.485
991.853
174.938
-89.2603
-915.376
-827.537
-962.048
244.917
13.4541
56.8048
1413.01
-455.482
-632.989
-2.58379
-806.93
-1055.83
-266.387
308.122
-151.83
-1035.6
157.319
665.251
-962.504
1168.82
463.994
32.8725
939.375
723.758
-405.707
168.967
-547.397
-199.175
151.475
-79.78
1075.58
486.161
-618.043
653.414
324.814
-271.604
226.936
-1111.01
652.103
646.151
908.455
747.23
193.438
145.493
-489.513
-236.855
940.702
166.547
553.115
1327.8
-557.763
448.4
-1421.88
506.082
283.709
-1110.48
1262.85
-828.766
683.108
95.1866
10.1836
-4.51417
309.314
-744.079
334.188
1118.99
251.114
308.659
-621.577
-3.32686
-356.192
-260.595
168.023
-237.76
260.18
284.682
281.661
-54.4499
23.0394
773.758
344.078
989.024
332.311
482.426
-242.622
-274.949
1123.45
73.8101
1174.61
-290.717
-217.84
-199.572
56.4362
-565.698
402.307
-116.725
-872.319
-996.801
505.746
-51.3398
562.574
-437.686
81.53
-215.669
-642.609
164.762
-519.069
-1133.14
460.912
-387.975
128.232
705.227
575.044
-103.284
-295.316
-500.618
-910.053
607.24
424.625
-17.4146
516.83
447.589
131.047
405.776
-665.867
-231.824
-165.067
788.595
21.5477
201.879
431.438
151.443
529.608
259.903
-326.521
-346.628
1060.94
-679.655
-346.165
356.515
131.148
311.533
351.941
357.288
-421.445
388.368
-281.507
283.46
-231.358
-295.018
567.776
95.1491
1146.34
-656.926
-263.914
-759.727
926.429
-1116.62
-166.298
519.254
-578.257
-751.704
536.498
343.708
248.525
154.824
-543.938
576.525
558.692
1549.33
-441.554
595.477
-177.738
215.901
751.425
938.577
-1122.53
-250.553
-58.5563
-462.174
456.889
-35.7078
153.413
-162.18
-608.699
65.2417
-626.908
467.162
-1066.9
363.524
105.925
-1278.4
330.34
-101.943
445.798
1240.81
-19.4645
-395.974
-773.264
-310.017
-245.766
-616.947
1048.86
-621.137
-780.869
748.841
-561.983
-598.388
-1074.41
-488.702
241.384
-117.175
-779.684
-853.12
43.9156
-85.7995
952.759
747.488
345.324
-327.279
191.298
-97.6701
432.339
554.856
-39.701
1123.86
-123.992
435.038
650.529
652.251
-552.072
409.367
-1074.42
26.1952
398.424
-43.9576
402.618
-325.746
-306.179
-150.634
-696.861
812.38
417.813
345.482
123.658
153.099
-71.0724
333.612
17.6385
-653.892
-431.572
811.618
-646.865
661.704
-366.7
21.4695
225.533
-313.871
-222.027
1070.46
198.028
-469.119
39.2505
-542.295
-688.96
337.699
-987.444
-685.859
-80.0401
-421.462
167.962
-135.839
68.3581
-18.1111
-71.463
327.646
275.045
-214.284
788.003
815.673
-280.886
79.5922
-161.905
156.55
-555.81
269.3
110.124
-548.145
-505.985
-1403.32
-178.801
381.613
-81.4646
93.6609
433.848
-90.3398
319.011
-921.948
-518.886
199.726
426.33
20.8947
-583.506
-111.929
822.519
138.847
-930.737
224.119
-65.8936
115.558
-171.52
-141.006
-675.869
-107.612
959.658
-392.535
-240.639
148.755
17.5998
-68.6347
542.929
-71.9858
-545.445
-150.476
-607.138
-774.846
-470.673
-585.096
541.617
-658.564
-311.698
-280.132
32.1315
503.081
315.954
416.398
-94.1873
-236.876
763.071
-377.624
-283.761
12.5818
159.648
-566.648
482.209
-639.276
-486.754
-208.15
-1075.94
-34.364
-210.609
-248.774
-139.349
-679.913
-68.8346
-663.574
992.678
-209.636
-155.47
647.817
311.455
434.031
383.883
577.422
546.546
163.528
1092.53
-134.835
-113.12
-626.119
-1043.49
-49.8587
-31.3583
-487.497
585.26
-238.006
-1008.81
-890.615
516.464
256.358
-937.14
538.599
802.517
-739.965
100.246
-537.86
-137.326
158.136
247.683
-332.933
-673.119
184.934
-67.4773
-170.979
324.754
295.503
593.278
291.213
228.461
53.1292
-465.17
774.058
-575.547
-168.533
738.548
-499.117
161.577
729.628
502.092
-145.276
527.652
-88.3456
944.944
207.992
750.273
-520.261
-336.35
-113.251
154.664
-302.321
-405.2
151.853
-413.346
342.581
298.862
350.671
-23.2338
-228.496
-44.7145
356.926
818.253
1096.37
-178.341
-1382.37
332.637
-1003.77
-28.1891
-453.179
-285.628
468.72
599.569
-468.764
353.088
684.969
-5.32743
965.051
-331.287
553.916
-285.574
516.158
-472.49
202.13
-808.866
-607.188
172.888
415.927
-796.397
-1109.07
36.6811
272.791
617.341
-207.953
-27.9844
-356.037
742.248
373.886
-101.266
-1561.03
-825.224
336.883
988.61
-177.508
346.104
1302.69
-232.458
-1070.09
-348.602
-1134.7
73.3176
-856.396
386.355
-1114.7
375.266
799.243
661.476
-591.076
-245.555
494.071
415.659
-55.4379
-104.017
1168.2
1013.82
331.129
374.403
1099.09
-581.197
-1621.53
-522.416
-527.622
230.059
121.984
174.843
605.979
-608.185
-303.941
95.9263
218.4
80.6506
-527.404
849.059
886.556
566.526
-531.103
599.028
121.381
19.5711
-70.1722
843.923
450.526
1209.08
-459.049
-260.556
-413.888
602.667
-621.656
-345.152
-648.956
-322.319
463.89
-293.832
-116.98
-495.677
166.7
-194.588
843.98
-532.129
313.688
513.524
-43.2802
-602.012
800.814
-1191.3
-232.361
200.974
-73.924
-438.159
-698.972
-696.751
727.919
403.771
-7.52553
-11.7186
-382.129
140.665
-951.842
169.737
-170.998
-220.822
-76.2384
381.404
801.616
-699.246
580.925
-997.01
319.025
254.822
389.751
487.875
-1077.18
350.269
37.0973
-995.798
532.618
540.149
977.137
802.359
20.1699
-145.835
-376.98
-85.5318
-52.3359
860.194
-741.629
-881.217
138.705
65.6567
65.5347
511.173
255.853
1114.82
-484.337
-814.677
-99.5308
-843.218
30.2626
-787.077
-163.458
677.938
505.52
-361.869
78.3269
510.172
866.081
-488.764
-678.074
-820.376
-1316.34
58.2933
-691.146
-555.827
-788.727
85.3277
-310.657
-265.185
648.976
100.541
154.65
-229.367
556.662
562.166
-1022.74
-663.252
942.281
171.802
-671.186
-205.844
-80.7735
-251.101
-923.562
-238.518
-150.98
-447.002
-483.197
162.481
183.269
-387.415
-537.727
567.187
-223.3
135.679
-1242.84
39.8771
-662.786
-390.51
-138.969
1299.9
-763.569
742.385
-1064.27
-236.858
282.204
26.6676
-1023.01
-239.156
-627.132
-254.416
137.065
396.497
153.327
-226.304
-928.174
-204.913
439.668
-72.9003
-259.635
222.462
1180.84
360.521
493.853
-166.833
789.781
212.522
16.663
-368.642
285.298
72.9721
454.638
-558.063
123.314
673.199
506.581
-638.524
63.123
194.914
-9.50239
224.468
-197.261
216.988
-171.214
-362.205
-1.24733
-681.679
483.778
19.1797
332.093
257.554
779.127
366.884
-920.386
190.506
-71.1411
-406.298
139.237
1144.72
-402.474
-228.609
-27.5368
337.111
-182.589
-1185.64
34.6916
-520.434
-100.138
487.882
-1019.83
-1313.29
-496.881
349.114
-999.321
231.022
-382.495
-555.839
-179.47
-398.229
362.516
1085.8
379.541
581.241
144.886
1081.94
823.499
597.048
-295.446
-66.0256
961.404
483.187
765.828
-78.6499
-71.1081
66.48
-1122.41
610.917
836.2
-194.028
13.9086
896.627
-242.25
-436.525
-85.8255
-346.661
1038.27
299.71
251.202
1423.75
399.258
-358.412
-77.8993
-1257.77
90.3381
-834.488
-489.921
1170.3
-576.033
-284.743
477.696
412.665
-906.278
607.429
842.588
402.499
725.044
473.541
-883.928
191.826
443.219
176.316
-383.795
-538.125
-368.535
675.757
-776.16
-710.53
-259.035
-118.121
-311.969
409.991
-378.473
-1429.03
298.47
619.235
710.041
546.174
1090.29
-370.918
-566.745
-209.439
292.059
316.828
76.9557
338.861
710.987
-288.048
-1244.72
-890.201
577.09
-465.122
150.79
-331.865
286.179
368.766
-501.898
517.971
-603.649
-815.4
-110.486
-1449.59
26.1214
-19.239
507.067
420.646
-335.879
61.8247
-447.964
319.427
419.344
-426.975
-148.858
-290.784
308.313
934.429
-273.401
-162.15
535.693
-674.862
-931.354
148.499
-68.7767
-1123.3
-141.945
1154.38
-1240.87
527.566
569.624
-1263.65
-499.772
-652.652
-187.341
-629.743
24.6732
1206.61
205.995
1060.77
-300.789
-5.35368
-1197.01
15.9385
91.0015
-260.347
124.166
-458.515
1087.19
404.362
-216.609
-135.83
308.081
831.443
-63.7549
-237.386
-331.964
157.763
1056.23
119.183
300.577
-510.201
611.717
-738.089
-923.564
-223.043
1087.66
-195.463
59.5156
844.983
-19.4784
-27.1609
-550.676
311.976
-656.996
-69.0271
400.597
-647.281
-400.508
161.914
-146.475
166.965
-365.787
56.6257
-898.901
-620.731
554.841
1007.07
-564.437
-452.342
254.516
144.715
898.886
479.043
-471.239
-70.7439
-1189.7
394.013
-165.943
-939.255
672.373
-558.916
-978.185
-654.229
944.902
-68.487
-575.217
-312.033
335.848
985.08
745.66
761.475
-1124.22
-606.605
923.257
418.837
1242.46
1058.04
-445.614
18.883
-150.243
718.686
450.087
-420.557
-28.4469
710.813
-407.77
612.465
193.236
799.737
-250.517
-1036.83
156.94
-34.6214
1102.05
719.819
213.953
-556.468
-465.951
-856.042
-695.772
198.865
814.465
-896.879
664.422
-272.169
257.018
-813.166
1221.86
208.323
-334.759
-396.665
455.67
1000.94
-769.145
-384.322
1048.99
-432.04
474.444
-96.0315
649.425
199.712
-467.795
539.757
756.119
261.628
-591.648
-867.968
-982.745
525.684
162.019
-425.615
-254.28
-335.986
-738.517
-81.3517
-635.738
-543.819
-882.034
36.195
-595.791
-390.905
-365.79
-593.177
248.66
230.38
339.061
-854.305
-560.396
934.071
537.76
403.332
351.845
920.438
-707.424
473.465
-827.971
-155.428
368.211
-332.642
659.367
-150.768
-1108.7
-200.518
798.082
-611.238
525.202
-1134.48
-224.692
373.688
366.611
21.2845
-139.756
372.642
-851.286
-153.908
8.02386
24.7073
-183.881
598.228
338.742
865.188
675.217
236.452
246.135
-237.179
428.566
-731.525
-1068.74
-171.449
-971.46
-1018.71
-236.49
-755.284
-460.552
202.819
-578.131
427.779
312.331
-90.2367
-73.7666
212.515
121.427
345.188
383.965
149.608
24.9389
-236.513
806.98
-760.389
23.746
269.576
-784.591
-872.907
-602.249
671.887
-852.723
215.134
-728.679
-667.633
1206.73
399.767
710.072
310.996
-517.983
17.4535
200.585
-124.257
434.237
705.09
-1300.4
627.414
-85.7515
-1200.5
283.144
-238.351
425.408
211.116
475.561
985.005
41.3237
546.549
1023.59
60.3369
571.064
425.253
173.066
-236.447
224.937
713.895
-706.872
-321.954
1096.31
-235.689
1002.09
871.528
-551.872
-570.18
-320.905
-219.512
-304.896
-803.724
-781.101
74.2141
566.428
145.607
165.175
-231.899
1020.15
161.485
-505.73
-788.201
240.648
152.437
153.258
-1006.87
-869.471
1223.19
-340.05
396.139
-84.7379
-55.5286
502.902
-569.372
-633.51
-178.792
-263.345
-171.356
-153.494
-93.3533
358.015
239.239
-319.571
697.339
107.15
521.484
279.125
-1073.59
628.75
480.527
-610.988
164.079
458.361
-269.82
-359.159
559.31
104.213
-149.221
375.546
-351.876
416.396
151.525
118.149
322.164
51.6625
147.86
-698.279
-135.687
974.633
319.023
-45.4655
-740.489
536.308
281.509
573.955
-151.167
-459.502
-1415.21
-202.547
34.8427
-429.59
143.987
439.529
1033.57
-861.268
492.662
259.327
-498.645
-158.787
-728.647
-360.876
-236.782
367.068
105.115
199.339
695.031
333.697
-16.7449
521.277
29.5767
553.971
-861.765
90.7058
514.679
-216.661
119.853
-378.692
105.279
-59.4188
-62.9096
584.241
551.904
916.743
342.971
-493.964
797.827
-1047.78
-601.595
295.006
684.186
147.29
-65.9132
992.478
-1226.82
215.496
943.74
-552.827
-1258.8
-137.958
249.153
-88.7164
417.166
1016.34
57.2459
-899.649
-611.462
1090.53
663.527
-562.012
-213.685
-171.152
776.313
305.345
-729.65
-240.091
290.366
337.488
963.337
-495.629
444.758
-166.799
51.1875
-344.74
420.457
936.896
155.274
389.704
-348.274
-486.998
-816.255
502.451
-124.174
410.588
-207.491
-470.819
-879.462
62.8945
-1272.21
399.464
180.681
-329.731
-483.066
555.851
-444.463
12.7073
-393.366
-38.6984
399.181
-810.192
-224.391
-572.101
-961.634
-25.5814
-793.269
201.461
-68.8946
-422.108
702.482
825.98
-119.184
246.7
472.452
-652.914
399.108
704.724
-767.753
1194.26
1020.24
-249.973
347.206
773.788
659.709
-939.819
882.915
305.305
-139.714
-308.922
395.657
313.199
239.527
-67.2334
-602.517
-443.149
-15.9395
609.583
143.992
-401.975
-1036.67
98.4343
-197.137
793.238
-639.296
149.315
123.04
81.6905
150.96
1170.85
-160.721
-918.801
-610.55
-311.906
-1407.74
465.265
-516.506
429.463
-102.562
361.924
1386.13
-425.67
-164.899
-505.872
-333.559
-167.655
197.453
362.658
191.915
-113.105
203.17
-489.303
434.093
1181.08
-484.924
2.0474
-114.472
-346.542
-608.052
-876.183
1003.3
-513.197
-77.5664
675.109
890.205
511.142
-459.403
966.828
245.587
483.932
-677.653
459.295
179.235
-397.885
-511.649
-0.970506
-273.79
815.07
-7.28939
487.557
96.1654
179.324
1326.75
81.7867
64.3573
852.032
414.433
903.429
-910.002
-79.0989
-566.628
429.479
313.654
-147.805
82.9248
301.353
5.15411
-161.808
1062.68
-123.414
-760.17
475.231
-38.1408
-46.2442
37.2585
-402.453
510.641
463.585
-474.555
-1033.57
264.843
705.984
265.279
361.576
-77.8621
1363.91
-76.6094
-374.947
567.911
-770.269
1203.95
481.825
-120.623
-674.199
460.296
261.446
569.822
-1335.43
-546.497
789.43
104.541
-5.39784
792.595
1100.84
-113.357
-570.73
700.492
-631.437
-734.437
-222.416
363.292
506.484
-439.984
97.8146
-259.234
268.338
-1019.06
97.536
348.315
-118.361
-521.223
638.263
832.644
862.974
1253.67
-242.546
382.043
-313.471
-793.237
580.04
-802.729
560.29
-13.1313
143.241
-873.048
288.04
660.311
892.777
-264.599
-605.725
-867.878
-615.074
1072.58
-863.003
-1037.82
-783.467
51.7971
-594.748
144.517
-850.157
-491.448
-366.488
-308.108
150.767
137.124
-230.521
-413.334
669.717
96.9011
-726.76
869.124
-78.083
-430.582
99.0537
-1092.6
90.443
639.77
-383.189
530.903
-376.367
120.507
378.556
567.86
1424.13
-301.898
-276.901
-508.479
987.469
134.119
-1204.94
-566.139
-50.1497
-395.603
358.364
-853.916
-49.5595
90.3128
-370.94
10.5537
234.6
-610.634
580.983
569.716
-25.1754
342.662
-404.588
463.336
-658.844
608.702
-479.778
-524.713
-500.29
-177.18
-20.2626
380.658
-778.333
471.999
-759.545
-289.001
454.631
947.233
-411.382
-621.252
-700.932
-564.144
-975.15
3.1152
-964.959
-454.82
772.229
560.211
994.465
-1571.02
-26.7533
-383.756
-494.779
405.494
-22.3118
148.04
860.315
-117.79
396.362
-1029.86
-147.531
-506.822
305.748
237.339
497.076
-840.051
-269.598
21.9019
470.611
-709.016
-6.95821
466.883
-310.789
264.111
127.64
694.944
475.442
299.015
22.1573
214.076
-625.107
891.082
-248.346
712.942
-369.832
-644.941
-733.083
642.085
-93.7169
-871.281
-6.4553
-1178.81
1101.62
502.885
538.758
-348.441
186.945
-736.435
218.663
-464.704
205.428
26.218
42.0528
519.592
64.2277
1200.07
-45.4194
-31.1689
739.812
172.698
-575.814
-678.137
-1008.12
-44.339
-532.989
-1020.52
259.522
43.2899
-173.593
316.901
725.936
396.066
-506.875
1087.97
-660.973
-743.376
212.985
198.228
338.135
-11.8148
320.338
-266.274
-415.916
-612.025
-856.323
-538.295
996.574
-1048.8
-264.586
193.365
-1072.52
436.594
83.5769
104.845
124.687
-634.914
-393.548
-465.714
135.941
796.329
51.9614
-662.711
224.437
1176.04
298.242
476.825
-603.929
-177.248
299.585
-674.956
62.2324
-236.042
76.9247
412.726
-609.198
-149.761
-1156.69
377.762
-405.442
513.065
1191.48
-17.8333
-409.269
-357.596
963.55
-815.468
-620.828
244.746
-625.165
-803.902
762.8
1241.21
643.888
-807.541
-698.461
264.619
-580.013
-205.684
131.258
-25.7543
332.785
-832.782
141.748
-867.837
66.6284
207.056
307.763
-562.897
75.8359
1180.54
-781.445
-479.467
891.464
-346.726
409.458
911.213
107.027
-96.7679
328.264
527.617
-69.4141
144.328
-687.39
-201.933
-542.641
271.337
585.614
-141.916
-820.809
859.488
-532.678
657.312
370.943
295.381
-1441.84
556.325
975.828
-318.372
719.161
-143.947
-844.964
-709.859
-255.89
510.298
163.612
-178.488
765.157
490.411
1020.17
212.597
159.663
212.927
-332.395
1164.35
1292.96
57.7083
-96.6166
77.1154
698.304
-160.481
256.552
-53.5287
-398.55
393.835
786.403
407.151
-718.382
321.465
1095.31
-346.665
816.145
-314.131
650.335
-646.283
31.0302
-265.71
438.891
-56.4436
-311.762
-143.384
-75.5768
198.616
-907.568
-652.149
-339.384
-330.838
-1114.22
326.356
-385.768
35.2429
502.535
-558.439
634.63
-833.359
41.4448
-661.098
-172.712
-9.94165
-498.714
211.934
12.2603
-209.655
55.5193
-979.005
-163.255
322.895
-39.1324
58.2986
104.682
518.455
-198.635
662.386
-609.192
129.486
618.047
-99.6991
-420.197
391.402
-126.368
288.967
792.416
-12.0621
583.166
332.248
737.275
530.037
-299.632
-297.861
-453.034
13.8937
-416.744
-590.328
19.2252
37.7058
-564.84
-268.83
-315.291
-732.51
920.283
453.334
667.593
295.96
-520.254
934.789
-374.865
-1270.05
-336.983
-73.968
26.8566
-473.026
630.502
-241.762
-666.755
995.765
-1621.2
866.469
-1072.69
-53.9956
-422.075
-390.498
-240.747
-429.102
237.096
187.901
-658.127
-155.11
-434.017
-1161.35
225.264
-41.0513
515.662
-230.647
309.948
155.874
-742.411
-57.8312
-189.108
-444.685
-707.145
-636.728
-100.79
180.101
-453.238
-251.134
-287.195
295.393
-362.055
138.079
1025.59
-221.153
488.251
277.347
-211.128
404.633
748.358
-863.971
-248.461
-949.01
720.287
797.148
-31.5349
43.8722
769.777
497.933
406.865
992.862
464.774
184.001
158.648
424.528
-96.0276
341.019
387.208
-1415.14
-34.0318
705.274
216.247
364.657
531.574
114.563
-212.718
86.0422
-1121.13
641.663
-44.3845
-508.908
49.6363
-755.864
-1077.31
-380.463
211.648
547.855
-58.1855
-800.514
165.418
-670.132
491.784
64.6567
126.752
-516.481
-657.763
442.805
-559.868
16.6411
-955.522
715.116
1414.81
302.361
372.075
-742.29
-481.101
-412.438
1295.8
-414.345
-199.981
80.4418
233.42
-1045.09
801.117
-809.25
571.434
701.322
-475.856
220.753
-5.24551
-20.4595
-201.491
-108.657
216.879
44.1196
73.6602
0.121723
-251.178
156.408
-708.746
-690.435
-926.666
112.265
-283.052
427.458
-75.586
113.578
-528.028
327.916
-104.636
92.9382
-556.86
-284.855
472.597
-317.833
534.839
149.562
88.2324
-278.632
176.205
515.099
-345.3
59.5661
-384.692
-1255.17
-995.029
400.646
-137.785
121.578
666.953
699.071
695.997
-92.4641
-569.249
-287.902
-933.174
-638.504
943.502
69.1704
549.207
866.447
1115.75
279.853
1071.48
109.245
-59.389
565.102
-30.4569
187.886
-954.72
432.007
-959.537
714.598
258.37
390.161
772.421
-851.995
-57.2225
-51.9173
-663.985
-1031.96
-966.369
-57.8199
392.784
-195.158
-410.033
490.083
634.687
642.634
446.155
-68.4482
-862.663
426.583
-446.082
-236.168
-522.887
92.1612
-277.823
-261.598
581.482
-568.974
190.932
345.437
85.5595
-167.951
-277.559
230.355
-418.61
1448.3
-23.9178
-471.448
-296.808
-348.368
391.563
-77.9727
203.561
-361.899
905.171
439.429
-311.765
-781.647
35.1061
-1051.17
489.615
-271.341
969.471
504.362
273.497
773.241
-58.6861
-345.99
339.135
-332.017
8.92503
487.254
79.3613
-877.234
-934.862
-14.4123
509.332
349.498
347.847
671.747
-145.748
193.176
-362.399
712.441
303.268
-202.827
845.093
-798.357
143.661
569.844
-969.861
777.716
-188.375
936.713
979.601
-446.273
-289.542
-1282.65
-229.166
-304.264
-915.534
-113.86
-972.825
1071.69
-808.977
76.3834
581.223
-728.057
-35.8737
-147.949
-416.928
833.874
-476.69
-828.879
-414.5
-318.088
99.5179
-491.16
-1153.6
-344.363
133.716
-922.143
298.583
-65.503
336.037
-377.897
-1104.34
-891.587
-150.373
-767.998
-275.38
17.0212
-331.349
318.038
631.181
-219.008
366.648
-194.184
471.197
991.647
-136.577
-125.162
-300.117
139.53
981.491
101.044
-823.114
673.66
-623.4
777.073
45.851
287.491
72.701
585.89
493.673
-20.4881
-179.537
-198.51
265.427
-623.897
667.174
92.9035
913.473
-1013.57
153.472
819.093
-366.283
621.593
-390.853
-315.268
873.202
-625.993
179.964
460.888
93.5818
-319.766
-357.169
-947.474
-305.63
-184.011
231.728
-260.964
-838.425
678.295
-60.3917
236.162
424.729
24.2014
-246.769
-479.156
58.1878
-1110.9
-185.872
-357.961
-799.523
688.272
1190.4
316.22
-636.168
-642.108
-363.692
405.353
-1167.32
659.194
-662.728
-435.05
162.751
-134.163
722.62
359.906
-216.508
-500.247
644.93
-128.533
1402.39
405.364
-282.55
7.85225
394.311
-172.727
-15.4117
565.133
-65.0681
-503.361
-268.05
125.968
18.5492
339.065
326.122
-252.147
-38.1289
-51.7696
-996.05
-274.853
9.02043
-795.681
21.7182
43.371
209.863
407.075
-341.266
-175.391
681.191
1018.92
-370.138
602.8
-599.476
-395.462
-824.804
-20.593
370.187
266.092
964.748
-430.357
34.4104
753.073
252.809
14.0235
88.0313
-960.295
-422.943
348.428
389.798
16.9275
-39.5714
-335.904
473.586
667.88
-261.114
-264.01
61.4242
-472.47
-267.098
-416.792
-445.579
-785.952
137.181
-44.7604
-375.235
1418.98
-146.906
250.468
357.439
787.183
455.499
255.789
510.564
-67.5836
117.732
-43.1187
-464.557
-439.616
1253.34
-242.18
33.9457
-730.526
581.552
1275.17
327.378
-271.493
894.532
-271.848
-806.604
-774.251
-1021.42
315.546
-129.274
987.476
-223.888
1111.64
581.924
-243.739
-914.658
535.631
860.135
-650.041
-674.064
614.61
-281.729
245.512
620.46
284.328
804.441
-694.111
383.888
-406.899
-632.072
316.682
612.623
173.716
886.594
1141.43
1038.71
636.416
145.009
94.655
-1306.41
-21.6155
774.724
20.215
278.355
-90.7798
188.268
-828.039
-185.617
325.539
-395.941
-350.156
-17.0259
297.416
511.157
1253.27
65.697
144.465
-342.699
446.841
-6.97689
730.019
260.336
-1139.99
33.1148
-505.86
69.1923
-353.887
162.683
-55.6759
379.089
-544.743
739.357
25.4392
-759.653
-337.956
-215.247
-269.636
16.8848
-333.621
-714.95
-219.068
184.692
-37.8366
-1025.82
-52.8264
-770.3
20.3236
893.872
328.024
209.708
123.874
194.314
-17.1177
-217.721
-531.616
-94.1997
-147.005
1153.42
-28.3668
174.402
-964.797
-305.176
-461.96
635.899
-636.683
868.11
-1336.08
-1134.15
-13.9158
186.043
-298.954
232.425
899.376
236.262
68.473
-810.09
-646.967
352.737
-632.096
697.404
299.296
-1059.15
-167.077
660.787
-1211.06
-354.024
14.9261
455.469
-315.745
216.735
658.926
-122.511
-796.112
348.01
345.24
251.546
-185.639
-408.554
460.062
-414.944
-176.106
-21.5227
-1009.63
585.475
130.208
306.229
939.983
-581.669
-272.322
153.148
886.212
-566.394
-34.7852
903.589
-325.094
201.702
-260.172
-452.304
564.945
-329.233
-1117.39
-1311.67
-633.303
499.677
-1133.34
242.668
227.253
-602.76
-173.045
581.212
-318.224
1024.82
16.083
675.52
634.647
582.409
-147.583
-607.636
422.541
-816.374
-614.232
-430.82
215.195
742.078
643.528
-196.38
-689.095
587.295
-363.332
-710.705
178.215
521.771
-135.008
-300.317
78.878
-1239.68
470.413
-74.1958
-1139.27
1185.79
729.109
-104.209
-569.319
-676.69
-1018.47
274.433
291.53
-963.023
31.7782
396.125
564.11
468.957
256.887
355.282
-41.9258
81.0426
-294.899
821.653
672.16
625.427
701.399
-5.7221
-464.515
-11.1974
920.956
-53.5737
-70.1972
7.96445
303.039
1005.75
75.3874
-198.769
83.4208
1147.45
147.664
-823.698
664.892
444.239
-654.419
-601.437
-693.415
-454.256
-1012.04
-676.078
-1062.45
870.118
198.613
-803.727
-73.3917
-336.972
-99.2589
-661.98
-644.376
316.13
293.489
-534.85
-37.8689
352.529
-477.898
428.091
-154.371
432.719
-150.178
-499.91
413.472
975.917
360.881
-1272.03
293.72
744.487
-254.755
-489.04
309.373
-246.851
-667.141
231.044
-84.8078
-9.75268
-370.222
-168.583
337.909
-77.3273
519.076
-22.7617
-347.327
668.54
241.778
-827.289
-229.408
387.774
-318.063
-720.988
-142.719
312.455
244.006
254.908
-891.209
-264.444
469.589
-554.762
-749.183
-29.9503
783.734
-88.9214
599.542
270.049
-33.9618
438.887
927.415
329.686
533.895
671.059
-61.9114
-1022.2
-965.188
273.59
565.503
269.77
293.49
476.061
-415.42
536.172
860.829
-221.184
1094.61
186.64
-6.10533
549.457
-133.372
342.236
373.645
-457.377
192.612
-732.955
99.9169
-62.9042
625.722
352.964
258.466
348.451
1169.69
-101.441
577.743
13.5223
-680.38
280.554
-1135.24
417.375
548.811
882.189
-599.786
-99.9158
80.0889
-161.407
289.579
-535.577
-339.328
173.976
-830.99
-959.973
-478.196
-471.347
-1394.48
-309.531
151.949
62.9448
1277.18
-1325.78
-364.355
-241.126
280.449
-586.156
157.455
167.109
-565.249
-418.16
169.22
-492.328
428.77
702.685
-766.633
-580.302
851.655
-319.766
-341.641
210.593
185.391
494.926
683.147
-227.027
641.24
681.37
832.097
870.002
31.0225
-282.331
-350.53
-89.071
-916.877
1358.38
131.334
-722.064
275.49
522.911
1337.37
167.59
-239.498
-125.322
-10.534
796.51
-604.699
-157.669
62.6929
-23.8331
535.419
-710.66
1499.98
45.5708
158.375
653.325
-632.719
1018.14
-501.906
-1060.1
-402.866
-180.822
497.894
-31.8673
-831.567
266.347
-522.394
-467.774
358.243
-217.681
545.024
1357.47
177.032
785.345
224.734
218.309
-121.168
273.579
-239.761
-146.415
434.662
419.059
-62.1383
1159.21
664.866
-689.308
261.316
-748.645
369.701
570.559
-172.526
226.641
-1053.92
-175.421
16.6317
-458.655
1206.92
515.048
-560.543
1233.33
-1.20438
143.295
68.9979
-748.245
-1034.74
-427.49
304.451
114.2
-438.448
457.555
-727.175
554.256
-631.689
259.923
340.794
152.878
-57.185
-80.3225
266.76
355.364
236.097
22.1362
1043.83
178.781
-444.241
619.638
-664.786
-933.872
-715.031
296.688
-94.2551
123.037
-859.783
-56.6271
1174.99
-89.8369
-566.397
-1110.81
697.19
-238.112
375.851
87.4589
-921.002
261.841
-78.9317
685.146
297.982
923.598
-351.473
-835.024
596.917
-854.467
-380.192
-699.462
-119.662
338.381
506.361
-720.014
775.988
631.375
380.025
-756.145
89.5339
466.152
473.07
334.875
-104.262
-223.524
-751.754
1220.31
-188.577
40.0351
51.5293
582.505
-556.13
1229.17
494.425
-321.621
-304.025
-286.837
289.517
422.761
56.4375
-27.2612
-400.873
-593.142
326.048
294.015
441.542
1023.3
410.534
-575.312
918.54
558.306
121.199
154.794
123.466
274.995
231.977
30.3321
-1040.41
-453.83
153.675
-428.527
-591.586
-513.004
-445.008
49.696
-345.793
549.002
-340.116
-156.631
-475.932
-37.9388
-356.03
436.936
-80.8552
53.7566
-910.427
99.5574
369.889
503.582
-849.985
-54.121
375.585
96.2412
-21.0282
-631.96
268.896
-757.618
261.502
1.42807
36.2076
19.154
-1004.59
-303.545
-394.015
-1066.89
-350.719
-795.194
-710.337
-648.265
-468.425
-230.353
77.3686
-15.0456
91.6705
-833.823
255.562
1133.57
613.382
489.111
757.26
3.57571
224.333
-296.366
-359.937
199.48
338.981
-213.755
107.544
-270.547
605.273
-263.422
-296.139
185.732
236.284
27.4645
1003.91
-235.739
590.173
-737.48
723.897
-130.79
-487.816
-414.242
-206.304
475.546
-194.781
-471.729
964.737
-488.412
-229.176
81.6277
347.524
31.7011
538.375
-5.92097
44.7825
712.945
-84.6943
1063.88
478.577
746.165
-319.226
-470.846
279.729
-17.3569
-441.63
879.81
-124.199
973.949
307.146
-728.141
93.9457
-8.89263
839.424
1053.41
-290.087
153.06
430.059
1300.06
-758.727
322.393
-594.319
649.764
-841.025
-240.559
-886.142
-219.608
-60.7084
391.019
-663.068
-163.917
321.878
-98.9512
-162.603
545.843
-821.583
848.135
-177.551
288.561
64.1887
1033.13
-774.537
-646.307
421.93
430.852
-494.094
485.868
-1061.92
414.082
541.06
63.1525
537.601
-565.7
90.4041
-827.877
521.797
174.809
-427.665
-658.816
541.967
661.698
-262.775
-160.901
167.806
524.328
623.176
-413.667
-929.637
-171.734
-171.376
64.4848
-358.813
-249.54
-510.131
-468.414
-586.493
450.619
-95.5871
-196.671
-914.833
40.0089
140.444
-229.903
-727.277
-297.749
547.368
-76.4138
-278.689
317.505
-371.205
-299.861
630.88
283.962
-118.123
297.594
205.862
-975.102
437.413
169.66
664.519
-17.1367
-1219.81
-46.0907
-3.65403
-173.129
185.212
-626.89
652.242
-71.0771
927.659
-917.517
-453.195
-539.448
990.426
-262.327
354.583
-1290.99
-1067.07
183.283
-349.408
137.879
-576.791
874.388
-171.725
-642.706
531.956
-525.962
137.123
365.924
-197.682
-2.38129
296.759
81.3795
508.327
325.99
252.261
-506.052
-19.2024
-334.751
-563.029
65.562
-631.904
-667.012
-575.056
-306.85
-29.2279
-1130.01
794.458
-298.456
-704.919
5.1326
-375.159
519.001
-871.631
-328.118
-137.997
646.761
-1192.25
453.496
611.704
-619.179
-1048.32
-743.774
475.35
-91.7303
987.06
93.7241
-550.716
-116.308
417.061
-185.806
-279.921
691.671
-305.556
-451.827
588.511
387.394
309.505
-846.039
499.385
900.916
-24.8469
670.141
1472.41
281.767
-506.68
111.485
1240.07
527.569
695.85
779.8
267.238
-35.6338
370.396
-550.537
638.257
-142.862
-531.106
-141.448
-546.449
-313.417
-848.607
-882.802
-214.531
238.712
213.708
-417.984
618.037
932.846
326.115
183.576
173.03
-387.1
-157.894
-843.807
135.787
-246.488
539.502
633.665
340.811
378.776
605.646
-442.796
-380.794
287.607
-247.518
-416.717
333.102
206.373
-715.857
136.547
214.949
-654.308
642.356
731.713
367.234
-261.247
-337.979
-316.451
2.14463
-909.263
-112.365
-0.122699
111.804
1179.48
1491.16
490.293
610.794
-505.798
772.748
-791.745
-518.892
-270.968
-1408.1
32.1067
-7.05098
36.0227
85.8994
796.148
-837.892
-562.232
-361.229
224.55
114.657
24.7543
-419.004
336.092
795.572
-169.532
-891.879
962.513
52.272
43.1193
-353.25
-1096.89
-173.424
797.89
302.018
-146.937
994.469
-1056.56
139.122
-394.318
392.231
-650.413
581.492
492.847
656.683
-1039.72
37.1053
-261.31
44.0038
-419.574
-556.272
-1253.96
276.588
-984.07
148.366
1.74589
-623.533
-996.389
-918.079
-52.0657
-433.466
-194.089
55.1335
302.057
-41.6698
-303.883
-101.594
-402.784
-91.0137
82.7172
185.73
6.17358
-2.67704
89.0949
874.604
423.476
-251.915
86.9294
255.33
-725.665
-280.956
-735.431
1175.78
-225.743
-1053.44
-426.178
-1079.32
641.082
-959.054
-331.596
-544.867
-1062.59
-280.945
-738.544
113.237
293.502
440.813
-842.929
-588.603
-635.336
833.878
196.722
1085.55
-729.828
-575.219
543.029
241.865
-530.032
-1193.34
842.337
-5.6532
117.055
-694.902
316.727
-471.165
688.234
329.265
-254.05
101.606
-118.496
258.456
151.771
-671.52
76.4186
-439.244
709.478
631.811
538.392
-45.8426
793.328
448.56
-189.505
157.99
562.66
-85.0499
-1576.88
255.561
-265.175
623.967
109
-140.816
-1293.09
1285.18
49.4177
-139.323
-333.754
-866.813
469.834
901.238
742.366
1196.29
-181.72
-282.796
-752.701
-693.248
-258.11
1259.93
-82.8762
-549.352
1393.25
-358.555
344.056
-91.0202
571.798
-940.248
12.4991
-27.3009
-494.56
-74.9377
-350.326
231.175
-909.482
196.511
-478.717
-1120.25
796.491
-475.677
404.43
-361.758
-638.167
-323.758
281.705
-624.879
949.572
1001.61
1.02835
92.6864
456.82
-376.279
-429.841
308.289
-81.6452
-968.326
723.227
-673.248
-635.548
-1336.95
-782.546
150.425
194.954
516.035
217.514
99.3293
-293.193
225.809
219.391
930.515
71.1492
-194.744
423.431
-802.842
-185.355
6.30117
-137.381
-119.972
-35.7515
-460.58
485.984
430.367
431.881
-871.677
-689.757
-1043.12
-9.84642
540.504
-393.971
561.312
-382.842
-216.573
-134.064
897.817
-251.086
548.174
306.906
1319.9
-60.9363
-66.3333
852.982
-445.293
473.371
320.45
42.4551
498.334
204.978
409.803
-1160.86
997.873
-232.226
-222.736
373.57
69.221
286.773
-646.214
1071.93
406.165
726.688
261.299
829.009
567.885
1366.02
-799.212
-23.4265
-107.995
-343.584
-832.987
-32.3329
-431.419
-387.672
-315.765
1.17853
-212.507
180.261
-294.226
-118.478
-198.353
163.076
-138.742
-185.208
-327.128
105.639
444.927
-46.8875
1.57304
353.275
204.725
-655.728
-266.388
-147.944
-330.709
-744.164
-44.6884
875.855
-9.04672
464.887
-525.124
346.281
23.5963
-568.303
376.017
1089.92
-371.114
-1288.81
669.517
215.726
-175.205
-885.301
111.975
-1164.94
-574.082
384.65
217.34
-739.373
313.969
177.556
-275.596
303.461
-96.1264
-981.883
69.1445
348.733
295.162
118.997
-209.22
