1155.69
17.2626
-926.976
-91.3188
-670.63
357.734
286.167
532.015
-625.119
-970.213
81.9489
-124.093
-129.1
-683.245
-1.83447
-90.09
118.622
166.709
-184.273
-809.022
-163.213
-740.207
486.979
83.1015
432.093
342.869
-883.811
-1082.87
-470.024
-312.586
-665.349
-962.212
474.246
301.772
151.153
-481.118
-554.21
-409.505
11.5453
-538.362
71.0098
-120.631
-8.54005
-572.937
-966.849
305.218
387.965
-81.0538
921.155
-406.408
1015.23
474.21
188.987
-668.663
352.233
-1098.4
-811.894
-1270.29
-1347.82
17.5036
-420.646
-116.192
240.535
660.213
1074.1
447.298
660.616
515.568
327.28
-314.606
-86.7707
-996.955
162.048
-571.678
647.904
-186.518
-382.166
1263.67
318.593
44.5299
-115.091
-604.727
1037.25
-228.365
197.968
339.082
-560.196
-855.332
641.506
623.308
756.613
-331.99
366.248
-592.046
100.194
258.337
-118.676
-691.306
286.32
-125.115
-360.559
-697.037
599.618
152.759
367.837
-359.343
-6.56614
166.675
600.054
455.782
-435.241
-6.01552
86.7179
780.722
198.647
-1296.58
-652.975
582.457
397.559
-633.066
1224.94
584.579
-413.55
-188.979
152.771
-71.868
-24.0802
-135.146
24.877
609.876
-179.172
488.337
211.896
276.893
482.265
74.4178
1320.32
173.105
-18.7754
-967.415
-1148.55
-894.185
-288.717
-179.366
-792.736
733.608
522.656
268.82
327.381
-320.323
474.238
-1080.14
12.9333
-298.375
-226.849
552.305
346.723
78.4213
-233.773
996.727
642.014
-723.233
-640.275
-412.96
-2.2303
710.766
73.6319
53.6392
59.6882
112.229
-529.789
64.3995
296.404
-489.309
-599.885
-969.155
218.914
135.543
-327.451
455.055
-516.113
-691.035
359.069
-1092.42
-352.585
-574.499
737.397
-629.819
66.7061
-460.218
-727.555
-365.98
722.647
-65.0417
780.176
-405.601
-236.545
987.72
-427.457
-75.4309
-782.817
-465.945
-241.97
17.2212
-67.1888
772.81
-204.888
-830.142
1174.42
-796.629
464.876
-612.1
-88.2637
-277.445
-839.054
-186.13
-520.434
-63.1464
-646.52
388.934
1054.81
503.844
426.387
-396.383
390.876
951.075
-133.53
24.5369
-776.124
-51.4537
-162.528
-1065.88
18.6546
-1014.08
-193.24
-48.4516
692.086
-142.118
126.853
358.575
-453.418
-775.288
-782.127
-895.451
-64.5825
960.893
-509.804
-550.892
470.854
-1191.5
497.425
199.886
-498.59
244.536
387.95
488.852
855.305
-357.104
-261.94
-254.809
-768.311
-92.421
208.149
82.9142
1131.16
139.234
-14.9015
-370.654
402.023
-22.1939
-119.435
-456.318
278.143
531.011
858.735
881.642
506.097
-480.389
231.976
-188.615
-424.002
623.005
-345.158
658.732
-149.182
-152.27
893.434
263.488
1205.99
193.224
1009.77
474.192
912.646
360.105
398.648
-224.76
-17.375
940.903
856.005
320.251
-204.307
-546.837
-113.053
-139.479
-24.7593
137.87
64.1951
89.6433
-77.4452
-533.181
600.884
1001.03
-529.269
-946.762
542.409
653.315
553.371
150.118
-328.572
-138.476
-946.486
-676.093
72.4459
671.128
44.7456
-109.341
-576.395
489.13
708.485
393.814
770.008
-121.893
-331.617
-315.357
-122.92
-20.9572
-475.921
1123.41
1187.34
-202.833
-931.787
499.491
-510.91
1102.73
-518.793
-1017.82
-40.8187
1230.08
-824.568
454.656
7.53718
-115.194
-660.797
548.575
-4.22869
-180.867
-932.404
39.3894
233.805
923.684
-116.231
347.867
1005.25
241.361
1019.95
-308.176
182.314
-1034.08
1013.36
-939.558
-288.29
-312.858
271.799
-7.30919
995.403
-928.376
-227.926
-56.7471
-301.501
305.547
4.78456
-690.325
-973.87
311.463
321.061
-110.729
1238.24
348.84
-267.458
1336.45
144.797
487.214
-657.291
-933.166
176.236
28.5219
-726.913
-430.578
-323.288
225.171
-672.638
280.947
85.2282
229.053
300.995
-78.6905
293.668
-32.8086
232.033
365.928
-518.607
-827.528
278.762
-851.758
-13.2995
-673.284
-288.819
542.81
-452.898
749.303
88.7835
-284.986
850.669
-595.388
1012.29
-231.684
-606.868
8.93201
349.605
79.5222
-455.974
443.258
-124.807
303.522
-54.9802
751.477
564.609
-446.913
537.923
-1121.73
-1133.81
984.905
-660.753
-535.385
378.526
243.674
377.605
594.168
156.131
550.501
614.188
-512.265
362.88
650.901
-508.394
572.325
-543.378
12.5801
-157.857
-737.007
-152.754
240.957
-211.779
-1296.58
428.836
-493.141
509.698
37.814
-71.6229
-591.782
871.697
503.781
-1037.79
286.658
715.49
-635.684
-1252.12
-236.626
-728.714
-449.633
-493.834
-328.241
-454.348
154.632
400.205
3.79117
1310.96
249.211
991.587
691.285
648.59
-80.0051
-513.931
-127.926
402.546
-293.645
-289.954
-708.781
1033.13
551.646
58.4707
-19.1812
1294.18
243.021
-128.446
76.844
355.006
379.25
-363.112
-280.745
170.906
-379.937
-422.946
55.9744
-585.581
-29.2266
227.437
311.384
-488.196
-157.7
104.688
340.153
-1138.65
-161.832
591.125
-525.511
911.819
-680.004
81.5349
-984.265
-614.486
228.774
-325.92
930.879
425.822
471.337
777.979
441.712
535.215
750.786
-194.378
-197.789
-698.112
3.55784
-745.128
-962.315
98.2462
111.324
-51.0314
363.173
77.5475
-285.153
229.133
273.904
-132.042
-98.1436
-810.215
1148.52
-73.5054
-491.833
-307.927
887.723
657.206
241.385
-814.965
509.422
-205.434
260.678
771.102
-465.205
-183.206
486.098
-516.964
99.7108
530.91
731.851
810.806
435.197
43.6279
987.527
-523.392
-789.15
-1252.56
302.602
554.176
624.478
1100.33
-72.2544
386.274
666.201
182.961
-248.5
1365.5
1062.31
-473.37
-336.653
-258.326
-124.136
121.199
140.528
611.411
-299.228
159.115
-172.827
-670.502
-352.728
-806.999
-489.489
-323.156
-983.584
-1194.08
674.688
19.3242
342.445
160.025
-285.591
890.555
89.0607
494.272
-136.297
-245.498
424.173
451.612
-832.905
-559.958
-364.619
613.861
25.7292
370.636
47.1884
-473.747
-635.887
-697.423
280.026
-254.577
-342.319
391.515
-1233.32
-623.866
190.984
-128.75
16.1701
871.846
-778.559
63.5235
641.706
366.044
365.197
187.418
534.781
-243.964
-187.903
115.726
528.609
109.573
452.238
-31.5378
-135.16
-189.025
-197.67
-339.955
31.4093
875.933
-683.588
70.7244
-182.882
4.75952
-578.259
-217.561
970.587
1030.27
-13.9242
-825.754
-899.01
1042.1
-506.475
32.6592
715.425
-107.103
-369.315
98.6629
645.158
-917.07
-7.77558
439.037
-265.61
272.53
1098.38
-16.0834
81.6075
-750.903
619.467
-586.579
141.686
-213.251
-148.14
465.382
660.258
-37.7048
-28.8927
-842.497
785.548
46.9289
-772.106
-1250.1
-392.002
763.782
-289.042
209.322
326.738
-551.054
-988.446
703.702
17.3829
207.416
-1061.12
8.57209
92.8761
-53.7978
179.099
-59.8712
-1049.4
248.24
26.6758
-347.454
-403.517
570.087
0.886804
300.173
181.43
768.543
-643.636
370.323
-1062.5
-218.03
11.8787
-110.905
328.835
-111.109
3.91262
-619.895
-291.431
486.293
675.527
-143.209
-932.898
-512.771
120.362
-33.2895
-345.682
259.887
34.705
-658.658
-697.242
-1211.65
1090.31
173.835
411.619
471.529
-1065.74
712.582
776.451
-8.42174
-82.0495
743.658
644.849
-366.942
-334.386
760.096
-383.639
360.165
-204.58
813.73
183.696
-1303.38
536.248
217.891
-881.958
-630.379
312.822
227.332
277.067
639.393
-838.772
523.392
-602.553
-611.426
43.374
-655.895
-746.282
14.0218
575.433
311.409
-398.394
663.371
473.094
212.414
-83.8489
161.392
-5.06622
-407.013
-308.502
-207.358
-409.961
314.667
-73.3888
862.842
277.075
-527.988
-185.293
448.188
-535.029
-410.643
-323.046
356.592
235.621
-27.1767
205.016
740.337
431.227
-126.179
109.974
-635.362
246.001
-118.278
584.292
553.151
-7.77958
-953.693
485.845
-175.963
-31.9383
980.961
320.356
-737.493
380.471
224.959
-1041.43
-22.3695
786.902
-499.539
722.373
872.085
-293.078
-388.014
-143.341
194.754
968.926
474.184
20.9544
623.09
190.078
511.595
460.564
-756.837
271.382
128.708
-1064.53
-699.253
-542.935
-1190.85
530.568
-447.555
-144.363
126.351
187.514
26.2341
-36.9635
-905.219
346.813
-479.414
160.995
-512.376
-253.763
-54.1361
-353.559
-509.873
544.798
-137.131
-172.137
-205.925
-1011.18
610.246
595.931
341.227
-682.586
241.883
193.362
-1369.03
-632.076
-180.019
17.5778
-208.851
245.379
-168.207
144.547
-1135.52
-96.3933
46.7939
172.31
50.4461
-608.473
238.668
99.6573
428.15
286.779
-667.1
-94.9839
-97.3696
118.92
348.805
-700.521
-785.92
-203.97
-262.928
-178.863
-516.86
-1016.8
-336.821
-428.502
384.075
-453.584
-1012.85
-130.344
-34.3583
-59.4554
-470.023
-547.238
112.769
525.943
349.179
-811.354
307.248
-193.286
312.49
-437.54
587.032
1371.2
-385.099
-473.686
909.262
-567.245
-444.259
-246.141
619.337
740.441
-208.093
-288.248
125.352
-32.2925
-209.091
-348.562
513.576
-77.5228
-571.54
343.452
539.911
-503.525
-565.851
68.1656
-881.703
307.33
172.752
873.173
-172.909
503.734
80.701
-129.493
-435.444
-657.556
361.554
579.879
-45.6556
1295.33
-594.253
1071.82
-119.292
-1083.69
12.9698
-443.219
-494.551
223.259
-304.242
241.319
165.196
182.762
-581.553
42.0653
370.791
-596.225
845.435
-660.678
345.101
-419.096
456.978
-361.829
-810.35
-1408.56
24.3126
541.661
1074.28
111.816
77.7207
-288.99
994.539
656.107
381.403
-224.936
-468.021
102.574
-472.499
83.4764
-599.738
-210.581
1210.68
236.965
187.338
67.2433
-398.061
493.836
-71.7525
-560.303
-29.3044
-645.482
60.4515
-1104.91
199.691
-588.543
-367.771
558.447
-159.194
265.431
-28.4775
145.255
-358.924
576.481
234.549
622.897
484.319
-361.938
567.763
-324.269
-993.68
59.3564
554.623
-148.727
-37.2759
-222.215
186.622
-279.647
-739.277
85.0832
371.447
-204.441
-80.1253
389.066
-727.809
421.694
-219.175
1149.91
-562.538
173.13
-267.6
409.933
504.709
1181.97
37.6458
233.138
-449.421
630.351
234.584
233.322
-596.474
420.015
-337.26
-437.288
-123.366
-12.9988
-93.4552
-85.1453
-520.534
-157.377
-546.274
468.568
524.299
-87.8903
-530.722
90.5208
384.392
-238.976
1172.96
781.829
-362.168
-985.475
-1004.41
287.064
-1114.43
-1207.42
-549.014
739.106
579.212
486.022
647.582
-712.092
-982.206
-110.007
411.919
725.642
478.85
-27.7836
799.781
46.5277
545.009
-233.766
-447.97
375.045
-233.784
40.1294
770.306
727.71
-151.824
782.129
-401.128
496.969
-180.619
92.036
310.061
-504.882
-562.058
1487.21
-620.962
58.0686
-1383.46
-57.3199
-38.6847
-144.825
3.02561
-894.808
396.801
-1022.03
-748.885
227.832
-12.6058
-450.71
-110.85
972.904
-496.47
-215.939
-245.721
-597.904
-1095.28
-387.061
-430.015
23.3897
-819.384
-1201.01
267.466
-236.482
-543.351
1273.01
-534.735
-365.766
486.451
-552.962
581.031
-72.309
208.305
272.636
640.104
-677.806
403.092
864.055
-490.212
3.42265
374.493
-165.322
592.376
-327.646
620.796
-305.546
603.352
298.099
-388.335
-237.414
-317.018
-41.2418
-1465.06
157.958
690.963
-919.096
492.265
218.528
521.167
-592.097
-358.867
-274.854
866.309
150.327
918.114
-89.8825
-20.1919
-723.483
-99.297
-938.142
-1223.89
-378.907
409.526
-1113.69
0.131464
-466.26
-242.794
-634.445
1026.03
-212.039
-37.1464
-239.904
1316.22
15.6846
-422.196
1012.45
151.615
-703.072
-733.08
161.305
130.089
-957.131
222.981
450.721
131.995
-133.872
313.557
-662.768
-1175.59
-33.6068
-352.205
-510.622
648.518
347.635
-1288.15
-472.968
536.551
-625.069
-22.1066
-440.264
-744.447
148.682
-156.783
-500.913
-586.261
-657.032
329.163
-1.21098
427.767
-730.948
12.962
449.826
893.447
-131.847
551.937
-930.915
-229.689
179.315
-221.485
1001.13
105.001
862.758
293.432
617.47
8.94289
284.555
785.949
40.9513
1003.43
-638.028
-470.586
-219.833
-845.763
-292.348
-101.93
980.736
235.233
-461.231
-273.786
289.605
-151.8
-1042.03
157.152
658.997
-411.7
-210.303
1066.77
647.36
-496.996
-1420.54
-829.703
243.813
168.363
277.101
336.823
-291.764
395.077
82.8501
-650.125
-97.3666
450.096
345.51
131.666
-436.768
-237.797
1149.04
-664.377
-170.412
535.68
243.46
565.877
-1123.04
-43.1098
-620.281
352.105
-90.3367
-763.287
1059.11
-781.275
36.1589
1119.39
393.294
-311.539
-78.3772
-685.301
-68.5835
-143.198
56.295
-180.291
-545.671
-507.705
874.599
417.519
-140.94
-112.607
-240.736
-156.095
-657.978
32.0239
-248.15
-296.16
-262.767
-675.121
304.241
-494.973
-238.665
-748.214
-351.345
-679.251
53.0617
-151.537
812.895
-33.0584
-335.432
-469.261
167.831
-1108.61
-109.843
-181.483
-1137.22
-854.639
427.158
1167.73
370.972
-527.515
223.028
116.657
9.93199
-271.508
-640.095
-119.886
834.545
-435.957
721.549
166.419
-168.617
-64.9808
393.16
583.336
-1001.18
526.213
539.7
794.613
-486.283
-850.692
28.7067
-351.191
-1315.64
-565.241
556.786
931.545
-929.795
-239.277
-388.27
282.509
-242.159
-232.182
-936.15
-565.548
116.668
515.585
-367.449
-3.49123
320.601
742.761
1140.24
-189.916
-1020.44
-506.633
586.631
-74.9539
-66.7979
-1140.9
822.416
885.168
-96.9202
-497.507
470.387
180.773
432.559
168.959
-548.66
-376.523
-382.332
1089.47
-331.426
25.9126
422.868
-343.275
408.144
136.458
-77.1026
-133.238
6.08779
-270.581
-143.24
157.534
598.034
-555.961
-76.4378
-383.844
-632.258
543.473
-573.411
898.51
-480.928
917.804
1243.69
-161.533
705.182
138.336
-31.187
814.616
-896.159
252.114
1214.81
-399.357
466.112
534.403
153.643
-886.318
912.093
-155.291
671.049
-619.871
351.491
-157.981
-841.882
-183.269
600.696
235.92
-1075.01
-980.018
-766.747
-78.4254
138.138
799.234
-769.4
35.1776
-870.636
-593.541
-861.203
217.633
197.73
-101.755
-1211.92
1012.88
174.564
870.09
66.8383
1017.07
-799.612
152.431
-74.2229
-259.879
1345.01
227.92
-1073.19
-629.316
150.011
451.984
-377.844
368.225
-363.018
-747.305
-216.007
-425.097
125.409
-33.8121
90.6036
111.123
541.277
-504.795
678.98
-69.0306
-137.365
-80.7602
-888.353
-572.588
-722.604
-249.075
-366.695
502.927
-196.111
57.1101
173.313
-482.892
-980.023
-72.9401
641.365
-145.16
-431.549
621.315
146.433
95.0812
-203.694
149.693
123.563
-160.7
-319.349
-1415.41
426.413
-326.72
205.642
1171.49
511.098
955.827
478.484
10.8897
-87.8396
316.139
471.743
-475.231
-88.2001
-377.986
-787.679
99.7117
782.477
-633.172
-210.807
-266.663
832.393
553.019
-884.349
269.663
-254.212
-241.799
122.755
372.701
1435.78
-278.084
-569.314
-49.407
351.098
21.5687
-618.077
611.249
-504.062
378.239
-766.488
991.208
-1570.64
-34.7686
-393.545
396.597
-514.298
-851.308
-286.732
694.41
-739.969
638.389
-865.033
1113.25
179.576
-747.767
57.7734
-754.959
996.02
-673.245
213.556
299.659
-227.996
235.411
-807.32
-705.971
-26.789
140.656
-94.1567
-694.972
363.623
556.218
204.963
1284.57
60.1809
324.086
-313.687
-653.794
28.3392
-319.206
-147.025
-649.535
-330.84
-823.939
-661.068
-180.056
-500.231
201.757
-212.196
-43.6388
47.0313
512.801
138.003
-430.137
380.289
-467.712
-406.576
26.2683
-380.285
-1624.02
868.67
-72.5312
-388.113
-162.288
-1170.91
507.895
-731.165
-68.9378
790.787
44.0382
-1412.71
-213.005
-1130.38
630.241
-43.7932
-520.444
-753.276
-676.017
484.188
715.236
1406.51
-411.921
-211.921
790.223
694.124
-720.381
-700.716
322.931
-1250.69
389.696
673.075
937.803
852.423
1070.15
109.364
-69.2624
-34.3519
433.17
-1043.48
-75.6953
435.325
-75.8612
-872.095
-285.269
-268.963
76.934
1447.7
-23.7506
-478.945
-342.794
-352.621
81.8268
-875.073
502.095
-814.761
948.866
-1291.75
-247.538
-970.227
-53.8709
-145.324
-834.966
87.5754
-490.631
-1103.61
-160.923
-779.541
317.875
-828.535
615.263
182.45
406.209
-807.391
-647.372
-442.48
331.8
326.28
-48.5657
33.2832
396.809
670.242
-378.414
265.094
-36.9807
-452.6
-44.8809
781.437
512.27
-474.043
1242.58
-728.961
-771.826
-222.83
-914.365
-671.8
-414.372
634.822
-1324.86
-17.1685
1264.74
-15.5531
-513.338
-358.043
162.496
-208.089
-338.327
-220.104
221.652
-24.3851
-225.156
-540.657
-101.801
635.333
-647.3
187.776
68.5241
-809.709
690.247
26.5489
-122.064
341.773
122.832
892.024
-329.991
-1151.88
216.741
-180.169
20.9009
675.044
623.337
-152.541
-616.567
415.22
-696.601
-710.22
503.549
81.4458
-1231.27
268.796
-51.3456
89.394
663.509
6.07468
-473.574
916.07
68.4396
80.351
-1014.56
-1069.16
862.628
-105.333
282.19
-45.2089
-477.714
432.778
745.054
385.633
-336.502
-723.547
-148.168
243.154
243.404
-893.8
-272.587
-759.546
795.828
429.615
273.616
282.186
-228.589
186.869
364.139
-474.494
-51.603
628.229
353.18
-103.245
11.0334
-1153.74
414.527
545.297
-597.202
278.33
173.706
-493.723
-306.988
-1324.99
-497.478
848.879
831.886
-287.976
-357.905
1355.08
-117.826
787.822
-401.997
-833.697
254.859
774.29
217.367
434.618
676.941
-751.364
366.107
226.836
9.26671
135.639
-755.735
-1042.31
-54.5304
336.862
232.016
-82.9009
-867.297
773.278
625.097
-195.939
27.9226
-35.577
283.525
-416.964
-479.298
-868.435
-631.374
254.15
-1022.92
-401.484
-1066.08
-348.3
176.009
-740.752
-495.836
470.113
-481.942
74.318
757.21
649.082
-242.536
-681.515
-170.171
288.783
-785.232
419.539
-1069.53
514.494
-251.198
-159.302
-425.373
-937.806
-169.252
-267.084
-475.893
-96.4858
33.896
139.925
-388.641
612.34
284.653
-12.2816
346.397
-643.067
356.477
233.978
-664.521
-36.0523
15.1496
508.565
604.816
-762.342
693.664
892.225
-46.9285
-550.021
245.88
921.726
171.678
622.552
375.156
587.417
-431.436
-256.496
-428.105
-261.487
-348.233
112.139
238.491
-281.232
-1407.73
798.606
786.449
-892.928
45.6053
797.907
131.2
-392.287
592.493
493.26
-995.326
-920.342
-444.674
51.1133
-99.8135
-402.795
-720.056
-281.459
-1095.14
-1062
628.552
293.358
-596.204
-129.324
140.59
-208.107
257.941
612.598
469.438
-188.9
1259.41
-89.9926
-557.158
1391.59
223.023
-1120.22
798.494
-321.262
281.83
-3.03262
455.441
-380.164
-968.486
722.869
205.576
-292.09
211.04
-810.952
-194.477
-408.311
306.783
-61.6938
313.94
42.2255
-238.03
362.497
728.848
825.222
-157.343
105.863
-654.802
-155.315
-47.2801
473.875
339.265
373.095
1099.63
-178.668
105.532
-1169.76
384.732
228.281
315.172
339.352
119.233
