1155.59
19.355
-926.153
-89.5886
-669.335
358.837
287.437
532.19
-624.614
-968.847
82.8426
-122.737
-127.789
-682.021
-0.516647
-87.9338
118.514
166.963
-182.927
-808.787
-161.077
-739.265
488.438
83.0363
432.875
344.026
-883.174
-1081.09
-468.784
-310.535
-664.623
-960.658
474.499
301.477
153.191
-480.574
-552.514
-409.945
13.3295
-537.768
72.0849
-119.384
-8.03426
-571.666
-964.809
306.427
389.239
-79.1029
923.136
-406.609
1016.52
476.293
190.108
-669.121
353.192
-1097.12
-810.584
-1269.02
-1345.93
18.2822
-419.994
-114.883
242.325
661.414
1076.02
448.648
662.392
516.878
327.956
-313.296
-85.6889
-996.288
163.33
-570.489
649.857
-186.452
-381.305
1263.82
319.994
44.994
-114.81
-602.741
1036.86
-227.828
198.764
339.859
-559.02
-854.9
643.611
624.384
756.593
-332.452
367.424
-590.965
102.207
258.265
-117.432
-690.044
287.003
-122.986
-360.983
-695.993
600.273
154.059
369.211
-359.509
-4.60119
167.927
600.959
456.136
-434.143
-6.00124
88.0157
781.218
200.768
-1296.7
-651.66
583.752
398.207
-633.264
1225.98
585.253
-412.863
-187.686
154.666
-71.2841
-22.7614
-135.286
26.1984
610.901
-177.363
487.924
211.777
276.446
482.642
73.9978
1321.67
174.944
-17.8911
-965.342
-1147.12
-892.877
-287.38
-178.873
-791.542
734.887
522.35
268.375
328.619
-319.282
474.889
-1078.79
12.7389
-298.268
-225.042
554.436
348.054
80.1939
-232.491
996.705
643.138
-721.591
-640.316
-411.604
-1.00789
711.924
73.2352
55.4767
59.6296
112.805
-529.857
66.4796
297.359
-488.389
-597.977
-967.075
220.976
136.166
-326.134
456.398
-514.018
-691.424
360.117
-1092.07
-350.459
-573.205
738.1
-629.144
66.6655
-458.129
-727.576
-366.338
724.012
-65.3532
781.293
-404.572
-234.702
987.608
-426.911
-74.0482
-781.559
-466.304
-241.17
17.97
-65.3178
772.658
-204.267
-829.623
1175.78
-795.959
466.956
-611.51
-88.3164
-277.501
-837.867
-186.109
-519.688
-61.9724
-644.901
390.959
1056.11
505.925
427.683
-394.368
391.463
953.196
-131.593
24.4051
-775.267
-49.3685
-161.275
-1065.1
20.271
-1014.15
-193.605
-46.5195
692.674
-142.561
128.909
358.203
-452.443
-775.69
-780.219
-894.149
-63.6355
962.191
-508.084
-549.834
472.924
-1190.3
498.004
201.861
-498.222
245.49
389.935
489.62
856.496
-357.213
-262.303
-253.502
-766.954
-92.7394
209.444
83.7928
1131.62
139.114
-14.3961
-369.5
404.167
-20.0496
-117.542
-454.276
277.744
530.569
858.315
883.76
507.402
-479.069
233.805
-187.262
-421.969
622.858
-344.654
660.055
-148.068
-151.476
894.782
263.403
1206.61
194.522
1010.4
475.584
914.744
360.616
398.575
-224.234
-16.0754
942.09
858.157
320.652
-203.102
-545.297
-111.039
-138.337
-24.5563
138.995
64.327
91.5832
-77.8159
-532.701
601.2
1002.33
-527.97
-945.575
542.64
654.631
554.315
151.437
-328.599
-136.474
-944.629
-675.573
73.7468
672.484
45.9673
-108.087
-574.954
488.841
709.755
395.128
769.88
-121.353
-330.713
-315.459
-122.356
-19.6566
-475.371
1124.71
1188.55
-200.762
-931.094
500.775
-509.783
1104.75
-516.757
-1016.72
-40.1275
1230.53
-824.597
456.721
7.3942
-113.827
-659.675
548.833
-2.47485
-179.944
-931.639
39.1136
233.827
924.708
-115.694
348.628
1005.7
241.999
1020.12
-308.139
184.378
-1032.74
1014.65
-937.419
-288.445
-311.555
272.608
-6.22575
995.294
-926.267
-226.617
-55.915
-301.009
306.877
5.67357
-689.075
-972.361
311.906
322.264
-108.95
1239.56
348.995
-266.162
1337.47
146.135
487.186
-655.675
-933.224
178.044
28.0835
-725.632
-429.602
-322.469
226.384
-671.65
281.932
86.5289
229.542
301.278
-76.5493
294.947
-31.7994
231.953
366.372
-517.57
-826.243
280.293
-850.481
-12.7812
-672.134
-287.206
543.996
-450.949
750.763
90.0695
-283.728
851.358
-593.298
1012.55
-230.996
-607.313
9.37537
350.957
80.8301
-454.593
442.79
-122.742
304.64
-53.5753
752.729
565.891
-445.633
539.282
-1122.15
-1133.52
985.986
-659.46
-534.056
379.741
245.05
379.326
595.055
157.301
551.092
614.398
-510.914
364.156
652.222
-506.945
572.096
-542.642
12.3301
-156.431
-737.299
-151.402
242.127
-211.488
-1295.77
428.44
-492.498
510.505
39.8548
-70.8281
-590.36
872.073
505.914
-1035.99
287.85
717.582
-634.454
-1252.26
-235.416
-727.877
-448.309
-491.786
-327.28
-452.99
154.248
401.368
5.30098
1312.06
250.486
991.149
692.426
649.861
-78.4314
-511.873
-126.584
403.368
-292.371
-288.044
-708.485
1033.51
552.731
60.452
-19.3124
1296.03
245.135
-127.065
78.1435
355.361
380.408
-362.894
-279.033
170.876
-378.179
-421.012
55.945
-584.973
-27.2626
227.073
311.912
-486.191
-157.218
106.696
340.65
-1137.3
-161.449
592.46
-524.146
913.119
-677.94
81.1693
-982.641
-614.533
228.375
-324.195
933.039
427
471.505
778.642
441.459
534.76
752.081
-194.463
-196.505
-696.227
5.13704
-745.167
-961.848
100.228
112.731
-50.8267
363.828
79.1059
-283.122
229.645
273.815
-130.707
-96.8109
-808.91
1150.07
-72.1313
-489.959
-306.568
887.272
658.494
241.282
-813.683
509.384
-203.273
262.614
771.258
-464.23
-182.812
488.133
-516.304
100.995
532.995
731.856
811.99
436.306
45.485
988.177
-522.093
-788.332
-1252.7
304.397
555.465
626.384
1101.54
-70.1991
386.816
667.656
184.308
-247.191
1367.33
1063.58
-471.277
-335.857
-257.516
-124.194
121.275
141.129
612.773
-297.944
160.392
-172.26
-670.423
-351.437
-807.037
-488.407
-322.457
-983.221
-1192.78
675.814
20.294
342.987
159.858
-283.797
892.114
90.2609
494.068
-134.142
-245.622
425.416
453.739
-831.411
-558.734
-363.082
616.017
26.267
371.938
48.9559
-473.054
-634.587
-697.831
282.158
-253.332
-341.843
393.27
-1232.74
-621.722
192.169
-127.04
17.4469
873.138
-778.191
63.1412
642.972
367.06
366.72
188.763
535.321
-244.423
-186.986
117.815
530.391
111.663
453.542
-30.2431
-134.361
-187.526
-196.428
-339.515
32.9508
877.179
-683.352
70.3128
-181.479
4.69659
-577.504
-217.927
971.598
1030.1
-11.8641
-824.849
-897.106
1043.42
-505.19
32.5823
717.238
-106.397
-368.404
100.12
646.458
-916.473
-6.30503
439.601
-264.685
273.988
1100.52
-15.4947
81.6687
-749.188
620.117
1288.55
-585.541
142.136
-211.926
-146.786
465.331
661.758
-37.1145
-27.6113
-841.314
786.922
47.4299
-772.474
-1248.71
-390.622
765.803
-287.936
210.598
328.63
-548.945
-986.674
704.145
18.2913
209.453
-1059.76
8.53737
93.829
-51.6811
180.448
-58.6946
-1047.49
249.501
27.4962
-346.682
-402.218
571.439
0.881768
300.764
181.928
769.801
-642.833
370.566
-1061.23
-216.454
12.3442
-109.523
330.289
-110.505
3.53383
-619.842
-290.357
487.501
675.976
-142.039
-931.796
-512.058
119.946
-32.3224
-345.08
259.964
35.5021
-656.508
-696.944
-1210.37
1091.56
175.118
412.86
472.052
-1064.42
712.561
776.076
-8.37559
-79.8868
744.101
645.539
-365.194
-332.583
759.774
-382.102
360.744
-203.908
814.645
184.357
-1302.04
536.752
219.823
-881.447
-628.63
314.127
228.393
278.198
639.49
-838.96
525.06
-602.105
-611.852
44.7317
-653.785
-744.929
15.3351
575.309
311.354
-396.312
663.367
474.202
213.517
-82.6346
162.246
-4.02375
-405.674
-307.239
-206.488
-407.896
315.978
-72.8174
864.836
277.994
-525.888
-185.04
448.926
-533.74
-409.157
-322.934
356.172
236.424
-27.6513
206.377
740.278
431.143
-126.05
109.725
-635.419
247.799
-116.347
584.295
553.062
-7.55547
-954.147
487.173
-175.379
-31.6494
983.105
321.359
-735.441
382.29
225.862
-1040.62
-22.8314
192.636
786.808
-498.153
722.974
872.592
-291.024
-387.335
-142.035
196.062
969.498
473.711
22.1976
624.125
191.398
513.699
462.082
-756.468
271.661
129.768
-1062.53
-697.266
-543.331
-1190.25
532.012
-447.072
-143.342
128.378
187.057
27.5164
-35.1716
-904.368
348.134
-478.087
161.823
-512.434
-254.127
-53.4001
-352.206
-507.837
545.998
-135.792
-170.802
-205.208
-1011.14
611.54
597.337
342.151
-682.768
241.505
194.498
-1368.15
-632.14
-179.486
17.7193
-207.315
244.948
-168.239
145.868
-1133.75
-96.5366
46.4106
171.935
51.4043
-606.464
240.02
100.127
429.409
288.144
-665.447
-92.8552
-95.6714
120.205
349.951
-699.814
-784.464
-203.352
-262.015
-177.128
-516.972
-1016.78
-337.195
-427.167
385.097
-452.263
-1011.82
-129.263
-32.2103
-57.8898
-468.024
-545.469
113.297
527.294
350.146
-809.98
308.199
-192.72
313.791
-435.818
587.995
1372.34
-384.574
-472.398
910.444
-565.878
-442.106
-245.391
620.685
741.289
-206.49
-286.909
126.643
-30.267
-209.553
-347.316
514.75
-77.5217
-570.173
345.013
541.272
-503.519
-566.255
68.6738
-880.339
308.868
174.502
873.644
-172.134
504.304
81.2394
-128.287
-433.282
-655.724
362.225
580.561
-46.0316
1295.69
-593.766
1073.13
-119.556
-1082.63
13.4626
-441.285
-494.911
223.399
-302.936
243.481
165.914
183.933
-579.57
41.9566
372.759
-596.626
846.552
-660.356
345.805
-418.092
458.267
-360.748
-808.314
-1408.98
25.1051
542.959
1074.13
113.298
78.8164
-287.481
995.914
657.112
383.44
-224.686
-467.412
103.173
-472.933
85.4946
-597.72
-208.514
1210.55
239.023
188.004
67.5829
-397.439
495.115
-69.6638
-559.139
-28.7282
-644.134
60.1245
-1103.17
200.859
-588.004
-365.74
560.492
-158.822
266.972
-28.8521
146.169
-359.374
577.771
235.62
622.828
484.957
-361.368
567.698
-322.902
-991.663
60.6638
555.608
-147.382
-35.2014
-220.986
188.603
-277.936
-737.968
85.5893
371.419
-203.65
-78.7904
390.368
-728.193
423.045
-218.701
1150.37
-560.446
174.427
-267.985
411.121
506.695
1184.12
39.3358
234.431
-447.747
630.206
235.829
234.027
-595.884
420.239
-336.143
-435.404
-122.498
-11.0693
-92.1455
-84.6481
-519.715
-155.586
-545.301
470.35
526.377
-86.5785
-531.069
91.8132
385.693
-236.878
1174.96
783.02
-361.103
-985.009
-1004.8
286.673
-1114.56
-1205.43
-547.076
738.638
579.086
487.639
648.945
-711.464
-980.823
-109.51
412.824
725.234
480.137
-26.5061
800.672
47.293
544.935
-232.939
-448.33
376.381
-232.431
41.4093
772.283
729.294
-150.814
783.413
-400.118
498.589
-180.087
93.2956
311.228
-503.598
-560.467
1488.57
-621.271
59.367
-1382.23
-55.9356
-36.7328
-144.713
4.26702
-893.581
396.347
-1020.21
-747.714
229.152
-12.6548
-449.982
-110.349
973.007
-495.362
-216.213
-244.389
-597.365
-1094.59
-384.919
-427.894
23.5933
-818.45
-1199.84
268.12
-234.884
-541.244
1273.88
-534.746
-365.236
487.762
-551.605
582.362
-72.7539
209.565
273.95
639.635
-675.971
404.424
865.275
-488.173
2.94949
375.418
-165.496
594.358
-326.897
621.511
-305.502
604.699
299.669
-387.94
-235.832
-317.345
-40.619
-1463.75
203.214
159.288
692.188
-917.769
492.874
219.885
522.41
-591.795
-358.148
-273.548
867.238
151.025
919.184
-89.1502
-18.3787
-721.575
-97.2331
-936.959
-1222.74
-379.123
410.839
-1113.76
0.894346
-464.253
-241.714
-633.536
1026
-210.917
-37.4757
-239.966
1318.26
16.7979
-422.58
1013.73
152.192
-701.017
-731.364
161.143
130.109
-955.827
222.916
450.351
134.121
-132.534
315.591
-661.988
-1174.28
-33.1435
-351.093
-509.949
649.118
347.19
-1288.45
-470.938
536.553
-625.194
-19.9683
-439.32
-743.83
149.732
-155.733
-501.323
-584.311
-655.775
331.182
-0.297612
428.578
-729.662
14.2534
450.931
894.822
-130.53
553.062
-929.786
-228.398
178.847
-220.897
1002.44
106.3
864.367
293.941
617.035
10.2594
-363.279
284.156
786.148
41.3081
1003.91
-637.549
-469.396
-219.775
-845.098
-290.969
-100.612
980.363
235.83
-460.233
-272.244
289.518
-150.517
-1040.28
158.436
658.768
-410.73
-209.759
1067.13
649.378
-495.8
-1418.46
-828.383
245.335
169.667
277.966
338.418
-289.697
396.706
84.6605
-648.728
-96.2731
452.16
345.174
133.031
-436.315
-236.897
1149.36
-662.754
-168.414
537.802
243.42
565.729
-1122.12
-41.8403
-619.082
351.672
-89.0286
-761.904
1060.3
-780.255
36.9081
1120.1
393.905
-311.237
306.858
-76.6838
-684.062
-67.2447
-141.616
56.772
-180.379
-543.513
-506.432
875.873
417.627
-139.655
-110.666
-239.449
-154.852
-656.612
34.1321
-248.563
-295.499
-262.262
-674.557
305.966
-493.686
-237.563
-748.486
-351.418
-677.439
54.3463
-150.646
813.635
-31.1026
-333.452
-468.281
167.81
-1107.27
-109.126
-181.309
-1135.89
-852.601
428.528
1169.08
373.026
-526.349
224.841
116.628
10.759
-270.945
-640.146
-119.142
835.595
-433.949
723.451
167.18
-166.462
-63.6044
394.501
585.435
-999.263
527.08
540.811
794.24
-485.459
-849.089
30.7819
-349.806
-1314.34
-565.596
558.106
931.098
-929.594
-238.005
-386.204
283.848
-241.034
-231.922
-935.213
-564.231
117.471
516.774
-366.441
-1.43353
320.139
744.066
1141.04
-188.222
-1019.62
-505.956
586.547
-74.0686
-65.5326
-1140.89
822.518
885.763
-97.301
-496.445
471.75
180.402
432.38
170.35
-548.097
-376.613
-380.819
1090.83
-329.328
27.192
425
-341.685
407.75
136.951
-76.1003
-131.982
5.88903
-269.966
-141.859
158.812
598.232
-555.791
-75.2072
-383.661
-632.72
543.023
-572.65
899.583
-480.223
918.503
1245.79
-161.948
706.046
138.275
-30.3519
815.876
-894.866
252.702
1216.47
-398.658
466.306
535.573
154.339
-885.123
911.645
-154.004
672.42
-619.06
351.656
-158.104
-840.493
-181.963
602.777
237.153
-1073.91
-980.03
-767.199
-77.154
137.694
800.454
-769.759
36.5341
-868.51
-592.225
-860.33
219.722
198.556
-101.492
-1211.35
1012.43
176.718
872.219
68.2065
1016.99
-800.055
153.72
-74.2524
-258.955
1346.35
227.503
-1071.88
-629.391
150.349
453.865
-377.82
369.65
-363.41
-747.24
-215.473
-424.012
125.343
-33.6714
92.7155
111.803
540.804
-504.195
680.966
-67.9535
-136.059
-79.5556
-887.087
-572.036
-721.369
-248.372
-366.765
505.077
-194.774
59.0044
174.55
-481.612
-980.065
-71.9226
641.221
-144.217
-430.283
622.689
148.572
97.1197
-201.877
151.04
124.927
-159.396
-318.017
-1414.07
427.273
-325.55
207.753
1171.74
512.4
955.57
480.436
12.1632
-88.078
318.231
473.801
-474.627
-88.5038
-377.36
-787.29
100.249
782.51
-632.345
-209.514
-265.253
833.752
554.498
-884.775
269.548
-252.841
-241.262
124.914
374.615
1437.04
-276.019
-567.318
-47.2845
352.652
22.9405
-616.46
613.27
-503.606
379.557
-766.585
992.175
-1569.34
-34.0195
-393.892
397.625
-512.965
-850.828
-286.5
694.321
-738.237
638.353
-863.819
1114.54
180.795
-748.196
58.6026
-754.392
997.301
-673.627
213.084
300.973
-226.767
236.14
-806.005
-704.673
-25.7027
141.772
-92.1266
-693.906
365.067
557.515
205.105
1284.09
62.3033
326.009
-312.37
-652.612
30.3887
-317.876
-145.963
-647.479
-329.539
-822.551
-658.999
-178.413
-499.336
201.341
-211.41
-41.6567
46.6219
512.652
139.212
-430.497
380.983
-467.189
-405.199
25.8288
-380.201
-1622.11
870.756
-72.5942
-385.964
-160.518
-1170.34
509.08
-729.87
-69.3203
792.695
45.3606
-1410.58
-210.915
-1129.76
629.811
-42.4852
-520.906
-751.174
-674.186
484.871
716.546
1406.04
-410.561
-211.435
791.043
695.67
-719.824
-700.151
322.878
-1249.5
390.22
673.931
938.576
852.492
1072.3
110.657
-69.494
-32.9952
434.811
-1042.91
-75.8674
435.842
-74.6593
-872.199
-284.04
-267.329
76.6651
1449.04
-22.4285
-477.825
-341.681
-350.822
83.9528
-872.954
503.645
-814.913
950.203
-1290.86
-247.626
-968.115
-54.0415
-143.3
-834.972
88.0776
-489.338
-1102.33
-161.281
-779.911
319.162
-826.976
615.039
184.552
406.116
-806.451
-647.779
-440.923
333.368
327.58
-48.8676
32.9142
396.34
669.784
-377.474
265.389
-34.9398
-450.848
-43.5918
781.217
512.734
-474.245
1242.5
-726.942
-769.684
-220.711
-913.242
-670.838
-413.221
635.966
-1324.62
-15.8817
1266
-14.5738
-512.034
-357.592
163.779
-206.915
-337.29
-218.855
222.937
-22.6189
-223.918
-540.958
-100.697
636.653
-647.683
189.935
69.8336
-808.42
691.908
27.8687
-119.953
341.621
124.086
892.298
-328.927
-1151.74
216.532
-180.264
21.8503
677.182
622.927
-150.602
-615.781
416.539
-695.232
-708.908
503.387
83.4943
-1229.89
270.093
-50.5002
90.5997
663.099
7.35946
-473.744
916.915
69.4552
81.7371
-1014.04
-1067.44
862.257
-103.473
282.834
-43.632
-476.434
434.312
745.32
386.625
-336.57
-721.543
-147.225
243.471
242.955
-891.939
-271.603
-759.007
797.156
429.663
274.911
281.773
-227.086
188.199
364.734
-474.654
-50.233
630.279
353.995
-102.074
11.8793
-1153.71
415.507
547.358
-595.109
277.927
174.911
-493.266
-306.135
-1323.7
-495.579
849.889
833.171
-287.013
-356.247
1355.89
-116.644
788.969
-399.893
-832.378
254.392
773.945
219.468
435.919
678.258
-750.793
368.157
228.163
10.7431
136.371
-754.165
-1041.05
-52.5364
336.768
234.044
-81.5448
-865.733
774.276
625.939
-194.334
28.3683
-34.8473
284.132
-415.689
-478.765
-868.224
-630.114
255.422
-1022.97
-400.303
-1064.77
-346.147
176.862
-740.29
-495.923
469.991
-481.007
75.9105
758.493
650.385
-240.902
-681.562
-169.361
290.114
-784.748
421.619
-1069.84
515.84
-249.904
-158.597
-424.912
-937.798
-167.118
-267.25
-474.679
-96.0454
33.8271
141.532
-388.396
612.239
286.313
-11.3092
347.075
-642.007
356.08
233.845
-662.362
-35.2251
16.4633
509.39
606.663
-762.353
695.78
892.76
-47.3438
-548.729
246.996
922.52
172.207
622.175
377.205
587.252
-430.124
-256.676
-427.641
-259.4
-347.361
113.441
239.732
-280.617
-1406.67
800.671
787.533
-890.946
45.8656
799.257
131.319
-391.452
593.792
494.512
-995.601
-919.72
-445.079
53.1341
-97.878
-400.9
-718.889
-280.16
-1094.47
-1060.63
629.802
294.647
-595.301
-129.687
140.196
-208.149
260.08
612.177
469.715
-188.996
1260.68
-88.2093
-556.28
1391.5
223.146
-1119.2
800.598
-319.126
283.128
-1.70584
456.579
-379.682
-966.483
724.143
206.101
-289.974
210.759
-811.23
-194.653
-407.781
308.355
-61.2529
314.89
43.5027
-237.088
362.125
730.951
826.106
-157.387
107.983
-653.497
-153.762
-46.4653
475.068
341.087
375.16
1100.79
-176.649
107.381
-1168.53
386.032
229.621
316.511
340.294
120.531
