1158.32
21.0891
-924.544
-87.8356
-668.294
358.931
287.127
532.917
-622.739
-967.815
84.6655
-121.695
-126.526
-680.672
-0.804989
-86.2381
121.255
169.496
-181.168
-807.535
-159.377
-737.733
490.456
85.7347
435.174
346.167
-881.285
-1079.34
-467.734
-308.817
-664.272
-958.904
475.738
302.573
154.911
-480.1
-550.605
-408.661
15.0813
-537.328
72.2077
-119.466
-5.61525
-570.621
-963.049
307.788
390.279
-77.2944
924.936
-405.592
1017.78
478.004
191.877
-667.86
354.715
-1097.43
-809.352
-1267.7
-1344.19
19.4125
-418.254
-113.124
244.076
663.175
1077.86
448.435
664.145
518.637
329.671
-312.043
-83.5213
-995.128
164.497
-569.43
651.589
-183.838
-379.472
1265.07
322.034
46.9041
-113.573
-600.949
1038.21
-225.983
200.393
341.708
-559.011
-853.69
645.34
625.458
759.25
-331.191
369.186
-588.802
103.986
260.97
-117.755
-690.359
289.345
-121.273
-359.681
-694.527
602.006
153.763
370.969
-356.708
-2.87006
167.609
601.199
458.626
-434.038
-3.36269
89.1309
781.732
202.487
-1293.95
-650.405
584.982
400.086
-632.249
1226.13
587.601
-410.988
-187.987
156.405
-69.3878
-21.6723
-134.318
25.9118
611.984
-175.614
489.247
214.529
277.731
483.854
75.3089
1321.45
176.801
-17.6414
-963.628
-1145.36
-891.652
-287.572
-176.989
-789.428
736.065
523.709
269.594
328.546
-319.139
475.298
-1079.07
13.7513
-297.501
-223.293
556.137
349.127
81.9464
-230.731
997.999
644.904
-719.837
-637.641
-411.818
0.343956
713.686
74.5715
57.2224
62.3214
114.702
-527.155
68.2207
298.456
-487.282
-596.239
-965.337
222.728
137.931
-324.066
458.157
-512.309
-690.089
361.197
-1091.47
-348.757
-572.02
739.964
-628.758
69.3392
-456.395
-724.92
-364.966
725.77
-64.2447
781.367
-402.778
-232.957
988.922
-424.513
-72.2898
-779.799
-464.933
-239.545
20.2807
-63.5759
773.637
-203.103
-827.707
1175.55
-795.571
468.699
-609.713
-85.6302
-274.811
-836.806
-184.816
-518.549
-61.9637
-643.147
392.732
1055.96
507.668
427.385
-392.643
391.914
954.917
-129.859
27.1703
-774.147
-47.6306
-159.179
-1063.24
22.2188
-1011.44
-192.236
-44.7846
694.468
-141.345
130.626
359.362
-451.346
-774.369
-778.481
-894.447
-62.1053
963.446
-506.331
-548.752
474.672
-1189.24
499.807
203.662
-497.631
245.695
391.73
491.47
858.628
-354.47
-260.933
-252.258
-765.195
-91.3734
209.146
85.3676
1133.52
141.867
-12.5236
-368.436
405.874
-18.3447
-115.71
-452.556
278.925
531.861
859.635
885.483
507.245
-477.309
235.552
-187.534
-420.203
625.637
-344.152
661.137
-147.985
-150.348
894.569
266.12
1208.37
195.748
1012.16
477.342
916.452
363.035
401.28
-222.379
-14.9621
942.076
859.86
321.226
-201.341
-543.542
-109.313
-138.288
-22.0022
139.063
65.0799
93.3172
-76.453
-530.778
603.708
1003.57
-526.764
-944.202
543.329
655.721
554.529
152.525
-325.938
-134.747
-942.886
-673.711
75.5065
672.263
47.7282
-108.177
-572.94
489.932
711.078
396.222
772.64
-119.511
-328.474
-312.723
-120.455
-17.897
-474.19
1125.98
1189.91
-199.048
-929.389
501.906
-508.37
1106.48
-515.036
-1015.64
-38.2565
1232.45
-821.933
458.472
10.1707
-114.057
-659.598
551.367
-0.584125
-179.721
-929.78
40.1929
234.662
926.91
-113.85
348.962
1008.15
243.157
1020.85
-307.317
186.093
-1031.67
1016.41
-935.72
-287.466
-310.33
274.228
-5.15008
996.238
-924.561
-224.858
-55.6307
-299.123
307.951
7.24149
-689.156
-970.605
313.834
324.025
-107.198
1240.64
349.734
-264.963
1338.96
147.894
488.486
-653.921
-930.53
179.914
29.3738
-725.752
-428.505
-320.626
227.743
-670.147
282.116
87.7604
231.97
301.932
-74.8504
296.085
-30.0029
234.666
368.299
-516.099
-825.11
282.279
-849.166
-10.8699
-671.067
-285.452
545.051
-449.144
752.521
91.8293
-281.635
853.059
-591.565
1013.78
-229.29
-606.036
10.5765
352.003
82.0873
-454.838
444.028
-120.993
306.06
-51.8173
754.489
565.588
-444.494
540.306
-1120.86
-1132.88
988.165
-658.282
-534.341
379.696
244.807
381.079
596.625
159.063
552.884
616.954
-509.864
365.297
653.982
-504.933
573.438
-540.976
13.6806
-154.406
-735.934
-151.675
242.138
-210.252
-1294.64
429.781
-490.75
511.628
41.5748
-69.7003
-588.602
874.556
507.627
-1034.24
288.905
719.319
-634.512
-1250.92
-235.451
-726.277
-448.595
-490.068
-325.76
-451.949
155.599
401.387
7.0574
1313.49
251.631
992.451
692.47
651.621
-76.676
-510.121
-126.782
405.206
-291.053
-286.307
-707.247
1035.99
554.506
62.1813
-18.3519
1297.78
246.858
-125.306
79.3704
357.85
382.169
-360.349
-277.28
171.754
-376.293
-419.278
56.8221
-582.604
-25.5314
228.446
314.324
-484.464
-156.024
108.478
342.528
-1135.25
-158.977
592.18
-523.114
912.824
-676.192
82.3224
-980.707
-611.852
229.711
-322.443
934.734
428.381
472.762
780.367
442.521
536.039
753.387
-193.147
-195.345
-694.487
6.8924
-742.493
-959.937
102.024
114.489
-49.5737
365.562
80.8617
-281.355
231.511
276.537
-130.897
-94.7471
-807.802
1151.82
-72.3701
-488.217
-304.809
888.558
659.699
244.018
-812.543
512.054
-201.578
264.348
772.516
-462.022
-180.344
489.854
-514.571
102.167
534.735
732.706
811.981
438.077
47.2284
989.327
-520.891
-786.72
-1249.92
306.147
556.775
628.122
1102.9
-68.4445
388.72
669.414
184.034
-246.088
1369.08
1064.72
-469.568
-333.57
-255.897
-121.502
122.555
141.569
613.806
-298.07
161.533
-170.359
-669.636
-350.255
-804.364
-486.625
-320.76
-980.745
-1191.02
677.229
21.3899
344.824
161.189
-281.926
893.871
90.2362
495.405
-132.446
-244.668
427.522
455.441
-829.421
-556.973
-361.326
617.717
28.1097
373.047
50.7085
-471.352
-633.384
-696.516
283.859
-253.41
-340.646
395.023
-1230.83
-620.019
193.226
-125.287
18.5897
872.995
-775.716
64.308
642.662
368.146
368.476
189.818
536.498
-243.158
-185.167
119.551
532.143
113.399
454.798
-29.0373
-134.055
-185.532
-196.502
-338.97
34.7067
877.092
-680.817
71.6329
-179.721
7.39284
-576.367
-216.561
972.682
1032.9
-10.1481
-822.616
-895.368
1043.14
-504.036
35.2925
718.987
-104.529
-368.174
101.877
646.163
-914.575
-4.54803
441.418
-262.867
275.745
1102.23
-14.3247
82.9516
-747.435
621.854
1288.23
-584.071
144.059
-210.844
-147.058
466.226
663.515
-35.3196
-26.4534
-839.196
786.662
49.3449
-771.116
-1248.96
-390.883
767.527
-286.863
211.74
330.467
-547.239
-984.801
706.072
20.1112
211.219
-1059.97
11.2054
95.3557
-49.9609
182.207
-58.6892
-1045.75
249.188
29.3366
-345.039
-402.362
571.168
2.17956
302.557
182.437
769.7
-641.704
373.105
-1060.19
-214.699
12.8738
-109.771
332.046
-110.068
4.88892
-617.226
-290.236
487.464
677.897
-140.277
-930.368
-511.697
121.262
-30.8051
-343.295
261.242
37.3478
-654.811
-694.437
-1210.68
1091.46
176.286
412.783
473.907
-1063.16
713.432
777.444
-5.75129
-78.1924
746.027
647.24
-363.305
-330.833
761.135
-380.346
363.133
-202.187
814.88
186.234
-1300.97
537.936
221.558
-879.037
-626.878
315.379
230.176
279.609
640.761
-837.616
526.814
-599.664
-610.555
45.7716
-652.079
-743.899
17.0946
576.265
314.042
-394.574
664.224
474.289
214.588
-80.8735
163.837
-3.87963
-405.953
-307.554
-204.658
-406.181
317.255
-71.0051
866.628
278.222
-524.181
-182.509
451.245
-531.98
-407.4
-320.341
357.485
238.048
-26.4009
206.108
742.969
433.86
-123.464
111.075
-634.52
249.549
-114.612
585.146
554.373
-6.86468
-952.922
488.203
-174.207
-31.002
984.814
322.447
-733.724
384.038
226.101
-1038.35
-21.5671
192.311
789.534
-498.403
724.755
874.46
-289.306
-385.619
-140.794
195.77
971.306
474.953
22.1201
625.207
191.224
515.406
463.839
-753.993
272.896
131.552
-1060.8
-695.537
-542.154
-1188.46
534.036
-446.557
-141.15
130.101
188.328
28.6794
-33.4207
-904.101
349.219
-478.372
162.111
-509.741
-252.976
-51.0842
-351.159
-506.073
547.366
-136.071
-169.732
-202.885
-1008.52
612.658
599.095
343.965
-681.767
242.864
194.552
-1365.9
-629.442
-178.303
18.9854
-205.56
246.249
-165.573
145.694
-1132
-93.7596
47.7612
173.295
53.6244
-604.686
239.807
100.655
430.738
289.168
-663.693
-91.1418
-93.918
121.244
351.353
-698.123
-782.458
-201.463
-260.908
-175.375
-514.226
-1015.48
-335.839
-426.097
386.579
-451.176
-1010.35
-129.145
-30.5128
-56.1342
-466.239
-543.717
115.148
528.341
351.664
-808.221
310.008
-192.258
315.03
-434.065
589.799
1373.4
-382.166
-471.233
912.205
-566.105
-440.408
-243.734
621.735
742.403
-204.735
-285.845
127.844
-28.5437
-208.291
-347.395
515.807
-76.6699
-569.143
346.987
541.045
-502.672
-565.071
71.0923
-880.608
310.624
176.396
875.544
-171.812
506.115
83.6445
-127.233
-431.588
-653.978
362.62
582.431
-44.674
1296.3
-591.874
1072.84
-118.486
-1081.17
15.3465
-439.55
-493.764
225.983
-301.699
245.177
166.276
184.992
-577.777
44.6986
374.49
-595.302
846.625
-659.124
347.671
-415.895
459.471
-358.966
-806.551
-1407.68
27.3963
544.195
1076.92
115.302
78.921
-285.725
995.654
658.199
385.16
-224.014
-465.632
104.959
-471.725
87.2704
-595.995
-206.8
1213.31
240.777
188.401
70.0767
-395.671
496.253
-67.9538
-558.076
-26.3408
-643.081
61.2459
-1101.28
200.874
-586.094
-364.018
562.254
-158.231
268.728
-27.4929
147.721
-358.099
578.981
237.07
624.135
486.706
-360.192
568.605
-321.143
-989.938
60.5067
557.407
-146.326
-33.4575
-219.225
190.332
-276.03
-736.864
87.4608
374.08
-201.36
-77.0312
391.615
-727.026
424.804
-216.799
1152.27
-558.737
175.651
-266.816
411.109
508.49
1185.82
41.0895
235.638
-445.993
631.529
237.167
236.359
-593.507
420.932
-334.37
-433.664
-120.917
-9.33408
-90.8877
-82.7315
-518.59
-153.835
-544.204
472.102
528.121
-84.5059
-529.696
93.0149
386.936
-235.17
1176.75
783.002
-359.65
-982.579
-1003.46
288.018
-1111.79
-1203.7
-545.267
739.904
581.844
489.394
649.977
-709.574
-978.789
-107.593
413.063
726.565
481.897
-26.6257
801.778
48.9412
547.641
-230.665
-447.183
377.448
-232.705
42.5641
774.086
731.05
-149.325
784.544
-397.924
500.344
-179.603
92.9808
312.99
-502.464
-558.515
1488.3
-620.166
60.5893
-1380.89
-56.1935
-35.0001
-143.439
4.19187
-893.632
397.623
-1018.36
-746.651
230.911
-9.97251
-448.31
-108.472
974.274
-495.27
-215.135
-242.326
-595.455
-1092.88
-383.22
-426.191
26.1475
-816.913
-1197.72
270.475
-233.129
-539.52
1275.7
-533.885
-363.385
489.521
-550.562
583.434
-71.4716
211.325
274.983
640.9
-674.225
405.495
867.035
-486.452
4.20178
377.232
-164.501
596.156
-324.589
622.649
-302.879
605.751
301.425
-385.475
-234.076
-315.976
-38.8538
-1463.9
202.889
160.362
693.539
-916.688
494.649
219.615
524.17
-591.16
-356.282
-273.843
869.479
152.721
920.961
-86.8329
-16.6303
-719.838
-95.5179
-936.957
-1222.69
-378.094
412.126
-1111.06
2.74833
-462.473
-239.933
-631.303
1026.88
-209.5
-36.3526
-239.062
1319.98
16.8811
-421.234
1015.05
153.999
-699.265
-729.612
162.129
131.4
-954.716
224.225
451.719
135.837
-132.728
317.359
-660.351
-1174.57
-31.2324
-349.67
-508.227
650.901
348.478
-1287.08
-469.215
537.405
-624.239
-18.2601
-438.218
-741.466
151.915
-153.946
-500.008
-582.578
-654.015
332.906
1.25451
429.701
-728.353
15.449
453.094
894.563
-129.438
553.127
-928.715
-227.212
180.106
-219.099
1002.15
107.527
866.123
295.853
618.336
11.5454
-360.475
285.493
787.396
42.5277
1005.8
-635.649
-467.634
-218.489
-843.368
-291.213
-99.3235
981.735
237.618
-458.736
-270.488
292.238
-149.357
-1038.53
159.608
659.809
-409.216
-207.921
1068.34
651.103
-494.038
-1416.72
-827.114
247.091
170.912
280.226
340.173
-287.982
398.461
86.5288
-646.97
-96.1646
453.912
346.54
134.062
-433.876
-235.336
1149.99
-661
-166.686
539.505
244.306
567.054
-1121.01
-40.0801
-619.1
352.972
-89.3215
-762.165
1060.28
-779.165
38.5667
1121.79
395.068
-310.003
306.532
-74.9302
-683.011
-67.5235
-139.861
58.6925
-177.657
-541.818
-505.114
875.567
418.897
-138.489
-108.932
-238.319
-152.751
-655.581
35.8379
-247.249
-293.152
-259.844
-672.736
307.719
-491.926
-236.489
-747.125
-348.711
-675.691
55.5187
-149.08
814.768
-29.3704
-331.723
-468.098
168.68
-1106.21
-107.447
-180.586
-1134.62
-850.839
428.291
1170.12
374.743
-525.286
226.59
117.505
12.5979
-269.124
-637.46
-118.004
837.377
-432.169
725.189
168.312
-164.766
-63.8659
394.224
587.167
-997.526
529.342
542.236
795.401
-484.334
-847.335
32.4947
-350.065
-1313.15
-564.223
559.191
932.388
-928.893
-236.686
-384.489
284.91
-239.62
-230.679
-933.678
-562.472
119.095
516.761
-364.951
0.282961
321.407
743.774
1143.34
-186.469
-1019.33
-504.239
587.858
-71.8197
-65.8452
-1138.26
825.124
887.651
-95.9492
-494.658
473.508
181.768
433.712
172.109
-546.193
-375.294
-378.833
1091.86
-327.62
28.3306
426.713
-339.93
409.094
138.867
-74.3019
-132.074
7.22851
-268.193
-140.1
159.952
600.793
-555.068
-73.4464
-381.101
-631.463
544.305
-571
901.034
-478.353
920.195
1247.52
-160.635
708.311
140.969
-30.0694
817.205
-893.824
253.87
1218.23
-397.509
467.558
535.583
156.037
-883.755
912.867
-152.829
672.18
-617.443
354.23
-155.347
-840.746
-180.725
604.519
238.201
-1072.48
-979.169
-765.932
-77.4638
138.979
802.215
-768.39
36.2637
-866.808
-592.388
-858.754
221.459
199.677
-98.9652
-1209.53
1013.73
178.414
873.92
69.9651
1017.91
-798.78
154.914
-71.5895
-258.733
1346.08
228.82
-1070.78
-626.682
152.844
455.606
-375.188
371.408
-362.074
-746.442
-213.068
-423.899
128.042
-31.0895
94.4206
113.515
542.063
-502.407
682.695
-66.5076
-134.818
-79.5846
-887.402
-570.129
-721.431
-246.679
-364.061
506.774
-195.054
60.7436
176.311
-480.473
-977.387
-70.4381
643.998
-142.684
-430.596
622.428
150.281
98.8402
-200.129
152.093
125.959
-158.098
-316.258
-1412.31
428.387
-325.535
209.477
1172.97
513.509
956.915
482.169
11.8546
-87.0296
319.966
475.517
-474.193
-87.1411
-376.196
-784.825
101.429
783.794
-631.221
-209.815
-263.495
834.788
556.255
-883.481
272.296
-253.074
-239.417
126.611
376.352
1436.93
-274.304
-565.591
-45.5816
354.408
22.704
-614.705
615.046
-502.404
381.632
-765.262
994.401
-1568.16
-32.361
-392.518
399.415
-511.206
-848.928
-283.961
697.042
-736.484
639.236
-863.855
1114.39
182.555
-746.905
60.2094
-752.572
998.492
-672.283
214.325
302.068
-226.825
238.461
-804.909
-702.913
-24.6275
142.841
-90.358
-692.119
366.825
558.747
206.37
1285.35
64.0207
327.833
-311.093
-650.851
32.107
-316.116
-144.507
-645.727
-328.427
-822.802
-657.285
-176.659
-498.225
202.536
-210.28
-39.9276
47.9441
513.628
139.176
-429.127
382.851
-464.781
-405.44
27.1181
-379.418
-1620.38
872.497
-69.8977
-384.267
-158.766
-1168.43
510.841
-730.171
-67.9701
794.433
46.445
-1408.88
-209.206
-1127.87
631.117
-41.2316
-519.648
-749.448
-672.44
486.579
717.832
1407.3
-409.522
-209.544
792.879
697.426
-717.996
-698.246
323.775
-1249.51
392.634
674.204
940.883
855.112
1074
111.864
-68.1469
-30.9407
436.753
-1041.09
-73.0617
438.259
-72.8981
-871.263
-282.279
-265.575
77.7388
1450.1
-21.3435
-476.052
-341.596
-349.072
85.6683
-871.25
505.401
-812.126
949.925
-1289.29
-244.904
-966.395
-51.2372
-141.529
-833.668
89.992
-488.151
-1101.19
-160.135
-778.756
320.356
-825.013
616.076
186.281
408.842
-804.634
-646.462
-439.168
335.124
328.82
-47.5055
34.0701
397.579
671.061
-375.66
266.034
-33.1771
-449.096
-42.4652
782.252
513.268
-473.227
1243.8
-725.169
-767.985
-219.008
-912.169
-670.644
-411.455
637.028
-1322.09
-14.7523
1265.89
-12.7703
-510.274
-356.39
164.949
-206.905
-335.819
-217.521
222.633
-20.8663
-222.158
-539.593
-98.9224
637.683
-646.34
191.63
70.9342
-807.292
693.663
27.5813
-118.248
342.599
125.846
894.827
-327.847
-1149.16
217.873
-179.334
22.0568
678.882
624.254
-148.868
-613.929
418.298
-693.473
-707.663
506.182
85.2532
-1230.13
269.796
-48.6652
90.5682
664.29
7.05594
-472.752
919.189
71.6518
83.7806
-1012.85
-1065.69
863.416
-101.73
284.714
-41.8766
-475.294
436.298
745.987
387.715
-333.868
-719.817
-145.693
244.102
244.236
-890.102
-269.799
-757.096
796.875
430.946
276.125
283.094
-225.33
189.273
366.523
-471.86
-50.4975
632.039
354.293
-100.689
12.9975
-1151.09
417.017
549.074
-593.377
279.258
176.274
-490.828
-305.866
-1322.65
-493.841
850.974
834.301
-285.494
-354.493
1358.18
-116.645
790.73
-398.186
-831.089
255.654
775.31
221.175
437.03
677.971
-749.614
369.875
229.241
12.5001
138.041
-752.41
-1039.29
-50.7475
339.494
235.767
-81.8157
-863.978
775.364
628.212
-192.58
30.2953
-33.1762
286.508
-415.998
-477.58
-865.68
-629.067
257.182
-1020.28
-398.541
-1063.57
-344.45
178.694
-739.087
-495
470.945
-478.783
77.6657
758.361
651.419
-238.964
-678.881
-167.743
291.187
-782.824
423.331
-1068.47
517.599
-250.205
-158.228
-422.997
-936.953
-165.408
-264.45
-472.918
-95.4996
34.7365
143.485
-385.863
614.972
288.246
-9.50413
348.788
-640.924
357.26
236.611
-660.667
-33.6173
16.2987
511.227
608.408
-759.706
697.503
895.173
-46.029
-547.552
247.075
924.361
174.114
623.54
378.923
590.049
-430.417
-255.339
-425.715
-257.69
-345.108
114.679
239.409
-278.843
-1405.59
802.423
789.307
-889.154
47.1059
800.305
132.589
-391.172
593.642
495.846
-994.524
-918.55
-443.756
54.8583
-96.0633
-399.071
-718.867
-278.858
-1092.13
-1059.6
629.484
295.773
-593.743
-128.317
141.537
-205.474
261.789
613.492
470.374
-188.064
1261.86
-86.4575
-554.706
1392.43
224.415
-1118.11
802.328
-317.417
284.357
0.361384
457.643
-378.486
-964.702
725.298
208.009
-288.27
211.843
-809.868
-193.317
-405.376
310.324
-60.7073
317.116
44.644
-235.555
363.492
732.682
827.214
-154.709
109.686
-652.274
-152.007
-45.3412
475.05
342.834
376.875
1100.81
-174.924
109.126
-1167.18
387.268
229.422
316.234
342.104
121.756
