1156.52
21.8106
-925.34
-87.8401
-668.65
359.591
287.385
532.511
-623.835
-968.105
83.9455
-122
-126.918
-681.124
-0.345089
-85.4556
119.438
168.162
-181.531
-808.68
-158.642
-738.428
490.451
84.0061
434.423
345.832
-882.29
-1079.33
-468.123
-308.267
-664.012
-959.116
474.67
301.509
155.445
-480.054
-550.299
-410.056
15.1395
-537.223
72.8396
-118.747
-6.66131
-570.991
-962.385
307.312
389.941
-76.7265
925.508
-406.501
1017.39
478.643
191.378
-669.217
354.023
-1097.23
-809.76
-1268.11
-1343.98
18.7089
-419.212
-113.507
244.152
662.738
1078.33
449.206
664.213
518.263
328.737
-312.439
-83.9203
-995.963
164.068
-569.858
651.981
-185.37
-380.243
1263.96
321.971
45.7711
-114.65
-600.346
1036.7
-227.048
199.562
340.887
-558.328
-854.692
646.075
624.986
757.608
-332.548
368.73
-589.179
104.619
259.228
-117.644
-690.2
288.487
-120.511
-361.106
-695.135
601.053
154.151
370.632
-358.651
-2.48089
167.776
601.621
457.395
-433.388
-4.95876
88.7265
781.684
203.24
-1295.79
-650.803
584.581
399.145
-633.151
1226.69
586.724
-411.926
-187.656
156.671
-70.4093
-22.0412
-135.141
26.39
611.476
-175.517
487.786
212.687
276.334
482.878
73.8684
1322.23
177.233
-17.2233
-963.046
-1145.68
-892.064
-286.815
-178.094
-789.669
735.643
522.231
268.306
329.266
-318.534
475.434
-1078.55
12.8441
-297.958
-223.2
556.879
348.78
81.9907
-231.131
996.754
644.427
-719.951
-639.319
-411.054
-0.117696
713.225
73.0892
57.3799
60.6067
113.682
-528.892
68.9285
297.887
-487.9
-595.976
-964.629
223.415
136.946
-324.193
457.802
-511.668
-691.569
360.697
-1091.63
-348.044
-572.446
739.089
-628.559
67.6627
-455.678
-726.552
-366.507
725.432
-65.326
782.038
-403.39
-232.799
987.61
-425.501
-72.6283
-780.222
-466.472
-240.368
19.5057
-63.3612
772.78
-203.932
-828.822
1176.33
-795.371
469.406
-610.729
-87.333
-276.522
-837.245
-186.088
-519.299
-61.2764
-643.284
393.379
1056.71
508.376
427.771
-392.178
391.981
955.67
-129.526
25.3011
-774.82
-46.9171
-159.383
-1064.11
22.4099
-1013.2
-193.771
-44.4573
693.453
-142.622
131.197
358.182
-451.924
-775.824
-778.223
-894.121
-62.8033
963.057
-506.358
-549.274
475.368
-1189.69
498.782
204.246
-497.784
246.183
392.332
490.647
858.307
-356.293
-262.47
-252.658
-765.559
-92.8918
209.515
84.6093
1132.39
140.023
-13.6181
-368.883
406.652
-17.5655
-115.205
-452.03
277.707
530.451
858.179
886.232
507.997
-477.691
235.699
-186.924
-419.548
623.739
-344.155
660.777
-147.325
-151.046
895.344
264.352
1207.39
195.343
1011.18
477.017
917.133
361.982
399.537
-223.455
-15.3637
942.78
860.647
321.085
-201.788
-543.757
-108.838
-137.616
-23.3864
139.731
64.6404
93.664
-77.979
-531.918
602.429
1003.18
-527.182
-944.685
542.987
655.35
554.996
152.158
-327.588
-134.294
-942.728
-674.794
75.121
673.038
47.295
-107.455
-572.916
488.873
710.65
395.846
770.781
-120.575
-329.06
-314.529
-121.498
-18.2839
-475.086
1125.61
1189.42
-198.452
-930.31
501.479
-508.909
1107.01
-514.524
-1016.15
-39.1745
1231.31
-823.587
459.163
8.27786
-113.285
-658.94
550.025
-0.239062
-179.254
-930.665
39.1634
234.075
926.401
-114.915
349.228
1007
242.361
1020.43
-307.873
186.683
-1032.01
1016.04
-934.995
-288.309
-310.738
273.407
-5.63646
995.442
-923.901
-225.243
-55.2707
-300.231
307.602
6.49285
-688.442
-970.864
312.688
323.584
-107.152
1240.28
349.312
-265.382
1338.31
147.531
487.211
-654.06
-932.248
180.312
27.9675
-725.024
-429.082
-321.435
227.27
-670.803
282.638
87.3572
230.898
301.656
-74.0998
295.649
-30.6175
232.906
367.152
-516.714
-825.537
282.363
-849.572
-11.9515
-671.527
-285.584
544.656
-448.563
752.261
91.4352
-281.828
852.138
-590.845
1012.74
-230.214
-607.419
9.62602
351.692
81.6947
-454.063
442.704
-120.301
305.506
-52.1423
754.084
565.92
-444.93
540.025
-1122.27
-1133.11
987.716
-658.711
-533.867
380.406
245.587
381.079
595.868
158.6
551.871
615.556
-510.18
364.859
653.617
-504.905
572.018
-541.851
12.2181
-154.42
-737.465
-151.067
242.827
-211.326
-1295.37
428.291
-491.716
510.96
42.1121
-70.3952
-588.925
873.335
508.393
-1034.2
288.506
720.039
-633.805
-1252.36
-234.749
-727.062
-448.136
-489.529
-326.443
-452.252
154.093
402.074
6.82794
1312.91
251.193
991.024
693.151
651.226
-76.842
-509.437
-126.021
404.43
-291.467
-286.03
-708.342
1034.78
553.989
62.6029
-19.1641
1298
247.603
-125.647
78.9653
356.623
381.703
-361.706
-277.309
171.09
-375.926
-418.96
56.161
-583.517
-25.1448
226.904
313.292
-484.019
-156.954
109.106
341.427
-1135.3
-160.155
592.756
-523.404
913.261
-675.501
81.1576
-980.461
-613.544
228.229
-322.46
935.539
427.878
471.631
779.422
441.518
534.651
752.98
-194.498
-195.78
-694.268
6.73464
-744.169
-961.069
102.623
114.167
-50.7035
364.609
80.6846
-280.7
230.423
274.76
-130.139
-94.8665
-808.196
1151.67
-71.5943
-488.012
-305.166
887.157
659.289
242.21
-812.979
510.385
-200.78
264.692
771.391
-462.523
-181.509
490.392
-515.521
101.739
535.448
732.084
812.682
437.577
47.4216
988.578
-521.309
-787.521
-1251.82
306.235
556.364
628.428
1102.42
-67.7643
387.678
669.148
184.639
-246.475
1369.26
1064.29
-468.929
-334.281
-256.711
-123.216
121.339
141.661
613.512
-297.337
161.093
-171.4
-670.119
-350.681
-806.037
-487.19
-321.675
-981.919
-1191.43
676.678
20.8231
343.765
159.795
-281.523
893.719
90.9367
494
-131.666
-245.465
427.278
456.175
-829.327
-557.413
-361.538
618.509
27.0456
372.651
50.7467
-472.272
-633.804
-697.962
284.598
-252.694
-341.59
395.058
-1231.9
-619.24
192.819
-125.313
18.1497
873.744
-776.891
63.1184
642.928
367.624
368.271
189.495
535.645
-244.522
-185.875
120.27
532.217
114.118
454.407
-29.4518
-133.73
-185.462
-195.786
-339.047
34.5108
877.822
-682.142
70.1774
-180.048
5.66887
-577.11
-218.092
972.175
-9.57044
-823.178
-895.122
1043.73
-504.475
33.5392
719.122
-105.435
-367.715
101.596
646.583
-915.619
-4.81842
440.379
-263.572
275.469
1103
-15.169
81.7224
-747.474
620.897
1288.39
-584.685
142.913
-211.203
-146.439
465.526
663.294
-36.3347
-26.8876
-839.447
787.435
48.2493
-772.633
-1248.22
-390.16
768.04
-287.343
211.301
330.95
-546.569
-984.391
704.931
19.4026
211.878
-1059.21
9.54087
94.6611
-49.2123
181.852
-58.0007
-1045.5
249.402
28.5446
-345.884
-401.623
571.823
0.897408
301.543
182.41
770.434
-642.412
371.752
-1060.58
-214.867
12.8152
-108.992
331.769
-109.966
3.37577
-618.758
-289.595
488.172
676.753
-140.744
-930.923
-511.458
119.814
-31.4862
-344.299
260.034
36.5339
-654.056
-695.693
-1210.46
1092.2
175.857
413.505
472.829
-1063.55
712.772
775.909
-7.31162
-77.3957
744.898
646.319
-362.95
-330.752
759.656
-380.56
362.156
-203.127
815.306
185.297
-1301.31
537.056
221.895
-880.047
-626.878
314.985
229.621
279.066
639.586
-839.076
526.763
-600.756
-611.971
45.4691
-651.409
-744.216
16.7157
575.453
312.334
-393.864
663.591
474.953
214.123
-81.313
163.057
-3.28232
-405.423
-307.37
-205.413
-405.603
316.872
-72.0379
867.24
278.671
-523.53
-183.832
450.443
-532.382
-407.666
-321.818
356.04
237.223
-27.7411
206.777
741.254
432.092
-124.927
109.618
-635.211
249.639
-114.29
584.524
553.057
-7.19698
-954.202
487.908
-175.063
-31.26
985.593
321.913
-733.181
384.174
226.533
-1039.02
-22.9303
192.412
787.746
-497.631
723.753
873.368
-288.749
-386.553
-141.194
196.2
970.275
473.623
22.839
624.706
191.979
516.092
463.631
-755.167
271.837
130.992
-1060.39
-695.132
-543.354
-1189.46
534.012
-446.581
-141.615
130.61
186.953
28.2477
-33.3502
-903.693
348.855
-477.902
162.46
-511.457
-254.132
-51.8711
-351.47
-505.414
546.879
-135.524
-170.074
-203.687
-1010.05
612.249
598.78
343.285
-682.643
241.344
195.225
-1366.48
-631.17
-179.197
17.8124
-205.769
244.825
-167.232
146.448
-1132
-95.6534
46.2554
171.773
53.0814
-604.056
240.576
100.598
430.303
288.886
-663.795
-90.38
-93.9558
120.906
350.821
-699.031
-782.408
-202.457
-261.524
-175.376
-516.055
-1016.79
-337.354
-426.44
385.941
-451.541
-1010.97
-128.5
-29.7464
-56.3079
-465.621
-543.695
114.076
528.028
350.979
-808.575
309.352
-192.197
314.631
-434.089
589.167
1372.99
-383.179
-471.666
911.761
-565.338
-439.619
-244.599
621.417
741.772
-204.875
-286.18
127.429
-28.0409
-209.65
-346.679
515.403
-77.2829
-569.431
347.102
541.822
-503.269
-566.283
70.0464
-879.992
310.434
176.729
874.42
-171.513
505.082
82.6319
-127.636
-430.797
-653.855
362.784
581.53
-46.1912
1296.07
-592.988
1073.34
-119.495
-1081.77
14.2404
-439.232
-494.91
224.52
-302.102
245.976
166.499
184.575
-577.176
42.8782
374.898
-596.763
847.297
-660.197
346.781
-416.365
459.059
-359.526
-805.891
-1409.09
26.6699
543.796
1075.01
115.34
79.5752
-285.964
996.439
657.677
385.697
-224.31
-466.631
103.952
-472.983
87.9095
-595.522
-206.213
1211.46
241.46
188.565
68.8422
-396.658
495.818
-67.3161
-558.522
-27.3074
-643.4
60.1392
-1100.91
201.561
-587.179
-363.512
562.923
-158.391
268.539
-29.0128
146.992
-359.479
578.573
236.477
622.837
485.737
-361.067
567.882
-321.494
-989.483
61.2544
556.794
-146.65
-32.7558
-219.658
190.758
-275.721
-737.252
86.3672
372.43
-202.08
-77.3985
391.22
-728.204
424.453
-217.923
1151.14
-558.106
175.245
-268.004
411.808
509.093
1186.61
41.0473
235.225
-446.067
630.176
236.722
235.526
-594.439
420.586
-334.895
-433.439
-121.682
-9.01002
-91.2811
-83.8362
-519.282
-153.77
-544.786
472.172
528.826
-84.649
-531.239
92.5995
386.54
-234.516
1177.36
783.706
-360.243
-983.637
-1004.94
286.521
-1113.66
-1203.3
-544.693
738.537
579.989
489.289
649.685
-710.58
-978.812
-108.699
413.49
725.09
481.509
-25.8922
801.18
48.0857
545.896
-231.345
-448.329
377.108
-232.102
42.1291
774.654
730.919
-149.968
784.117
-398.388
500.243
-179.58
93.1787
312.527
-502.892
-558.325
1489.03
-621.234
60.1822
-1381.32
-55.4305
-34.636
-144.642
4.90975
-892.931
396.239
-1017.89
-747.098
230.54
-11.6671
-449.193
-109.571
973.121
-494.616
-216.158
-242.439
-596.541
-1093.8
-382.477
-425.493
24.7623
-817.615
-1197.97
269.586
-233.275
-538.782
1275.02
-534.507
-364.456
489.148
-550.868
583.087
-72.8644
210.917
274.67
639.536
-674.098
405.15
866.613
-485.93
2.85836
376.554
-165.374
596.745
-325.352
621.925
-304.432
605.431
301.266
-386.632
-234.238
-317.511
-39.8385
-1463.17
202.985
160.013
693.073
-917.045
493.654
220.271
523.757
-591.386
-357.187
-273.457
868.866
151.806
920.444
-87.6229
-16.52
-719.579
-94.9344
-936.274
-1222.03
-379.026
411.747
-1112.81
1.90037
-461.845
-240.489
-631.869
1026.2
-210.046
-37.461
-239.767
1320.54
17.5424
-422.731
1014.62
152.972
-698.584
-729.65
161.268
130.143
-955.114
222.909
450.183
136.596
-131.969
318.015
-661.186
-1174.24
-32.3663
-350.223
-509.167
649.896
347.076
-1288.62
-468.713
536.782
-625.032
-17.4876
-438.818
-742.363
151.469
-154.527
-501.455
-582.237
-654.437
333.404
0.52689
429.033
-728.752
15.0306
452.696
895.346
-129.81
553.799
-929.197
-227.636
178.75
-220.117
1002.62
107.122
866.022
294.775
616.911
11.1642
-362.426
284.01
786.304
41.5148
1004.69
-636.77
-468.093
-219.736
-844.315
-290.437
-99.7045
980.207
236.61
-459.386
-270.692
290.463
-149.791
-1038.54
159.18
658.839
-409.89
-208.98
1067.38
651.608
-494.494
-1416.01
-827.507
246.881
170.515
279.572
340.041
-287.396
398.366
86.9328
-647.308
-95.5133
454.602
345.031
133.771
-434.966
-236.073
1149.73
-661.131
-166.242
540.231
243.626
565.694
-1121.65
-40.486
-618.408
351.549
-88.912
-761.458
1060.99
-779.721
37.6974
1120.88
394.26
-311.074
306.632
-74.9724
-683.407
-66.9712
-140.021
57.5744
-179.435
-541.042
-505.527
875.887
417.719
-138.921
-108.592
-238.743
-152.968
-655.871
36.5202
-248.694
-294.015
-260.883
-673.776
307.721
-492.328
-236.97
-748.643
-350.457
-675.607
55.091
-149.825
814.063
-28.999
-331.317
-467.557
168.029
-1106.53
-108.343
-180.969
-1135.01
-850.178
429.07
1169.81
375.316
-525.729
226.71
116.843
11.8115
-270.165
-639.161
-118.737
836.837
-431.541
725.489
167.601
-163.987
-63.14
394.817
587.896
-997.268
528.682
541.673
794.211
-485.021
-847.493
33.1059
-349.32
-1313.58
-565.764
558.827
930.98
-929.223
-237.102
-383.908
284.578
-240.162
-231.777
-934.376
-562.856
118.27
517.461
-365.593
0.855666
320.037
744.227
1142.58
-186.514
-1018.96
-505.174
586.547
-72.4379
-65.6318
-1139.82
823.598
886.68
-97.4567
-495.242
473.165
180.236
432.323
171.779
-547.254
-376.658
-378.738
1091.57
-326.967
27.8947
427.478
-340.086
407.599
137.767
-74.925
-131.351
5.80351
-269.185
-140.44
159.514
599.383
-555.443
-73.876
-382.495
-632.813
542.911
-571.853
900.434
-479.276
919.283
1248.25
-162.079
707.641
139.25
-29.7069
816.767
-894.189
253.038
1218.19
-398.291
466.446
536.275
155.121
-884.231
911.565
-153.258
672.963
-618.252
352.791
-157.199
-839.987
-181.127
605.228
237.83
-1073.03
-979.785
-767.298
-77.2229
137.581
801.792
-769.924
36.9046
-866.109
-591.644
-859.507
222.177
199.013
-100.281
-1210.57
1012.31
179.196
874.667
69.6199
1017.15
-800.16
154.496
-73.2432
-258.262
1346.75
227.37
-1071.16
-628.433
151.604
455.857
-376.761
371.101
-363.556
-746.947
-214.075
-423.252
126.313
-32.5431
95.1121
112.584
540.708
-503.415
683.146
-67.0936
-135.218
-78.884
-887.242
-571.202
-720.724
-247.589
-365.801
507.558
-194.518
61.0055
175.889
-480.908
-979.07
-71.0754
642.105
-143.385
-430.401
623.19
151.054
99.3741
-200.02
151.773
125.668
-158.487
-316.63
-1412.7
427.755
-324.852
210.219
1171.94
513.112
955.494
482.552
12.1112
-88.0009
320.687
476.102
-474.079
-88.6483
-377.03
-785.975
100.553
782.579
-631.911
-209.486
-263.82
834.489
556.01
-884.892
270.461
-252.302
-240.483
127.407
376.66
1437.68
-273.722
-565.164
-44.8705
354.235
23.4798
-614.842
615.688
-503.371
381.474
-766.651
993.825
-1568.59
-33.2297
-394.062
398.836
-511.581
-850.049
-285.303
695.265
-736.506
638.556
-863.158
1115.15
182.122
-748.312
59.4087
-753.612
998.078
-673.777
212.998
301.691
-226.115
237.656
-805.286
-703.311
-25.1125
142.382
-89.7057
-692.707
366.537
558.347
205.207
1283.99
64.7755
328.352
-311.481
-651.318
32.6628
-316.49
-145.106
-645.046
-328.827
-822.041
-656.703
-176.756
-498.862
201.293
-210.986
-39.5083
46.4852
512.78
139.881
-430.664
381.953
-465.793
-404.666
25.7136
-379.9
-1620.15
873.211
-71.622
-383.507
-158.732
-1169.52
510.393
-729.866
-69.4751
794.746
46.0823
-1408.2
-208.57
-1128.9
629.684
-41.6265
-521
-748.716
-672.322
485.651
717.453
1405.93
-409.822
-210.657
792.119
697.255
-719.043
-699.311
323.074
-1248.82
391.595
674.568
940.104
853.549
1074.78
111.45
-69.5999
-31.0363
436.952
-1042.13
-75.0159
437.211
-73.3449
-872.018
-282.713
-265.684
76.7187
1449.77
-21.7068
-476.58
-340.938
-348.999
86.427
-870.567
505.227
-814.04
950.536
-1290.03
-246.681
-965.651
-53.1885
-140.883
-834.992
88.8993
-488.576
-1101.62
-161.283
-779.912
319.938
-824.848
615.114
187.014
407.054
-805.346
-647.911
-439.362
334.965
328.422
-49.0095
32.901
396.254
669.676
-376.355
265.774
-32.5127
-449.089
-42.8847
781.293
513.191
-474.138
1242.52
-724.529
-767.25
-218.308
-912.656
-670.117
-411.95
636.604
-1323.39
-15.1758
1266.63
-13.4127
-510.666
-357.353
164.521
-206.22
-336.436
-217.958
222.954
-20.8317
-222.585
-541.121
-99.4492
637.386
-647.832
192.426
70.5495
-807.713
693.61
28.0522
-117.562
341.749
125.433
893.491
-328.357
-1150.58
216.451
-180.088
22.5474
679.645
622.786
-148.53
-614.78
417.929
-693.829
-708.065
504.251
85.926
-1229.37
270.176
-49.4367
91.2712
663.047
7.36398
-473.615
918.493
71.1718
83.7125
-1013.79
-1065.74
862.229
-101.536
283.764
-42.0382
-475.731
436.379
745.678
387.176
-335.604
-719.381
-146.393
243.867
242.844
-889.596
-270.448
-758.188
797.439
429.725
275.716
281.637
-225.574
188.925
365.513
-473.79
-49.8005
632.712
354.622
-101.194
12.3418
-1152.63
416.342
549.667
-592.656
277.784
175.797
-491.913
-305.475
-1323.03
-493.591
850.462
833.875
-286.175
-354.58
1357.43
-115.954
790.267
-397.524
-831.475
254.295
773.815
221.845
436.631
678.473
-750.508
370.438
228.887
12.2363
137.156
-752.6
-1039.72
-50.1353
337.707
236.28
-81.1845
-864.177
774.841
627.521
-192.717
29.1451
-34.0616
285.565
-415.762
-478.489
-867.027
-629.448
256.782
-1021.98
-399.005
-1063.99
-343.68
177.939
-740.061
-495.737
470.138
-479.326
77.5238
759.106
651.11
-238.741
-680.573
-168.557
290.839
-783.967
423.961
-1070.01
517.246
-249.874
-158.009
-424.134
-937.541
-164.64
-266.391
-473.364
-95.5835
34.0167
143.66
-387.188
613.17
288.474
-10.1529
347.856
-641.448
356.042
234.739
-659.891
-34.4187
17.0487
510.459
608.602
-761.311
698.25
894.129
-47.4755
-547.982
247.739
923.582
173.05
622.01
379.486
588.111
-430.016
-256.764
-426.862
-257.059
-345.732
114.278
239.531
-279.837
-1406.14
803.115
788.799
-888.554
46.0221
799.991
131.405
-390.798
594.391
495.404
-995.533
-919.415
-445.214
55.3529
-95.5117
-398.551
-718.19
-279.252
-1092.97
-1059.89
629.675
295.354
-594.474
-129.855
140.047
-207.153
262.562
612.043
470.085
-188.821
1261.44
-86.4045
-555.459
1391.66
223.238
-1118.67
803.063
-316.648
283.955
0.231098
457.211
-379.427
-964.079
724.867
206.943
-287.579
210.803
-811.392
-194.735
-406.381
310.453
-60.7916
316.552
44.2044
-236.255
361.959
733.415
826.611
-156.395
110.396
-652.685
-152.196
-46.021
475.751
342.973
377.473
1101.51
-174.438
109.306
-1167.63
386.869
230.186
316.816
341.441
121.35
