1154.15
19.3639
-926.247
-89.326
-669.643
358.643
286.843
531.856
-624.647
-969.148
82.9794
-123.042
-127.963
-682.15
-1.0094
-87.7757
117.073
165.788
-182.698
-809.227
-160.901
-739.369
487.905
81.658
431.963
343.322
-883.138
-1080.83
-469.095
-310.287
-664.862
-960.417
474.075
301.042
153.447
-480.843
-552.881
-410.437
13.5978
-538.029
71.8946
-119.649
-9.0787
-571.975
-964.886
306.301
388.933
-79.3357
922.901
-407.018
1016.35
476.509
190.324
-669.603
353.088
-1097.73
-810.802
-1269.15
-1345.66
17.9362
-420.061
-114.654
242.593
661.64
1075.74
448.333
662.661
517.107
327.884
-313.483
-86.4243
-996.659
163.031
-570.804
650.131
-187.717
-381.186
1263.38
319.431
44.9719
-115.236
-602.933
1036.34
-227.868
198.675
339.96
-559.251
-855.308
643.633
624.063
755.273
-332.934
367.65
-591.687
102.056
256.877
-118.096
-690.68
286.043
-122.901
-361.483
-696.106
600.206
153.53
369.442
-361.036
-4.32674
167.289
600.739
455.006
-434.335
-7.29533
87.6901
780.933
200.83
-1298.16
-651.846
583.539
398.265
-633.672
1225.78
584.284
-412.803
-188.241
154.938
-71.2549
-23.0794
-135.682
25.7145
610.576
-177.094
487.415
210.317
275.953
482.238
73.4941
1321.36
174.639
-18.1105
-965.109
-1146.89
-893.105
-287.69
-178.902
-792.192
734.605
521.835
267.905
328.359
-319.475
474.629
-1079.25
12.3292
-298.607
-224.773
554.612
347.741
80.4615
-232.263
996.241
643.362
-721.339
-641.655
-411.923
-1.13576
712.15
72.721
55.7468
58.2613
112.835
-531.238
66.4629
297.027
-488.726
-597.705
-967.071
220.92
136.106
-326.727
456.628
-513.806
-691.937
359.793
-1092.37
-350.274
-573.484
738.182
-629.392
65.3242
-458.12
-728.885
-366.867
724.243
-65.7903
781.093
-404.397
-234.432
987.13
-427.928
-73.8176
-781.332
-466.832
-241.26
17.0485
-65.0466
772.255
-204.638
-829.627
1175.46
-796.206
466.932
-611.563
-89.6755
-278.865
-838.184
-186.578
-520.041
-62.2015
-644.652
390.827
1055.82
505.903
427.151
-394.093
391.194
953.245
-131.32
22.9276
-775.61
-49.3727
-161.909
-1065.01
19.8419
-1015.55
-194.132
-46.2462
692.623
-143.029
129.151
357.749
-452.775
-776.197
-779.947
-894.702
-63.7386
962.013
-507.823
-550.161
472.88
-1190.62
497.955
201.636
-498.519
245.279
389.722
489.72
855.797
-358.656
-262.83
-253.701
-766.725
-93.2633
208.906
83.6961
1131.6
137.653
-14.4282
-369.818
404.271
-19.9363
-117.808
-454.019
277.285
530.072
857.807
883.803
507.109
-478.84
234.075
-187.679
-422.071
621.357
-344.93
659.739
-148.268
-151.822
894.468
261.995
1206.55
194.301
1010.34
475.815
914.946
359.567
397.185
-224.271
-16.4003
941.856
858.268
320.355
-202.876
-545.056
-110.763
-138.55
-25.7542
138.79
63.9898
91.8569
-78.3409
-532.714
600.048
1002.14
-528.221
-945.702
542.315
654.312
554.101
151.12
-329.919
-136.198
-944.359
-675.61
73.9755
672.166
46.1941
-108.355
-575.467
488.406
709.624
394.809
768.406
-121.394
-331.544
-316.89
-122.335
-19.428
-475.757
1124.56
1188.42
-200.531
-931.172
500.444
-509.903
1105.02
-516.495
-1017.05
-40.0614
1230.51
-825.917
456.667
5.90005
-114.151
-659.879
547.653
-2.82387
-180.156
-931.56
38.6846
233.467
923.911
-115.734
348.386
1004.6
241.636
1019.78
-308.493
184.613
-1033.05
1014.88
-937.242
-288.845
-311.779
272.518
-6.54783
994.901
-926.064
-226.389
-56.1423
-301.038
306.563
5.57581
-689.342
-972.124
311.89
322.49
-108.682
1239.24
348.659
-266.421
1337.37
146.365
486.716
-655.426
-934.589
177.722
27.5883
-725.915
-429.934
-322.364
226.257
-671.757
281.726
86.3151
228.485
300.963
-76.3786
294.614
-31.625
230.551
366.356
-517.682
-826.573
279.807
-850.615
-12.7735
-672.453
-286.957
543.684
-451.173
750.999
90.2978
-284.355
851.283
-593.281
1012.13
-231.072
-607.802
8.97763
350.652
80.6504
-454.924
442.314
-122.785
304.522
-53.3442
752.957
565.332
-445.965
538.983
-1122.64
-1133.83
985.22
-659.749
-534.539
379.492
244.722
379.589
594.958
157.527
551.04
613.192
-511.221
363.824
652.452
-507.456
571.593
-542.727
11.8186
-156.966
-737.825
-151.821
241.9
-211.913
-1296.12
427.924
-492.564
510.163
40.1096
-71.1732
-590.129
870.946
505.995
-1035.72
287.538
717.576
-634.711
-1252.76
-235.663
-727.971
-448.799
-491.534
-327.385
-453.294
153.728
401.144
5.54065
1311.94
250.158
990.648
692.214
650.09
-78.1852
-511.921
-126.895
403.485
-292.504
-287.772
-708.914
1032.39
552.94
60.7271
-19.7071
1296.31
245.182
-126.834
77.9236
354.233
380.633
-364.078
-278.772
170.505
-378.515
-420.739
55.5741
-585.956
-26.9882
226.543
310.873
-485.915
-157.611
106.536
340.62
-1137.85
-162.554
592.02
-524.447
912.609
-677.973
80.7189
-983.037
-615.883
227.861
-323.934
933.181
426.877
471.067
778.574
441.034
534.269
751.948
-194.95
-196.816
-695.956
5.38402
-746.503
-961.872
100.015
112.962
-51.2642
363.761
79.3509
-283.228
229.612
272.402
-131.015
-97.401
-809.233
1150.31
-72.4588
-489.688
-306.339
886.778
658.248
239.847
-814.014
508.045
-203.122
262.887
770.821
-465.017
-183.91
488.39
-516.373
100.702
532.98
731.491
811.757
436.521
45.7558
987.824
-522.349
-788.424
-1254.19
304.666
555.332
626.657
1101.42
-70.2627
386.838
667.892
183.886
-247.513
1367.6
1063.26
-471.063
-336.748
-257.607
-125.56
120.818
140.865
612.47
-298.228
160.059
-172.237
-670.765
-351.719
-808.371
-488.215
-322.536
-984.32
-1192.56
675.696
19.963
342.946
159.361
-284.115
892.362
90.019
493.568
-133.982
-246.014
424.758
453.919
-831.887
-558.508
-362.841
616.141
26.2272
371.614
49.2229
-473.132
-634.843
-698.336
282.334
-253.597
-342.239
393.537
-1232.72
-621.598
191.856
-126.779
17.115
872.852
-779.291
62.6869
642.38
366.734
366.962
188.455
534.945
-244.907
-186.845
117.817
530.66
111.667
453.362
-30.4917
-134.593
-188.017
-196.69
-339.802
33.1938
876.915
-684.52
69.8053
-181.248
3.32201
-577.855
-218.454
971.274
-11.6253
-825.666
-896.835
1042.98
-505.51
31.1868
717.508
-106.326
-368.617
100.354
645.941
-916.451
-6.06954
439.556
-264.542
274.223
1100.6
-15.8688
81.209
-748.929
620.051
1287.91
-585.653
142.118
-212.242
-147.2
464.953
661.998
-37.1669
-27.9235
-841.969
786.579
47.4325
-772.996
-1249.05
-390.983
766.07
-288.258
210.266
328.351
-548.744
-986.985
704.131
18.4322
209.347
-1060.08
7.20489
93.7256
-51.6222
180.678
-58.9251
-1047.22
248.887
27.6073
-346.77
-402.509
571.039
0.410346
300.712
181.647
769.531
-643.18
369.381
-1061.55
-216.208
12.0593
-109.854
330.524
-110.768
3.01197
-621.106
-290.546
487.256
675.958
-141.814
-931.914
-512.301
119.44
-32.4273
-345.135
259.509
35.6053
-656.341
-698.081
-1210.98
1091.29
174.82
412.599
472.016
-1064.6
712.189
775.548
-9.65345
-79.7343
744.091
645.464
-365.537
-332.314
759.259
-381.861
359.729
-203.98
814.425
184.416
-1302.35
536.369
220.096
-882.472
-628.367
313.941
228.589
278.079
639.042
-839.47
525.318
-603.168
-612.349
44.4277
-653.584
-745.233
15.564
574.914
309.989
-396.317
663
474.006
213.198
-82.4082
162.152
-4.21864
-406.129
-307.866
-206.364
-407.659
315.826
-72.8653
864.632
277.778
-525.68
-186.21
447.991
-533.513
-408.921
-324.173
355.667
236.334
-28.1299
205.985
738.906
429.736
-127.284
109.215
-635.794
248.067
-116.074
583.929
552.582
-7.8778
-954.614
486.873
-175.756
-31.9615
983.2
321.031
-735.191
382.56
225.644
-1041.5
-23.3158
191.966
785.384
-498.487
722.92
872.561
-290.778
-387.409
-142.237
195.554
969.451
473.234
21.9345
623.802
191.097
513.897
462.324
-757.568
271.239
129.962
-1062.25
-696.991
-543.787
-1190.3
531.469
-447.351
-144.112
128.644
186.569
27.2113
-34.9031
-904.587
347.817
-478.571
161.593
-513.8
-254.576
-54.3267
-352.512
-507.93
545.873
-136.241
-171.114
-206.141
-1012.4
611.213
597.569
342.302
-683.172
240.981
194.288
-1368.97
-633.515
-179.871
17.2721
-207.074
244.448
-169.567
145.567
-1133.49
-98.031
45.8905
171.41
50.5934
-606.609
239.704
99.8426
429.278
287.844
-665.194
-92.7718
-95.4122
119.899
349.83
-699.895
-784.963
-203.313
-262.351
-176.865
-518.419
-1017.26
-337.717
-427.48
384.988
-452.58
-1011.94
-129.451
-32.0457
-57.6444
-468.192
-545.204
113.26
526.987
350.042
-809.75
308.359
-192.988
313.588
-435.557
588.163
1372.02
-385.602
-472.702
910.671
-566.202
-441.969
-245.476
620.377
740.951
-206.241
-287.22
126.389
-29.9988
-210.036
-347.581
514.437
-77.8848
-570.474
344.543
540.951
-503.879
-566.713
67.6292
-880.749
309.112
174.146
873.621
-172.369
504.257
80.2099
-128.6
-433.129
-655.454
361.97
580.633
-46.5544
1295.38
-593.795
1072.65
-119.981
-1082.74
13.4336
-441.012
-495.358
222.164
-303.144
243.625
165.667
183.619
-579.766
40.5135
373.034
-597.135
846.352
-660.78
345.881
-418.862
458.019
-360.554
-808.401
-1409.47
24.2057
542.753
1072.62
112.789
78.6259
-287.242
995.577
656.786
383.696
-225.003
-467.469
103.118
-473.398
85.3542
-597.444
-208.28
1209.08
238.958
187.749
66.4527
-397.499
494.783
-69.4488
-559.457
-29.7366
-644.441
59.6833
-1103.5
200.633
-587.997
-365.474
560.397
-159.121
267.216
-29.3757
146.069
-359.862
577.532
235.507
622.352
484.894
-361.749
567.317
-322.672
-991.387
60.3692
555.783
-147.691
-35.2271
-220.759
188.878
-278.302
-738.289
85.5572
370.096
-204.545
-78.561
390.177
-728.645
423.275
-218.726
1150.35
-560.231
174.204
-268.438
410.885
506.481
1184.23
39.5946
234.185
-447.491
629.718
235.699
233.078
-596.875
419.913
-335.936
-435.133
-122.594
-10.796
-92.3253
-84.6487
-520.06
-155.318
-545.634
470.618
526.348
-87.1809
-531.598
91.5598
385.497
-236.669
1174.75
782.783
-361.217
-986.056
-1005.31
286.155
-1116.03
-1205.15
-547.303
738.152
577.616
487.891
648.643
-711.429
-981.359
-109.511
412.604
724.721
480.366
-26.7861
800.337
47.2065
543.543
-233.817
-448.777
376.069
-232.853
41.0934
772.047
729.543
-150.923
783.083
-400.885
498.842
-180.36
92.6735
311.454
-503.928
-560.895
1488.2
-621.706
59.1409
-1382.36
-56.279
-36.4588
-145.167
4.00481
-893.837
395.857
-1020.49
-748.032
229.381
-14.0085
-450.066
-110.38
972.564
-495.559
-216.641
-244.975
-597.359
-1094.67
-384.747
-427.704
22.3948
-818.553
-1200.49
267.146
-234.636
-541.194
1274.03
-535.11
-365.274
487.991
-551.91
582.048
-73.2456
209.793
273.647
639.15
-675.702
404.111
865.502
-487.914
2.47005
375.57
-165.9
594.135
-327.811
621.163
-306.776
604.391
299.916
-389.034
-235.585
-317.872
-40.6791
-1464.05
202.541
158.974
692.061
-918.084
492.818
219.487
522.638
-592.102
-358.078
-274.075
866.388
150.947
919.393
-90.0781
-18.1095
-721.303
-96.9969
-937.193
-1222.96
-379.536
410.7
-1115.15
0.98546
-464.404
-241.519
-634.356
1025.63
-211.036
-37.917
-240.343
1318.51
16.5986
-423.097
1013.6
152.143
-701.069
-731.105
160.741
129.643
-956.151
222.437
449.823
134.196
-132.844
315.476
-662.077
-1174.82
-33.1655
-351.211
-510.022
649.064
346.696
-1288.98
-470.671
536.187
-625.585
-19.8671
-439.655
-744.804
148.971
-155.547
-501.828
-584.037
-655.549
331.453
-0.397585
428.236
-729.797
13.9915
450.193
894.484
-130.848
552.857
-930.108
-228.674
178.364
-220.949
1001.94
106.08
864.62
293.95
616.535
10.1176
-364.812
283.642
785.718
40.8965
1003.89
-637.575
-469.17
-220.238
-845.169
-291.299
-100.751
979.835
235.777
-460.341
-272.002
288.106
-150.827
-1040.02
158.143
658.347
-410.836
-209.8
1066.73
649.649
-495.574
-1418.44
-828.552
245.576
169.472
277.098
338.667
-289.462
396.959
84.3418
-648.498
-96.4627
452.105
344.651
132.729
-437.378
-236.996
1149.04
-662.504
-168.138
537.985
243.046
565.24
-1122.46
-41.6125
-619.324
351.173
-89.5455
-762.271
1060.06
-780.585
36.823
1120.03
393.539
-311.661
306.186
-76.425
-684.374
-67.6916
-141.369
56.7666
-181.791
-543.354
-506.566
875.306
417.178
-139.957
-110.393
-239.779
-155.492
-656.913
34.33
-249.068
-296.46
-263.302
-674.604
306.229
-493.458
-237.884
-749.009
-352.807
-677.171
54.0538
-150.744
813.289
-30.8285
-333.177
-468.482
167.44
-1107.57
-109.209
-181.638
-1136.05
-852.685
428.203
1168.77
373.268
-526.666
225.111
116.257
10.8721
-270.991
-641.501
-119.491
835.796
-434.099
723.724
166.833
-166.303
-63.966
394.071
585.445
-998.991
526.21
540.694
793.784
-485.803
-848.842
31.0077
-350.157
-1314.62
-566.124
557.789
930.601
-929.914
-238.138
-385.968
283.538
-241.153
-232.352
-935.317
-564.003
117.381
516.538
-366.55
-1.19274
319.653
743.565
1140.12
-187.964
-1019.85
-506.03
586.069
-74.918
-66.146
-1142.17
821.254
885.809
-97.8214
-496.259
471.98
179.875
431.884
170.581
-548.082
-377.102
-381.296
1090.53
-329.119
26.8599
425.079
-341.437
407.233
136.952
-75.9288
-132.251
5.38587
-270.024
-141.628
158.48
597.021
-556.118
-74.9804
-384.863
-633.201
542.53
-572.737
899.47
-480.158
918.426
1245.78
-162.453
705.17
136.904
-30.5789
815.746
-895.175
252.33
1216.73
-399.018
465.872
535.346
154.262
-885.25
911.172
-154.295
672.095
-619.152
350.432
-159.569
-840.832
-182.17
602.753
236.844
-1074.03
-980.393
-767.683
-77.7539
137.201
800.682
-770.285
36.1301
-868.322
-592.524
-860.428
219.721
198.214
-102.659
-1211.4
1011.93
176.877
872.394
68.4368
1016.6
-800.543
153.457
-75.5768
-259.167
1345.96
226.997
-1072.2
-630.782
149.216
454.137
-379.102
369.882
-363.924
-747.586
-216.499
-424.201
123.965
-34.9007
92.91
111.729
540.322
-504.251
681.241
-68.0683
-136.261
-79.7998
-887.722
-572.025
-721.628
-248.451
-368.15
505.237
-195.228
59.2765
174.778
-481.943
-981.405
-72.0321
639.724
-144.32
-430.903
622.341
148.671
97.3761
-201.608
150.732
124.626
-159.532
-317.788
-1413.85
426.935
-325.777
207.795
1171.32
512.076
955.067
480.711
11.5705
-88.4976
318.234
474.039
-474.887
-89.0252
-377.732
-788.379
99.8678
782.053
-632.69
-210.07
-265.022
833.448
554.736
-885.271
268.093
-253.167
-241.302
125.054
374.888
1436.77
-275.783
-567.043
-47.0982
352.897
22.6143
-616.21
613.125
-504.007
378.945
-767.08
991.343
-1569.63
-34.1048
-394.421
397.812
-512.737
-850.855
-287.677
692.905
-737.976
637.979
-864.068
1114.25
181.021
-748.691
58.5103
-754.44
997.039
-674.144
212.608
300.653
-227.023
235.204
-806.324
-704.445
-26.0247
141.453
-92.24
-693.722
365.301
557.305
204.66
1283.61
62.3711
325.749
-312.526
-652.387
30.6363
-317.647
-146.077
-647.531
-329.864
-822.889
-658.764
-178.16
-499.675
200.878
-211.757
-41.3817
46.1136
512.251
138.966
-431.025
381.057
-468.216
-405.528
25.3341
-380.543
-1621.84
870.736
-73.9686
-385.798
-160.252
-1170.33
509.306
-730.435
-69.8401
792.968
45.0439
-1410.39
-210.7
-1129.74
629.309
-42.6703
-521.388
-751.132
-673.917
484.797
716.407
1405.55
-410.864
-211.463
791.166
695.915
-719.869
-700.137
322.501
-1249.74
389.177
673.702
937.65
851.21
1072.46
110.41
-70.0033
-33.5732
434.384
-1042.96
-77.4046
434.795
-74.4332
-872.584
-283.813
-267.077
76.2375
1448.73
-22.7453
-477.619
-341.88
-350.553
84.0275
-872.76
503.89
-816.418
949.778
-1290.96
-249.036
-968.048
-55.5767
-143.425
-835.452
88.0812
-489.614
-1102.66
-161.729
-780.359
318.899
-827.415
614.619
184.579
404.694
-806.311
-648.285
-440.68
333.615
327.379
-49.3883
32.4632
395.864
669.294
-377.329
265.076
-35.0325
-450.584
-43.9204
780.799
512.445
-474.655
1242.02
-727.064
-769.51
-220.521
-913.564
-671.04
-413.003
635.651
-1325.77
-16.2112
1265.73
-14.4092
-511.805
-357.992
163.484
-207.144
-337.402
-218.986
222.374
-22.3522
-223.692
-541.484
-100.491
636.352
-648.199
190.089
69.5122
-808.749
692.166
27.3812
-119.757
341.22
124.313
891.119
-329.252
-1152.94
216.03
-180.649
21.6407
677.351
622.416
-150.328
-615.691
416.769
-695.002
-709.108
501.864
83.4145
-1230.22
269.56
-50.3817
90.3551
662.635
6.79201
-474.146
916.027
68.677
81.1729
-1014.43
-1067.19
861.803
-103.202
282.888
-43.3854
-476.766
433.824
744.999
386.297
-337.952
-721.268
-147.328
243.162
242.463
-892.2
-271.441
-759.002
796.709
429.205
274.675
281.265
-226.848
187.886
364.681
-476.173
-50.6089
630.19
353.763
-102.198
11.5385
-1154.98
415.402
547.593
-595.09
277.414
174.785
-494.326
-306.358
-1324.01
-495.308
849.564
832.84
-287.118
-355.993
1354.98
-116.877
789.195
-399.689
-832.521
253.909
773.425
219.671
435.595
677.782
-751.178
368.402
227.848
10.9793
136.288
-753.921
-1040.83
-52.7225
335.348
234.309
-81.9528
-865.49
773.95
625.053
-194.085
28.3505
-34.9308
283.133
-416.289
-479.153
-869.403
-630.425
255.65
-1024.32
-400.078
-1065.03
-345.985
176.986
-740.692
-496.305
469.597
-481.816
76.1591
758.211
650.083
-241.314
-682.911
-169.452
289.8
-784.763
421.838
-1070.37
516.07
-250.459
-158.843
-424.934
-938.156
-167.022
-268.777
-474.453
-96.3335
33.447
141.094
-389.565
610.806
285.902
-11.1469
347.003
-642.334
355.62
232.364
-662.203
-35.3174
16.1656
509.509
606.934
-763.648
695.823
891.714
-47.849
-549.019
246.795
922.635
172.22
621.649
377.451
585.723
-430.644
-257.179
-427.658
-259.183
-348.212
113.236
239.072
-280.676
-1407
800.613
787.745
-891.14
45.4382
798.95
130.869
-391.676
593.502
494.382
-996.025
-920.098
-445.586
53.4058
-98.1192
-401.155
-719.115
-280.296
-1095.42
-1060.93
629.173
294.318
-595.401
-130.215
139.68
-209.49
260.177
611.67
469.397
-189.382
1260.4
-87.9412
-556.378
1391.11
222.698
-1119.53
800.617
-319.024
282.913
-2.30197
456.263
-380.077
-966.633
723.831
206.114
-289.781
210.328
-811.755
-195.154
-408.805
307.892
-61.5411
314.067
43.1698
-237.191
361.598
730.968
825.772
-158.734
108.17
-653.726
-153.518
-46.8087
474.83
341.357
375.392
1100.57
-176.374
107.652
-1168.66
385.827
229.311
316.077
340.451
120.308
