1154.23
21.0966
-925.55
-88.6588
-668.358
360.527
288.681
532.636
-624.537
-967.753
83.1166
-121.664
-126.777
-681.037
0.961254
-86.084
117.164
166.233
-182.419
-808.926
-159.275
-738.555
489.234
81.8244
432.794
344.436
-883.125
-1080.15
-467.853
-308.92
-663.33
-960.008
474.499
301.31
154.789
-479.538
-551.286
-410.411
14.3425
-536.662
73.7491
-117.606
-8.42927
-570.707
-963.134
307.341
390.263
-77.5901
924.596
-406.6
1017.52
477.997
190.555
-669.543
353.857
-1095.94
-809.599
-1267.97
-1344.73
18.7455
-419.65
-114.382
243.361
661.89
1077.36
450.47
663.42
517.378
328.315
-312.293
-85.3306
-996.032
164.249
-569.619
651.29
-187.392
-381.072
1263.79
320.729
44.9657
-114.841
-601.171
1036.24
-227.707
199.279
340.055
-557.27
-854.855
645.358
625.209
755.493
-332.879
367.896
-590.551
103.807
257.027
-116.358
-688.914
286.808
-121.176
-361.482
-695.185
600.58
155.454
369.726
-361.035
-3.17197
169.066
602.345
455.508
-432.437
-7.02163
88.956
782.054
202.555
-1298.05
-650.653
584.729
398.309
-633.238
1227.48
585.022
-412.76
-186.358
155.94
-71.2463
-21.7726
-135.207
27.6975
611.67
-176.302
487.372
210.385
275.965
482.761
73.4746
1323.47
176.279
-16.4644
-963.691
-1146.59
-891.898
-285.55
-178.836
-790.953
735.813
521.821
267.998
330.382
-317.62
475.957
-1077.24
12.7319
-297.82
-223.986
556.244
349.065
81.1891
-231.995
996.491
643.6
-720.809
-641.427
-409.76
-0.0641358
712.391
72.6678
56.6146
58.44
112.844
-531.061
68.1981
298.031
-487.806
-596.707
-965.328
222.658
136.431
-325.436
456.906
-512.31
-691.976
360.895
-1091.23
-348.678
-572.266
738.255
-627.922
65.5346
-456.383
-728.605
-366.96
724.524
-65.5212
782.98
-404.215
-233.564
987.308
-427.22
-73.531
-781.069
-466.922
-240.627
17.882
-64.1081
772.667
-203.98
-829.659
1177.6
-794.725
468.664
-611.274
-89.4827
-278.674
-837.019
-186.395
-519.307
-60.2346
-644.149
392.572
1057.89
507.634
429.076
-392.844
392.458
954.964
-130.235
22.9783
-774.772
-47.6378
-160.68
-1064.95
21.328
-1015.37
-194.224
-45.1682
692.852
-142.911
130.545
357.924
-451.798
-776.214
-778.956
-892.827
-62.9588
963.19
-507.185
-549.107
474.614
-1189.48
498.172
203.377
-497.413
246.977
391.474
489.815
856.893
-358.556
-262.922
-252.508
-766.442
-93.3403
210.817
84.3941
1131.55
137.721
-14.3443
-368.656
405.989
-18.2152
-116.103
-452.684
277.433
530.07
857.762
885.524
509.198
-478.565
234.931
-185.61
-420.321
621.366
-343.684
661.042
-146.361
-151.008
896.593
262.123
1206.84
195.497
1010.65
476.103
916.489
360.195
397.331
-224.136
-15.1293
943.813
859.981
321.414
-202.624
-544.65
-109.502
-136.614
-25.335
140.702
64.7685
92.9593
-78.427
-532.75
600.511
1003.32
-527.011
-944.614
543.157
655.604
555.756
152.425
-329.675
-134.965
-943.493
-675.468
74.2457
674.303
46.4487
-106.305
-574.062
488.671
710.706
396.1
768.445
-121.234
-330.563
-316.777
-122.335
-19.1577
-475.179
1125.72
1189.41
-199.1
-930.651
501.678
-508.904
1106.34
-515.18
-1015.98
-40.0087
1230.47
-825.66
458.403
5.93155
-111.985
-657.952
548.075
-1.23272
-178.449
-931.497
38.9901
234.113
924.876
-115.578
349.854
1005.14
242.345
1020.51
-307.802
186.033
-1031.7
1015.15
-935.626
-288.38
-310.579
273.129
-5.43396
995.351
-924.538
-226.117
-54.5519
-300.971
307.885
6.28944
-687.282
-971.772
311.847
322.741
-107.953
1240.53
349.435
-265.211
1338.14
146.642
486.919
-654.927
-934.384
179.338
27.5971
-723.822
-428.955
-322.265
227.305
-670.898
283.455
87.5096
229.105
301.89
-74.7317
295.842
-31.4434
230.686
366.311
-516.778
-825.315
281.207
-849.44
-12.7903
-671.314
-286.447
544.937
-449.41
751.355
90.565
-283.112
851.72
-591.543
1012.6
-230.593
-607.763
9.51276
352.015
81.8355
-452.74
442.377
-121.045
305.465
-53.0533
753.216
567.222
-444.724
540.375
-1122.62
-1132.75
986.222
-658.527
-532.563
381.49
246.89
380.262
595.635
157.771
551.283
613.574
-509.847
365.049
652.725
-506.052
571.643
-542.146
11.8047
-155.608
-737.92
-149.753
243.856
-211.517
-1295.37
427.858
-492.167
511.031
41.4567
-70.3532
-589.834
871.436
507.715
-1035
288.779
719.304
-632.673
-1252.79
-233.654
-727.27
-446.831
-490.182
-326.575
-451.907
153.654
403.09
5.93098
1312.8
251.383
990.625
694.13
650.353
-77.7169
-510.177
-124.754
403.6
-291.36
-286.757
-708.556
1032.88
553.165
61.9221
-19.2284
1297.26
246.908
-126.548
79.1198
354.743
380.875
-363.625
-278.136
171.093
-376.888
-419.674
56.1685
-585.19
-25.8367
226.446
311.518
-484.692
-157.059
108.287
340.672
-1136.46
-161.988
594.072
-523.045
914.571
322.827
-676.229
80.9164
-981.46
-615.666
227.806
-323.283
934.89
427.877
471.423
778.958
441.344
534.285
753.053
-194.851
-195.592
-695.014
5.86265
-746.269
-961.829
101.772
113.253
-50.9233
364.146
79.806
-281.479
229.699
272.523
-128.881
-96.118
-807.94
1150.8
-70.2857
-488.761
-306.056
886.777
659.447
239.943
-812.766
508.249
-201.406
263.987
771.193
-463.971
-183.333
489.734
-515.939
101.918
534.711
732.089
813.713
436.753
46.6677
988.603
-521.138
-787.741
-1254.13
305.447
556.442
627.709
1102.41
-68.5208
386.84
668.239
185.955
-246.222
1368.5
1064.47
-469.571
-335.855
-256.963
-125.375
121.072
142.172
613.846
-296.142
161.286
-172.237
-669.977
-350.502
-808.133
-488.014
-322.03
-983.714
-1192.29
676.625
20.9643
343.092
159.425
-282.47
892.85
92.0093
493.631
-132.295
-245.515
425.929
455.539
-830.42
-558.251
-362.43
617.855
26.378
372.884
49.943
-472.631
-633.631
-698.347
283.963
-251.552
-341.708
394.254
-1232.74
-619.872
193.085
-126.139
18.3427
874.918
-778.695
62.8656
644.226
367.805
367.383
189.807
535.602
-244.86
-186.703
119.55
531.425
113.399
454.544
-29.2866
-133.032
-186.602
-194.65
-338.63
33.6255
878.935
-684.031
69.7738
-180.957
3.49456
-577.114
-218.542
972.376
-10.2213
-824.643
-895.859
1045.04
-504.281
31.3341
718.35
-106.269
-366.905
100.681
647.89
-916.455
-5.72964
439.744
-264.4
274.557
1102.32
-15.2207
81.4475
-748.306
620.417
1289.69
-584.745
142.077
-210.921
-145.124
465.5
662.401
-36.9021
-26.7009
-840.735
788.754
47.41
-773.064
-1246.9
-388.841
767.379
-287.14
211.492
330.017
-547.207
-985.297
704.09
18.574
211.091
-1057.91
7.427
94.5026
-49.8946
180.958
-56.9556
-1046.23
250.696
27.7137
-346.161
-400.406
573.143
0.589521
300.963
182.832
771.566
-642.388
369.804
-1060.32
-215.743
13.2243
-107.672
330.855
-109.433
2.93487
-620.761
-288.663
489.245
675.911
-141.569
-930.917
-510.799
119.414
-31.6277
-344.831
259.775
35.7024
-654.684
-697.544
-1209.18
1093.31
176.037
414.624
472.115
-1063.4
712.758
775.451
-9.35524
-78.0226
744.057
645.91
-363.919
-331.541
759.251
-381.451
360.409
-203.536
816.02
184.461
-1300.99
536.997
221.187
-881.759
-627.696
315.126
228.797
279.036
639.355
-839.507
525.929
-602.523
-612.337
45.8057
-652.047
-743.895
15.8368
575.369
310.167
-394.578
663.592
475.892
214.345
-82.1547
162.819
-2.39348
-404.115
-306.082
-206.242
-406.252
554.987
317.001
-72.6391
866.375
279.435
-524.171
-185.742
448.787
-533.244
-408.575
-323.804
355.639
236.942
-28.0667
208.097
739.065
429.86
-126.914
109.21
-635.196
248.853
-115.002
584.533
552.742
-6.98631
-954.466
488.264
-175.126
-30.9937
984.914
322.084
-733.833
383.402
227.287
-1040.54
-23.2712
193.699
785.482
-496.308
723.177
872.61
-289.401
-386.942
-141.044
197.506
969.633
473.295
23.9707
624.907
193.209
515.451
462.742
-756.973
271.666
130.168
-1061.07
-695.818
-543.591
-1189.96
532.782
-446.118
-143.059
129.952
186.601
28.4315
-34.1432
-902.888
349.122
-476.597
163.157
-513.606
-254.359
-53.4982
-351.135
-506.181
546.889
-134.213
-169.774
-205.316
-1012.04
612.464
597.859
342.457
-682.716
240.894
196.21
-1367.92
-633.328
-179.282
17.5688
-206.659
244.439
-169.335
147.681
-1132.81
-97.9974
45.8186
171.322
51.5826
-604.853
241.847
101.004
430.364
289.241
-664.648
-91.0465
-94.7861
121.224
350.799
-699.356
-783.529
-203.293
-261.425
-176.194
-518.319
-1017.14
-337.79
-426.137
385.822
-451.261
-1011.01
-127.571
-30.3768
-57.1855
-466.434
-544.505
113.388
528.345
350.819
-809.464
308.524
-191.687
314.778
-434.914
588.339
1373.28
-384.913
-471.478
910.916
-564.025
-440.246
-244.897
621.727
741.875
-205.741
-285.871
127.594
-28.6998
-209.985
-345.533
515.675
-77.2472
-569.072
345.96
543.097
-503.211
-566.526
68.2752
-878.681
309.551
175.72
873.596
-170.832
504.456
80.8782
-127.371
-431.423
-654.631
363.334
580.695
-46.6339
1296.28
-593.727
1074.65
-119.653
-1081.79
13.4896
-439.946
-495.123
222.518
-301.948
245.34
167.104
184.833
-578.004
40.6044
374.213
-597.16
848.24
-660.398
345.947
-417.799
459.22
-360.35
-806.65
-1409.45
25.072
543.942
1072.61
114.166
80.5088
-286.865
997.745
657.863
385.039
-224.06
-467.147
103.396
-473.252
87.1034
-596.186
-206.862
1209.12
240.697
189.125
66.9701
-397.153
496.008
-67.9602
-558.297
-29.032
-643.069
59.9273
-1101.83
202.587
-588.017
-364.169
562.136
-158.045
267.656
-29.4577
146.801
-359.825
578.729
236.403
622.533
485.237
-361.145
567.842
-322.388
-990.152
62.4706
555.967
-146.333
-33.4899
-220.503
190.079
-276.72
-736.99
85.6383
370.32
-203.665
-78.2838
391.362
-728.425
423.554
-218.7
1150.3
-558.749
175.4
-268.244
412.857
508.228
1185.94
40.2155
235.387
-446.91
629.841
236.781
233.863
-596.121
420.761
-335.717
-434.182
-121.896
-9.72195
-91.1388
-84.6755
-519.244
-154.564
-544.666
471.379
528.08
-85.9145
-531.691
92.7652
386.684
-235.158
1176.47
784.748
-360.294
-985.371
-1005.35
286.086
-1115.94
-1203.99
-545.539
738.181
577.663
488.436
650.022
-711.416
-979.963
-109.538
414.229
724.662
480.633
-24.7135
801.308
47.7851
543.683
-232.907
-448.543
377.4
-230.789
42.3164
773.747
730.057
-150.071
784.312
-399.818
499.391
-179.099
94.4704
311.697
-502.677
-559.378
1490.36
-621.404
60.339
-1381.2
-54.107
-35.335
-144.907
6.03953
-891.797
395.877
-1018.76
-746.877
229.655
-13.8109
-449.499
-110.3
972.911
-493.649
-216.32
-243.679
-597.379
-1094.13
-383.108
-426.128
22.8112
-817.744
-1199.23
267.89
-234.143
-539.461
1274.19
-534.461
-365.123
488.263
-550.524
583.368
-73.2241
210.054
275.01
639.183
-674.873
405.437
865.755
-486.585
2.53015
375.726
-165.464
595.861
-326.954
621.956
-306.459
605.74
300.394
-388.444
-235.111
-317.971
-40.3452
-1461.91
204.271
160.298
693.095
-916.748
493.102
221.59
522.896
-591.062
-358.02
-272.156
867.293
151.432
919.619
-89.2501
-17.3004
-720.312
-95.5842
-935.196
-1221
-379.138
411.865
-1114.97
1.06801
-462.648
-241.313
-633.346
1026.17
-210.059
-37.6704
-239.771
1319.88
18.5012
-423.154
1014.66
152.372
-699.322
-730.481
161.174
129.853
-954.858
222.587
449.72
135.92
-130.706
317.22
-661.441
-1172.94
-33.1701
-350.237
-509.563
649.32
346.703
-1289.06
-469.37
536.793
-625.066
-18.1446
-438.709
-744.02
150.02
-155.351
-501.843
-582.943
-655.286
332.743
0.342515
429.104
-728.621
15.1999
451.258
896.656
-129.543
554.76
-929.006
-227.459
178.411
-220.681
1003.93
107.276
865.17
293.936
616.519
11.2928
-364.818
283.584
786.126
41.3658
1003.88
-637.521
-468.921
-220.028
-844.712
-289.116
-99.5757
979.774
236.044
-459.483
-271.581
288.227
-149.604
-1039.36
159.359
658.675
-410.011
-209.627
1067.29
650.946
-495.324
-1416.7
-827.362
245.991
170.661
278.002
339.178
-288.044
397.516
85.968
-648.207
-94.578
453.841
344.598
134.119
-436.74
-236.256
1149.92
-661.995
-166.915
539.593
243.618
565.354
-1121.58
-41.3482
-617.319
351.162
-87.609
-760.141
1062.02
-779.584
37.3849
1120.48
394.24
-311.265
307.919
-75.8042
-683.146
-65.6598
-140.894
56.7345
-181.659
-541.67
-505.411
877.19
417.482
-138.737
-109.299
-238.528
-154.271
-655.512
35.8804
-249.086
-295.673
-262.636
-674.366
306.905
-493.19
-236.766
-749.099
-352.643
-676.396
55.2703
-150.019
814.111
-29.6958
-332.003
-466.681
168.038
-1106.2
-108.673
-180.785
-1134.86
-850.934
430.36
1170.12
374.663
-525.502
225.933
116.848
10.9809
-270.773
-641.29
-118.726
836.012
-432.344
724.769
167.633
-164.616
-61.8187
396.134
587.172
-998.001
527.099
541.615
793.934
-484.98
-848.367
32.4584
-347.999
-1313.39
-566.213
559.09
930.594
-928.954
-237
-384.557
284.879
-240.172
-231.982
-934.498
-563.728
117.995
518.507
-365.686
0.204225
319.686
745.537
1140.92
-187.346
-1018.18
-505.562
586.236
-73.9728
-64.34
-1141.82
821.539
885.843
-97.8923
-496.066
472.262
179.781
431.962
170.869
-548.092
-377.022
-379.854
1091.9
-327.608
28.0927
426.799
-340.958
407.164
136.927
-75.751
-130.199
5.41199
-269.697
-141.342
159.708
597.394
-555.231
-74.7237
-384.434
-633.136
542.54
-572.127
900.33
-480.109
918.879
1247.5
-162.471
706.045
137.077
-28.9878
816.811
-893.907
253
1217.36
-398.315
466.248
537.295
154.743
-884.157
911.236
-153.077
674.248
-618.485
350.797
-159.498
-838.667
-180.975
604.484
238.123
-1073.02
-979.721
-767.628
-75.9296
137.214
800.935
-770.366
38.2216
-866.743
-590.399
-859.681
221.453
199.083
-102.189
-1211.13
1011.92
178.567
874.03
68.7203
1017.08
-800.5
154.665
-75.3434
-257.45
1348.08
226.968
-1070.89
-630.614
149.726
455.121
-378.795
370.177
-363.97
-746.821
-215.814
-422.311
124.13
-34.5285
94.4731
112.178
540.363
-503.947
682.475
-67.1486
-135.068
-77.8011
-885.957
-572.04
-719.584
-247.939
-367.98
506.927
-193.208
60.2736
175.035
-480.7
-981.171
-71.1762
639.737
-143.539
-429.112
624.515
150.393
98.7181
-200.8
152.089
126.015
-158.363
-317.511
-1413.57
427.852
-323.808
209.522
1171.8
513.341
955.127
481.858
13.4059
-88.1413
319.964
475.449
-473.514
-89.0902
-377.085
-787.766
100.485
782.329
-631.874
-208.188
-264.73
834.816
555.108
-885.251
268.165
-250.993
-241.142
126.771
375.943
1438.8
-274.371
-565.843
-45.5068
353.358
24.7828
-615.707
614.87
-503.505
380.177
-767.039
992.262
-1568.4
-33.5389
-394.517
398.01
-512.459
-850.79
-287.218
693.013
-737.331
638.535
-862.042
1116.32
181.275
-748.67
59.1567
-754.196
998.239
-674.194
212.675
301.945
-224.996
236.007
-805.012
-704.174
-24.9092
142.608
-90.4922
-693.531
365.621
558.494
204.973
1283.63
64.0967
327.439
-311.344
-652.139
32.0094
-317.37
-145.169
-645.785
-328.586
-820.721
-657.35
-177.607
-498.782
201.01
-210.955
-40.1897
46.0796
512.681
140.964
-431.114
381.119
-467.523
-403.344
25.3445
-379.776
-1620.89
872.464
-73.7941
-384.137
-159.538
-1170.36
509.553
-728.572
-69.9093
794.03
46.3562
-1408.83
-209.214
-1129.74
629.286
-41.4827
-521.326
-749.396
-673.1
485.235
717.561
1405.57
-409.475
-211.413
791.288
696.378
-719.646
-700.149
323.053
-1247.72
389.814
675.245
938.439
851.467
1074.15
111.614
-70.0096
-32.2776
435.853
-1042.7
-77.422
435.423
-74.1822
-872.026
-283.557
-266.539
76.5489
1450.05
-21.4324
-477.402
-339.969
-349.791
85.752
-871.202
504.351
-816.381
951.856
-1290.17
-248.9
-966.312
-55.5922
-141.675
-835.344
88.06
-488.398
-1101.4
-161.508
-780.121
320.105
-825.9
614.955
186.308
404.802
-806.173
-648.3
-440.247
334.093
328.568
-49.4485
32.6593
395.928
669.31
-377.183
266.02
-33.2876
-449.904
-42.6686
781.13
513.557
-474.235
1242.25
-725.309
-767.88
-218.945
-912.467
-669.238
-412.772
636.865
-1325.23
-14.9642
1267.76
-14.2393
-511.533
-357.482
164.7
-205.174
-336.509
-217.873
224.253
-21.6366
-223.433
-541.579
-100.273
637.742
-648.249
191.798
70.8
-807.485
692.776
29.3594
-118.201
341.655
124.574
891.53
-328.178
-1152.49
216.066
-180.118
23.3569
679.011
622.365
-149.237
-615.611
417.042
-694.717
-707.91
501.85
85.1568
-1228.05
271.48
-50.2668
92.3511
662.748
8.66161
-473.689
916.873
69.7077
82.4808
-1013.92
-1066.58
861.952
-102.29
282.928
-42.9116
-475.526
435.213
745.86
387.343
-337.78
-720.056
-146.547
244.134
242.48
-890.454
-271.274
-759.026
798.755
429.462
275.874
281.229
-226.476
189.211
364.939
-476.16
-48.4808
631.928
355.292
-101.175
12.415
-1154.62
416.19
549.015
-593.352
277.364
175.829
-493.681
-304.718
-1322.76
-494.326
850.658
834.069
-286.307
-355.427
1355.77
-114.9
789.434
-398.163
-831.338
253.952
773.4
221.203
436.861
679.786
-750.606
369.784
229.165
11.3274
136.825
-753.484
-1040.56
-50.9668
335.458
235.621
-79.8687
-865.064
775.028
625.916
-193.583
28.3061
-34.3857
283.839
-414.471
-478.589
-868.921
-629.174
255.915
-1024.1
-399.83
-1063.81
-344.309
177.109
-740.205
-495.748
470.061
-480.798
76.6574
760.272
651.458
-239.792
-682.692
-168.813
291.123
-784.786
423.314
-1070.45
516.348
-248.577
-157.386
-424.928
-937.464
-165.298
-268.778
-474.199
-95.1861
33.9961
142.562
-389.089
610.896
287.399
-10.9797
347.437
-641.284
355.765
232.406
-660.518
-34.6677
18.2745
509.628
607.849
-763.346
697.545
892.325
-47.8714
-547.798
248.695
922.75
172.211
621.548
378.832
-428.716
-257.161
-427.69
-257.703
-347.256
114.428
240.819
-280.35
-1406.01
802.346
787.975
-889.375
45.8315
800.302
131.158
-390.048
595.583
495.456
-995.662
-919.5
-445.612
54.6927
-96.3836
-399.424
-717.14
-279.126
-1094.57
-1059.53
630.969
295.564
-594.638
-130.311
139.62
-209.274
261.898
611.635
470.299
-188.853
1261.61
-87.2031
-555.644
1391.57
222.998
-1118.54
802.341
-317.299
284.106
-1.03152
457.462
-379.544
-964.872
725.047
206.105
-288.216
210.619
-811.847
-195.127
-408.11
309.32
-60.3967
315.027
44.3981
-236.407
361.5
732.693
826.737
-158.524
109.759
-652.521
-153.079
-45.9671
476.804
342.201
376.822
1102.49
-175.098
108.548
-1167.52
387.016
231.442
318.131
340.614
121.505
