1157.22
23.0457
-924.749
-87.1073
-668.221
359.849
287.993
532.427
-623.356
-967.635
84.4513
-121.52
-126.293
-680.48
0.238194
-84.218
120.141
168.938
-180.977
-808.627
-157.433
-737.822
491.511
84.7158
435.313
346.816
-881.828
-1078.6
-467.71
-307.171
-663.867
-958.506
474.774
301.363
156.532
-479.978
-549.144
-410.204
15.9097
-537.129
73.0841
-118.34
-5.82513
-570.568
-961.155
307.947
390.389
-75.518
926.699
-406.632
1018.02
479.796
191.915
-669.377
354.623
-1096.61
-809.171
-1267.46
-1343.12
18.9621
-418.669
-112.956
244.936
663.282
1079.5
449.703
664.996
518.816
329.287
-311.826
-82.9433
-995.783
164.607
-569.465
652.981
-184.63
-379.746
1264.06
323.021
46.2257
-114.559
-599.128
1036.59
-226.558
200.141
341.38
-557.982
-854.579
647.309
625.365
758.323
-332.707
369.272
-588.188
105.839
259.936
-117.015
-689.574
289.357
-119.268
-361.245
-694.515
601.59
154.743
371.19
-357.955
-1.48796
168.397
601.79
458.188
-433.12
-4.23394
89.2314
781.704
204.479
-1295.09
-650.19
585.182
399.621
-633.28
1226.89
587.587
-411.452
-187.055
157.582
-69.9458
-21.5454
-135.266
26.9708
611.836
-174.723
487.659
213.388
276.188
483.02
73.7347
1322.71
178.404
-17.0428
-961.932
-1145.12
-891.482
-286.318
-177.625
-788.641
736.198
522.163
268.143
329.655
-318.289
475.518
-1077.97
12.7116
-298.04
-222.408
558.095
349.271
82.7522
-230.582
996.79
644.967
-719.284
-638.604
-410.536
0.521147
713.766
72.9675
58.2173
61.3176
114.146
-528.181
70.161
298.213
-487.607
-595.072
-963.391
224.643
137.472
-323.146
458.358
-510.517
-691.693
361.06
-1091.6
-346.849
-571.898
739.577
-628.433
68.3762
-454.441
-725.825
-366.613
725.99
-65.4713
782.302
-402.872
-231.964
987.619
-424.648
-72.0708
-779.677
-466.579
-239.785
20.3964
-62.4863
772.647
-203.738
-828.375
1176.83
-795.242
470.637
-610.212
-86.6209
-275.81
-836.86
-186.08
-519.076
-60.9416
-642.63
394.599
1057.15
509.607
428.363
-391.137
392.045
956.906
-128.572
26.0009
-774.557
-45.683
-158.358
-1063.63
23.5262
-1012.49
-193.878
-43.5064
693.959
-142.782
132.307
358.027
-451.609
-775.956
-777.325
-893.517
-62.2017
963.686
-505.641
-548.931
476.597
-1189.31
499.286
205.453
-497.769
246.38
393.544
491.141
859.286
-355.589
-262.577
-252.052
-765.005
-92.9857
210.109
85.2004
1132.84
140.724
-13.1442
-368.499
407.895
-16.3202
-114.011
-450.948
277.549
530.31
858.052
887.468
508.448
-477.139
236.531
-186.359
-418.321
624.435
-344.098
661.272
-147.047
-150.791
895.831
265.058
1207.91
195.938
1011.7
477.576
918.312
362.812
400.245
-222.97
-14.8597
943.11
861.889
321.086
-201.245
-543.147
-107.788
-137.31
-22.6185
140.015
64.5555
94.6292
-78.0886
-531.471
603.21
1003.8
-526.614
-944.044
542.922
655.848
555.18
152.653
-326.871
-133.26
-941.899
-674.309
75.6724
673.537
47.8399
-107.041
-571.829
488.727
711.29
396.345
771.48
-120.084
-328.123
-313.824
-121.037
-17.7328
-474.924
1126.26
1190.05
-197.328
-929.744
501.991
-508.279
1108.09
-513.452
-1015.81
-38.6966
1231.76
-822.868
460.391
8.97595
-112.762
-658.645
550.794
0.914578
-179.055
-930.186
39.0215
233.966
927.333
-114.426
349.354
1007.8
242.577
1020.33
-307.977
187.805
-1031.53
1016.59
-933.796
-288.435
-310.15
273.987
-5.26998
995.313
-922.739
-224.692
-55.1073
-299.761
308.093
7.08601
-688.022
-970.28
313.136
324.128
-106.39
1240.77
349.226
-264.817
1338.91
148.086
487.228
-653.408
-931.535
181.475
27.8239
-724.573
-428.766
-320.943
227.906
-670.192
282.845
87.9554
231.725
301.617
-72.8815
296.163
-30.0977
233.613
367.6
-516.097
-825.029
283.448
-848.92
-11.496
-671.152
-284.924
545.075
-447.349
752.854
91.9853
-280.798
852.69
-589.607
1012.86
-229.655
-607.571
9.77245
352.175
82.3168
-453.521
442.54
-119.071
306.128
-51.5829
754.633
566.518
-444.419
540.5
-1122.41
-1133.1
988.661
-658.171
-533.284
380.773
246.112
381.817
596.457
159.141
552.38
616.313
-509.699
365.375
654.171
-503.818
571.976
-541.275
12.1491
-153.349
-737.569
-150.503
243.153
-211.235
-1295.14
428.172
-491.176
511.235
43.2014
-70.1381
-588.365
874.124
509.634
-1033.44
288.92
721.271
-633.405
-1252.44
-234.376
-726.471
-447.551
-488.441
-325.838
-451.774
153.978
402.39
7.43316
1313.52
251.711
990.889
693.441
651.776
-76.201
-508.206
-125.523
404.93
-290.819
-285.116
-708.266
1035.57
554.525
63.6182
-19.2892
1298.9
248.841
-125.089
79.5592
357.418
382.243
-360.928
-276.591
170.975
-374.761
-418.019
56.047
-582.647
-24.1538
226.803
314.126
-482.993
-156.801
110.325
341.895
-1134.22
-159.344
593.322
-522.929
913.844
-674.268
81.0052
-979.313
-612.83
228.108
-321.736
936.784
428.507
471.708
779.962
441.376
534.504
753.623
-194.523
-195.251
-693.396
7.3807
-743.453
-960.605
103.836
114.727
-50.6334
365.148
81.3201
-279.475
230.898
275.466
-129.647
-93.8223
-807.696
1152.32
-71.0653
-487.147
-304.61
887.014
659.868
242.914
-812.469
511.098
-199.533
265.657
771.475
-461.563
-180.695
491.482
-514.973
102.282
536.679
731.97
813.01
438.114
48.2829
988.821
-520.744
-786.931
-1251.12
307.027
557.008
629.37
1103.05
-66.5358
388.141
669.736
185.203
-245.976
1370.13
1064.82
-467.78
-333.372
-256.127
-122.504
121.375
141.737
613.991
-296.891
161.608
-170.94
-670.202
-350.135
-805.321
-486.665
-321.11
-981.095
-1190.88
677.298
21.1477
344.253
159.757
-280.351
894.373
91.2942
493.962
-130.431
-245.588
428.283
457.384
-828.219
-556.87
-360.925
619.753
27.534
373.155
51.5046
-471.709
-633.24
-698.097
285.811
-252.286
-341.446
395.816
-1231.45
-617.991
193.228
-124.593
18.6643
874.177
-776.07
62.9642
643.534
367.975
368.892
189.98
535.84
-244.678
-185.369
121.504
533.002
115.352
455.031
-28.8789
-133.576
-184.371
-195.383
-339.012
35.1352
878.21
-681.353
70.048
-179.49
6.37917
-576.884
-218.201
972.539
-8.45686
-822.227
-894.234
1044.29
-503.955
34.2473
719.951
-104.956
-367.515
102.172
647.169
-915.162
-4.23658
440.877
-263.066
276.05
1104.24
-14.9783
81.7526
-746.765
621.433
1289.01
-584.067
143.36
-210.711
-145.876
465.407
663.908
-35.8218
-26.3594
-838.421
787.973
48.7031
-772.747
-1247.67
-389.61
769.117
-286.975
211.817
332.13
-545.401
-983.203
705.382
19.9096
213.102
-1058.69
10.2555
95.2623
-47.9721
182.407
-57.6635
-1044.6
250.017
29.0402
-345.305
-401.161
572.378
0.904167
302.053
182.449
770.835
-642.166
372.521
-1060.17
-214.228
12.8484
-108.455
332.348
-109.881
3.2627
-618.012
-289.341
488.531
677.201
-140.203
-930.294
-511.322
119.682
-30.882
-343.778
260.075
37.0265
-652.836
-694.89
-1209.84
1092.59
176.397
413.897
473.307
-1062.93
712.655
775.806
-6.57954
-76.1494
745.351
646.873
-361.787
-329.969
759.591
-379.947
363.001
-202.575
815.472
185.773
-1300.83
537.24
222.855
-879.192
-626.147
315.605
230.151
279.69
639.647
-839.155
527.473
-599.921
-612.114
45.9485
-650.241
-743.767
17.2679
575.325
313.045
-392.628
663.476
475.214
214.502
-80.7691
163.644
-3.04695
-404.848
-306.75
-204.913
-404.49
554.332
317.515
-71.5335
868.451
278.855
-522.374
-183.05
451.323
-531.833
-407.083
-321.065
355.909
237.802
-27.9039
207.332
741.963
432.799
-124.174
109.552
-635.324
250.433
-113.343
584.41
553.057
-7.2475
-954.358
488.378
-174.88
-31.2872
986.833
322.258
-732.091
385
226.712
-1038.1
-23.0865
193.042
788.45
-497.087
724.266
873.837
-287.648
-385.997
-140.589
196.787
970.772
473.46
23.2394
625.07
192.451
517.274
464.251
-754.347
271.942
131.52
-1059.38
-694.135
-543.506
-1188.94
535.068
-446.527
-140.652
131.683
186.801
28.7813
-32.5721
-903.498
349.351
-477.318
162.615
-510.745
-254.283
-50.9818
-350.99
-504.186
547.51
-134.951
-169.586
-202.799
-1009.3
612.756
599.342
343.798
-682.769
241.234
195.519
-1365.52
-630.459
-179.03
17.8653
-205.153
244.687
-166.517
146.922
-1131.27
-94.9552
46.1403
171.663
54.0214
-602.834
241.078
100.63
430.944
289.361
-663.12
-89.1373
-93.2419
121.351
351.447
-698.46
-781.311
-201.99
-261.227
-174.642
-515.351
-1016.81
-337.467
-425.952
386.55
-451.047
-1010.35
-128.248
-28.5183
-55.6713
-464.401
-542.95
114.559
528.511
351.58
-808.02
309.867
-192.122
315.239
-433.368
589.687
1373.41
-382.331
-471.135
912.305
-564.806
-438.37
-244.023
621.902
742.069
-204.22
-285.693
127.999
-26.9729
-209.808
-346.268
515.816
-77.3925
-568.957
348.194
542.327
-503.375
-566.436
70.8816
-879.426
311.063
177.877
874.872
-171.366
505.582
83.4737
-127.227
-429.555
-653.047
362.878
582.013
-46.3032
1296.03
-592.518
1073.91
-119.635
-1081.14
14.7083
-438.291
-495.058
225.268
-301.503
247.223
166.615
184.979
-575.958
43.5814
375.908
-596.893
847.561
-660.112
347.265
-415.399
459.635
-359.001
-804.663
-1409.24
27.5704
544.403
1075.7
116.418
79.8314
-285.366
996.968
658.031
386.786
-224.345
-466.106
104.468
-473.14
89.1301
-594.478
-205.095
1212.16
242.687
188.663
69.6393
-396.128
496.332
-66.1663
-558.139
-26.4549
-642.918
59.9913
-1099.73
201.885
-586.727
-362.444
564.147
-158.385
269.168
-29.1241
147.587
-359.631
579.156
237.093
622.845
486.267
-360.895
567.761
-320.938
-988.454
61.7163
557.317
-146.166
-31.5238
-219.113
191.777
-274.57
-736.753
86.8407
373.145
-201.175
-76.8448
391.836
-728.354
425.009
-217.462
1151.59
-556.962
175.837
-268.156
412.148
510.303
1187.85
41.7593
235.802
-445.375
630.162
237.362
236.403
-593.572
420.523
-334.364
-432.56
-121.091
-8.06101
-90.6603
-83.3842
-519.027
-152.996
-544.474
472.955
530.056
-83.6107
-531.345
93.1698
387.152
-233.357
1178.56
784.042
-359.623
-982.791
-1005.07
286.404
-1112.96
-1202.32
-543.478
738.384
580.689
489.968
650.163
-710.117
-977.728
-108.247
413.664
724.968
482.06
-25.4577
801.494
48.6616
546.604
-230.432
-448.477
377.598
-231.537
42.6551
775.847
731.584
-149.357
784.63
-397.42
500.924
-179.517
93.7959
313.068
-502.383
-557.199
1489.57
-621.375
60.7715
-1380.67
-54.8867
-33.6601
-144.604
5.30871
-892.53
396.09
-1016.69
-746.717
231.093
-10.9546
-448.619
-109.098
973.196
-494.336
-216.298
-241.391
-596.089
-1093.23
-381.263
-424.307
25.5294
-817.009
-1196.93
270.45
-232.623
-537.541
1275.53
-534.615
-363.969
489.701
-550.39
583.579
-73.0122
211.465
275.13
639.382
-673.288
405.641
867.159
-484.852
2.69659
377.067
-165.504
597.947
-324.454
622.173
-303.694
605.917
301.913
-385.813
-233.595
-317.615
-39.3108
-1462.68
203.615
160.504
693.707
-916.554
494.172
220.828
524.305
-591.392
-356.709
-272.863
869.778
152.367
920.981
-86.7338
-15.7152
-718.681
-93.8175
-935.914
-1221.7
-379.159
412.398
-1112.09
2.38813
-460.624
-239.962
-630.922
1026.08
-209.419
-37.6084
-239.883
1321.65
17.8169
-422.85
1015.26
153.477
-697.352
-728.94
161.139
130.163
-954.613
222.905
450.078
137.837
-131.473
319.237
-660.603
-1173.63
-31.9114
-349.597
-508.613
650.409
346.932
-1288.73
-467.646
536.669
-625.152
-16.2434
-438.514
-741.487
152.431
-154.003
-501.588
-581.281
-653.891
334.47
1.12343
429.309
-728.101
15.5945
453.663
895.877
-129.314
554.076
-928.836
-227.083
178.593
-219.604
1003.2
107.716
866.705
295.233
616.775
11.8124
-361.731
283.889
786.403
41.6355
1005.14
-636.303
-467.552
-219.717
-843.762
-289.899
-99.0553
980.122
237.124
-458.775
-270.074
291.169
-149.263
-1037.82
159.723
658.699
-409.283
-208.487
1067.54
652.679
-493.953
-1414.77
-826.884
247.498
171.127
280.484
340.704
-286.278
399.05
88.099
-646.75
-95.2561
455.829
344.947
134.248
-434.134
-235.476
1149.68
-660.474
-165.213
541.436
243.51
565.676
-1121.37
-39.9375
-618.04
351.411
-88.3218
-760.904
1061.32
-779.397
38.2712
1121.44
394.473
-310.983
307.261
-74.2609
-682.999
-66.3997
-139.377
58.0252
-178.729
-539.811
-504.878
876.486
417.776
-138.386
-107.633
-238.234
-151.946
-655.397
37.6974
-248.828
-293.138
-260.042
-673.27
308.46
-491.779
-236.602
-748.745
-349.748
-674.826
55.6336
-149.23
814.322
-28.0183
-330.316
-467.329
167.916
-1106.05
-107.772
-181.032
-1134.38
-848.949
429.587
1170.29
376.427
-525.345
227.523
116.729
12.3078
-269.663
-638.447
-118.501
837.371
-430.319
726.428
167.851
-162.752
-62.5913
395.382
589.129
-996.373
529.59
542.293
794.053
-484.764
-846.853
34.2399
-348.772
-1313.04
-565.871
559.323
930.84
-929.253
-236.455
-382.794
285.065
-239.535
-231.696
-933.769
-562.305
118.851
517.799
-364.98
1.96625
319.884
744.809
1143.46
-185.804
-1018.78
-504.618
586.55
-71.5136
-65.016
-1139.07
824.327
887.154
-97.5717
-494.72
473.723
180.129
432.29
172.337
-546.798
-376.691
-377.637
1092.05
-325.809
28.4073
428.718
-339.441
407.482
138.221
-74.4065
-130.936
5.75024
-268.659
-139.883
160.028
600.137
-555.496
-73.3308
-381.725
-632.975
542.765
-571.273
901.046
-478.8
919.838
1249.48
-162.212
708.544
139.961
-29.5432
817.405
-893.766
253.238
1218.9
-398.079
466.531
536.595
155.681
-883.59
911.4
-152.715
673.475
-617.665
353.543
-156.498
-839.44
-180.525
606.458
238.258
-1072.4
-979.891
-767.456
-76.6107
137.435
802.338
-770.034
37.4641
-864.925
-591.162
-858.909
223.41
199.288
-99.4976
-1210.06
1012.17
180.435
875.886
70.1766
1017.03
-800.314
155.06
-72.5276
-258.061
1347.3
227.239
-1070.67
-627.723
152.399
456.76
-376.026
371.663
-363.679
-747.037
-213.228
-422.991
127.023
-31.7891
96.2952
113.137
540.551
-502.894
684.187
-66.4741
-134.613
-78.5193
-886.616
-570.748
-720.318
-247.023
-365.091
508.798
-193.944
61.9132
176.435
-480.397
-978.355
-70.4641
642.801
-142.783
-429.782
623.731
152.297
100.461
-199.217
152.257
126.144
-157.836
-316.077
-1412.15
428.049
-324.516
211.457
1172.06
513.616
955.456
483.545
12.721
-88.1378
321.921
477.221
-473.982
-88.7376
-376.841
-785.15
100.732
782.626
-631.656
-208.885
-263.261
834.97
556.609
-885.037
271.163
-251.773
-239.993
128.654
377.602
1438.07
-272.607
-564.151
-43.6761
354.874
24.0049
-614.187
616.906
-503.238
382.501
-766.7
994.741
-1568.06
-32.6554
-394.167
399.363
-511.029
-849.581
-284.523
695.969
-735.786
638.438
-862.77
1115.58
182.667
-748.458
59.9933
-753.105
998.648
-673.897
212.834
302.189
-225.724
238.537
-804.79
-702.762
-24.7454
142.764
-88.4819
-692.187
367.112
558.951
205.266
1283.84
66.0161
329.541
-310.845
-650.778
33.7633
-315.937
-144.488
-643.814
-328.324
-821.495
-655.588
-176.077
-498.578
201.135
-210.736
-38.4954
46.3567
512.65
140.246
-430.772
382.436
-464.943
-404.127
25.5694
-379.989
-1619.28
874.44
-70.9115
-382.284
-157.978
-1169.07
510.936
-729.26
-69.5907
795.694
46.5767
-1407.02
-207.422
-1128.44
629.55
-41.0091
-521.161
-747.475
-671.518
486.202
718.102
1405.78
-409.345
-210.191
792.623
697.896
-718.541
-698.857
322.956
-1248.45
392.427
674.718
940.981
854.269
1076.02
112.025
-69.6661
-29.9876
438.062
-1041.62
-74.3221
438.04
-72.802
-872.135
-282.168
-265.012
76.5774
1450.26
-21.2125
-476.05
-340.657
-348.222
87.6683
-869.391
505.867
-813.341
951.096
-1289.43
-245.973
-964.407
-52.4944
-139.66
-835.015
89.3537
-488.026
-1101.11
-161.433
-780.06
320.503
-823.722
614.974
188.25
407.759
-804.843
-648.045
-438.739
335.612
329.031
-49.0968
32.7485
396.09
669.528
-375.848
265.74
-31.2871
-448.351
-42.3764
781.153
513.209
-474.268
1242.55
-723.303
-766.042
-217.121
-912.297
-669.889
-411.415
637.009
-1322.58
-14.6664
1267.03
-12.8966
-510.115
-357.217
165.062
-205.882
-335.82
-217.313
223.555
-20.0761
-222.04
-541.224
-98.9177
637.857
-647.953
193.672
71.0495
-807.206
694.32
28.634
-116.384
341.62
125.981
894.257
-328.006
-1149.8
216.402
-180.207
22.7495
680.874
622.662
-147.572
-614.295
418.482
-693.274
-707.462
504.945
87.1524
-1228.82
270.769
-48.9386
91.6339
662.886
7.96711
-473.742
919.387
72.1266
84.7657
-1013.65
-1065.04
862.072
-100.676
284.239
-41.3946
-475.22
437.461
745.62
387.518
-334.894
-718.362
-145.791
243.841
242.697
-888.387
-269.934
-757.737
798.005
429.763
276.3
281.508
-224.978
189.416
366.025
-473.094
-49.2481
633.936
354.767
-100.562
12.62
-1151.88
416.945
550.791
-591.418
277.66
176.432
-491.078
-305.297
-1322.62
-492.696
850.822
834.387
-285.569
-353.895
1358.31
-115.611
790.808
-396.359
-830.833
254.138
773.743
223.016
437.136
679.049
-750.349
371.544
229.379
12.822
137.726
-751.977
-1039.17
-48.9186
338.412
237.355
-80.6233
-863.559
775.195
628.42
-192.061
29.5915
-33.4899
286.418
-415.148
-478.332
-866.241
-629.031
257.332
-1021.27
-398.465
-1063.43
-342.451
178.441
-739.935
-495.854
470.011
-478.377
78.1793
759.532
651.575
-237.613
-679.858
-167.973
291.33
-783.518
425.109
-1070.12
517.802
-249.273
-157.887
-423.678
-937.645
-163.396
-265.696
-472.821
-95.5557
33.8984
144.77
-386.403
613.873
289.594
-9.63773
348.406
-641.106
355.884
235.438
-658.659
-33.8336
17.5175
510.96
609.469
-760.578
699.486
894.954
-47.6078
-547.441
248.012
924.083
173.509
621.904
380.592
588.805
-429.424
-256.82
-426.414
-255.914
-344.804
114.882
240.158
-279.311
-1405.82
804.341
789.337
-887.335
46.1129
800.475
131.455
-390.623
594.836
496.043
-995.668
-919.246
-445.345
56.4162
-94.3068
-397.348
-717.85
-278.6
-1092.07
-1059.42
630.292
295.863
-593.875
-129.961
139.928
-206.439
263.805
611.914
470.039
-188.941
1262
-85.6387
-554.863
1391.53
223.293
-1118.35
804.296
-315.402
284.553
1.27091
457.609
-379.282
-962.856
725.401
207.402
-286.397
210.66
-811.495
-194.789
-405.531
311.549
-60.7647
317.482
44.718
-235.653
361.853
734.648
826.924
-155.681
111.59
-652.102
-151.569
-45.7559
476.095
343.799
378.6
1101.8
-173.38
110.159
-1166.98
387.476
230.677
317.382
341.956
121.941
