1154.02
21.8726
-926.538
-88.5507
-669.111
360.264
287.774
531.907
-625.863
-968.453
82.0111
-122.342
-127.485
-681.766
0.22643
-85.3018
116.976
166.243
-183.031
-810.104
-158.518
-739.471
489.711
81.6869
432.987
344.786
-884.486
-1080.07
-468.624
-308.258
-663.716
-960.328
473.385
300.393
155.45
-480.023
-550.624
-411.471
14.5625
-537.119
73.4754
-117.96
-8.31705
-571.467
-962.367
306.548
389.564
-76.8473
925.284
-407.45
1016.82
478.716
189.612
-670.539
352.892
-1096.99
-810.314
-1268.68
-1344.42
17.7506
-420.818
-115.055
243.608
661.091
1078
450.07
663.676
516.761
327.151
-313.003
-84.9819
-997.113
163.529
-570.424
651.86
-187.434
-382.239
1262.68
321.192
43.5707
-115.975
-600.418
1034.96
-229.011
198.213
338.893
-557.593
-855.986
646.135
624.414
755.389
-333.889
367.028
-590.166
104.564
256.879
-117.429
-689.975
286.971
-120.391
-362.586
-696.036
599.383
154.662
369.212
-361.283
-2.63053
168.066
601.955
455.541
-432.714
-7.09202
88.2436
781.458
203.337
-1298.23
-651.365
584.02
397.064
-634.079
1227.11
585.168
-414.046
-187.226
156.368
-72.5739
-22.4726
-136.038
26.9815
610.847
-176.052
486.185
210.181
274.876
481.677
72.3326
1323.09
176.952
-16.8215
-963.024
-1147.12
-892.615
-285.959
-180.19
-790.5
735.098
520.574
267.014
330.044
-317.884
475.456
-1077.99
11.8706
-298.524
-223.742
557.017
348.37
81.3957
-232.725
995.334
642.697
-720.936
-641.52
-410.182
-0.831812
711.522
71.4677
56.933
58.3108
111.527
-531.19
68.9711
297.15
-488.755
-596.312
-964.552
223.427
135.211
-324.963
456.344
-511.605
-693.144
360.069
-1091.76
-347.935
-572.987
737.076
-628.335
65.4265
-455.606
-728.66
-368.226
724.023
-66.4329
782.714
-405.271
-233.257
986.129
-427.073
-74.0675
-781.89
-468.181
-241.667
18.0832
-63.7389
771.798
-205.035
-831.068
1177.2
-795.129
469.436
-612.506
-89.602
-278.794
-837.842
-187.595
-520.345
-60.5457
-644.313
393.331
1057.53
508.406
428.298
-392.245
391.933
955.744
-129.753
22.7635
-775.773
-46.8633
-160.248
-1066.22
21.9115
-1015.5
-195.488
-44.6886
691.576
-143.879
131.224
356.97
-452.714
-777.345
-778.574
-893.744
-63.9089
962.487
-507.143
-549.984
475.383
-1190.32
496.892
204.111
-497.98
246.634
392.213
488.659
857.221
-358.736
-264.184
-253.219
-767.084
-94.619
210.01
83.3899
1130.17
137.518
-15.6907
-369.468
406.776
-17.4269
-115.383
-452.037
276.47
528.952
856.568
886.303
508.825
-479.247
235.247
-186.214
-419.557
621.121
-344.197
660.342
-146.64
-152.004
896.204
261.959
1205.58
194.786
1009.41
475.629
917.237
360.291
397.178
-225.452
-15.8402
943.517
860.768
320.806
-203.491
-544.951
-108.881
-136.909
-25.3344
140.423
64.0518
93.4634
-79.6822
-534.156
600.522
1002.61
-527.729
-945.355
542.454
654.9
555.387
151.725
-329.759
-134.367
-943.215
-676.777
73.5755
673.905
45.6345
-106.662
-573.514
487.75
709.931
395.396
768.22
-122.539
-330.277
-316.949
-123.681
-19.8364
-476.264
1125
1188.57
-198.414
-931.752
500.956
-509.709
1107.02
-514.541
-1016.87
-41.2612
1229.12
-825.727
459.171
5.70393
-112.406
-658.247
548.068
-0.585129
-178.777
-932.774
38.0911
233.341
925.125
-116.885
349.413
1005.17
241.314
1019.76
-308.547
186.723
-1032.39
1014.55
-934.887
-289.213
-311.293
272.067
-6.26283
994.495
-923.831
-226.799
-54.931
-302.324
307.19
5.29644
-687.65
-972.176
310.452
321.917
-107.754
1239.82
348.709
-265.928
1337.17
146.043
485.737
-655.096
-934.493
179.997
26.5044
-724.209
-429.869
-323.456
226.519
-671.787
283.124
86.7985
229.2
301.228
-73.9654
295.119
-32.4805
230.528
364.917
-517.642
-826.031
281.732
-850.147
-14.1572
-672.147
-286.582
544.198
-448.66
751.048
89.8695
-282.668
850.552
-590.766
1011.51
-231.726
-608.8
8.42384
351.333
81.128
-453.195
441.375
-120.274
304.61
-53.5484
752.516
566.402
-445.445
539.702
-1123.67
-1133.31
986.491
-659.25
-533.319
381.166
246.471
380.405
594.608
156.874
550.016
613.546
-510.527
364.327
652.14
-505.505
570.417
-543.213
10.5474
-155.099
-739.187
-150.358
243.554
-212.653
-1296.42
426.633
-493.342
510.081
42.1174
-71.3447
-590.345
871.457
508.499
-1034.86
288.028
720.077
-633.029
-1254.08
-233.99
-728.258
-447.595
-489.529
-327.501
-452.583
152.416
402.795
5.63543
1311.87
250.66
989.468
693.854
649.679
-1253.55
-77.9017
-509.407
-125.162
402.473
-292.076
-286.337
-709.714
1032.89
552.228
62.4977
-20.06
1297.69
247.689
-127.092
78.4081
354.781
379.975
-363.602
-278.083
170.3
-376.211
-419.219
55.3804
-585.012
-25.2987
225.167
311.622
-484.116
-158.146
109.043
339.305
-1135.91
-161.914
593.483
-523.722
913.872
321.749
-675.457
79.9752
-980.798
-615.768
226.601
-323.212
935.68
427.056
470.288
777.764
440.441
533.198
752.293
-196.078
-196.315
-694.666
5.69749
-746.359
-963.188
102.522
112.775
-52.0729
362.957
79.61
-280.716
228.351
272.354
-129.285
-95.6546
-808.644
1150.7
-70.7105
-488.418
-306.655
885.661
658.735
239.757
-813.485
508.135
-200.617
264.495
770.069
-463.643
-183.254
490.402
-517.094
101.199
535.483
731.293
813.416
435.822
47.0204
987.617
-521.856
-788.738
-1254.33
305.708
555.689
628.195
1101.58
-67.7533
385.523
667.915
185.369
-246.927
1368.9
1063.76
-468.868
-335.619
-257.995
-125.499
119.899
141.67
613.168
-296.521
160.562
-173.584
-670.671
-351.222
-808.219
-489.04
-323.148
-983.607
-1193.08
675.756
20.0746
341.775
158.195
-281.783
892.746
91.6868
492.407
-131.515
-246.335
426.313
456.305
-829.829
-559.113
-362.714
618.644
25.0668
372.173
50.1367
-473.75
-634.35
-699.468
284.73
-251.908
-342.805
394.462
-1234.16
-619.082
192.324
-126.073
17.6189
874.561
-778.596
61.9174
643.349
366.962
367.152
189.121
534.56
-245.883
-187.816
120.325
531.681
114.174
453.839
-30.0019
-133.421
-186.056
-195.003
-339.174
33.3924
878.604
-683.986
68.6112
-181.466
3.36138
-578.152
-219.8
971.568
-9.54106
-824.32
-895.493
1044.49
-505.006
31.1838
718.674
-107.517
-367.226
100.296
647.158
-917.845
-6.10029
438.448
-265.514
274.192
1103.1
-16.2754
80.269
-748.299
619.214
1288.75
-585.605
140.663
-211.617
-145.718
464.688
662.16
-38.1517
-27.4228
-840.284
788.335
46.0364
-774.28
-1247.45
-389.353
768.039
-287.974
210.77
330.702
-546.489
-984.567
702.718
17.4731
211.854
-1058.35
7.32698
93.5478
-49.1127
180.382
-57.2681
-1045.86
249.746
26.5541
-347.214
-400.796
572.628
-0.608764
299.703
182.279
771.225
-643.409
369.8
-1061.11
-215.939
12.6681
-108.102
330.49
-109.915
1.69445
-620.787
-288.93
488.927
674.527
-142.491
-931.715
-511.203
118.26
-32.5659
-346.056
258.608
34.5278
-653.925
-697.476
-1210.22
1092.98
175.317
414.285
470.772
-1064.12
711.951
774.182
-9.41368
-77.2331
742.698
644.751
-363.247
-331.313
758.01
-381.74
360.53
-204.688
815.62
183.208
-1301.67
535.947
221.687
-881.602
-627.613
314.419
227.817
278.192
638.211
-840.788
525.988
-602.403
-613.419
45.1275
-651.331
-744.621
15.1837
574.52
310.036
-393.804
662.794
475.629
213.541
-82.9932
161.795
-2.67721
-404.809
-307.096
-207.388
-405.578
553.925
316.298
-73.909
867.1
279.074
-523.462
-185.715
448.963
-533.988
-408.96
-323.822
354.48
235.878
-29.0654
207.572
738.921
429.693
-126.936
107.957
-635.972
249.114
-114.53
583.741
551.548
-7.65464
-955.411
487.593
-176.189
-31.6299
985.699
321.231
-733.182
383.713
226.921
-1040.26
-24.302
192.638
785.295
-496.776
721.916
871.236
-288.735
-388.08
-141.755
196.755
968.33
472.289
23.6222
624.09
192.82
516.195
462.513
-756.875
270.55
129.178
-1060.54
-695.289
-544.524
-1191.15
533.249
-446.634
-142.734
130.6
185.546
27.7106
-33.9132
-903.199
348.422
-477.352
162.76
-513.723
-255.288
-53.2982
-351.815
-505.416
546.076
-134.874
-170.465
-205.116
-1012.05
611.747
597.422
341.394
-683.547
239.635
195.926
-1367.57
-633.449
-180.358
16.4069
-206.93
243.312
-169.428
147.291
-1132.75
-98.2233
44.5868
170.062
51.8649
-604.094
241.441
100.444
429.597
288.569
-664.749
-90.2617
-94.7389
120.513
349.96
-700.447
-782.958
-204.608
-262.363
-176.086
-518.499
-1018.38
-339.02
-426.827
384.899
-451.958
-1011.86
-127.835
-29.6018
-57.3832
-465.678
-544.375
112.063
527.661
349.86
-810.078
307.477
-192.182
314.069
-434.86
587.323
1372.56
-384.776
-472.202
910.105
-564.459
-439.457
-245.969
621.041
740.962
-205.886
-286.559
126.879
-28.0576
-211.003
-345.891
514.929
-78.0169
-569.756
346.494
542.693
-503.964
-567.463
68.3846
-879.325
309.343
176.353
872.187
-171.229
503.166
80.9981
-128.141
-430.642
-654.376
362.851
579.489
-47.8781
1295.59
-595.076
1074.02
-120.541
-1082.61
12.1282
-439.492
-496.041
222.483
-302.661
246.131
166.656
184.064
-577.252
40.4164
374.789
-598.306
847.972
-661.547
344.736
-417.46
458.507
-361.367
-805.884
-1410.49
25.289
543.234
114.682
80.2453
-287.195
997.333
657.031
385.705
-224.701
-468.361
102.152
-474.205
87.8618
-595.587
-206.181
1208.89
241.464
188.651
67.0169
-398.355
495.286
-67.2507
-559.116
-28.8926
-643.75
59.0042
-1101.11
202.285
-589.418
-363.531
562.899
-158.633
267.449
-30.7063
145.817
-360.865
578.018
235.521
621.348
484.024
-362.221
567.02
-322.972
-989.586
62.0866
554.963
-147.018
-32.7179
-221.327
190.664
-276.072
-737.693
84.2895
370.22
-203.437
-78.9062
390.655
-729.346
423.003
-220.075
1148.92
-558.05
174.689
-269.182
412.548
508.958
1186.72
40.2624
234.673
-446.947
628.637
236.016
234.037
-595.949
420.063
-336.707
-433.817
-122.896
-9.24413
-91.8471
-86.0628
-520.25
-154.344
-545.588
471.629
528.851
-85.4613
-532.953
92.05
385.976
-234.443
1177.16
784.446
-361.148
-985.225
-1006.51
284.857
-1116.13
-1203.49
-544.79
737.115
577.444
488.395
649.344
-712.767
-979.41
-110.927
413.852
723.447
479.972
-25.0825
800.423
46.7064
543.527
-232.665
-449.463
376.708
-231.404
41.5945
774.443
729.982
-150.973
783.59
-399.479
499.357
-179.611
93.4948
310.807
-503.395
-558.763
1489.94
-622.295
59.6265
-1381.91
-54.56
-34.8192
-146.084
5.69168
-892.157
394.801
-1018.02
-747.703
229.033
-13.9273
-450.576
-111.648
971.784
-493.933
-217.209
-243.205
-598.782
-1095.22
-382.35
-425.394
22.8096
-818.663
-1198.76
268.043
-234.3
-538.679
1273.17
-535.22
-366.429
487.645
-551.201
582.673
-74.2941
209.322
274.325
638.126
-674.614
404.743
865.007
-485.941
1.52592
374.666
-166.31
596.576
-326.736
620.968
-306.504
605.053
300.245
-388.354
-235.297
-319.249
-41.558
-1462.33
203.207
159.604
692.291
-917.44
491.857
221.053
522.16
-591.653
-359.281
-272.978
867.515
150.297
918.701
-89.0498
-17.0311
-719.927
-94.9024
-935.532
-1221.32
-379.995
411.15
-1115.09
-0.132639
-461.89
-242.32
-633.035
1025.35
-210.883
-38.5911
-240.563
1320.58
18.2263
-424.355
1013.87
151.101
-698.552
-730.471
160.322
128.667
-955.563
221.384
448.44
136.703
-131.112
317.981
-662.471
-1173.87
-34.5635
-351.06
-510.705
648.059
345.604
-1290.3
-468.735
536.002
-625.874
-17.3578
-439.641
-743.831
150.337
-156.371
-502.972
-582.471
-656.096
333.388
-0.63372
428.152
-729.327
14.4834
451.577
896.241
-130.243
554.49
-929.866
-228.179
177.383
-221.928
1003.27
106.564
865.158
292.589
615.379
10.5889
-365.07
282.375
785.014
40.2573
1002.47
-638.877
-469.835
-221.22
-845.851
-289.552
-100.28
978.521
234.794
-460.377
-271.846
288.059
-150.326
-1039.32
158.64
657.775
-410.926
-210.923
1066.22
651.6
-496.229
-1415.92
-828.073
245.744
169.952
278.234
339.08
-287.364
397.487
86.6348
-648.766
-94.8442
454.609
343.335
133.444
-436.627
-237.228
1149.22
-662.152
-166.327
540.357
242.819
564.147
-1122.56
-42.0844
-617.657
350.034
-88.3968
-760.69
1061.73
-780.495
36.2959
1119.33
393.209
-312.403
306.865
-75.7638
-683.931
-66.3118
-141.071
55.3455
-181.818
-540.899
-506.118
876.379
416.33
-139.458
-108.81
-239.246
-153.844
-656.196
36.6141
-250.223
-295.49
-262.512
-675.624
307.048
-493.933
-237.599
-750.371
-352.781
-676.18
54.5509
-151.002
813.144
-29.1728
-331.459
-466.962
167.25
-1106.88
-109.776
-181.465
-1135.57
-850.168
429.949
1169.43
375.347
-526.317
226.221
116.058
9.82436
-272.045
-641.396
-119.747
835.075
-431.586
725.253
166.638
-163.836
-62.307
395.549
587.948
-997.628
527.319
540.742
792.964
-485.981
-848.582
33.1562
-348.487
-1314.12
-567.47
558.389
929.466
-929.569
-237.721
-383.881
284.189
-240.992
-233.126
-935.408
-564.424
116.938
518.2
-366.578
0.882119
318.633
744.842
1141.08
-187.317
-1018.5
-506.698
585.045
-73.7142
-65.311
-1141.83
821.461
884.603
-99.1212
1062.63
-497.106
471.736
178.508
430.741
170.369
-549.473
-378.258
-379.287
1091.23
-326.895
27.3701
427.583
-341.14
405.935
135.556
-76.7964
-130.558
4.16686
-270.911
-141.886
158.984
597.362
-555.886
-75.5324
-384.423
-634.127
541.445
-573.175
899.412
-481.389
917.721
1248.28
-163.609
706.255
136.944
-29.3672
816.024
-894.675
251.957
1217.47
-399.36
465.12
537
153.606
-884.896
910.225
-153.797
673.841
-619.497
350.766
-159.699
-839.171
-181.686
605.255
237.392
-1073.81
-980.465
-768.634
-76.8754
136.128
800.182
-771.607
37.6596
-866.016
-590.803
-860.637
222.228
198.125
-102.163
-1212.36
1010.77
179.353
874.81
68.17
1016.23
-801.525
153.949
-75.4355
-257.772
1347.63
225.807
-1071.59
-630.748
149.768
455.547
-378.844
369.757
-365.154
-747.521
-215.681
-422.583
123.992
-34.5506
95.2125
111.025
539.322
-505.172
683.105
-68.0106
-135.779
-78.1299
-573.431
-719.944
-249.054
-368.115
507.719
-193.883
60.6937
174.26
-481.419
-981.259
-72.0783
639.495
-144.488
-430.124
624.09
151.179
99.378
-200.539
151.405
125.34
-159.068
-318.158
-1414.31
426.928
-324.123
210.302
1170.72
512.629
953.911
482.413
12.4804
-89.019
320.739
476.141
-473.971
-90.3652
-378.147
-787.659
99.4234
781.176
-632.882
-209.06
-265.235
834.136
554.816
-886.316
267.964
-251.42
-242.445
127.562
376.422
1438.47
-273.693
-565.289
-44.7599
353.185
24.3614
-615.869
615.627
-504.615
380.598
-768.295
992.49
-1569.13
-34.6241
-395.786
397.022
-513.123
-852.138
-287.193
692.834
-737.291
637.724
-862.394
1115.97
180.467
-749.735
58.1205
-755.449
997.527
-675.381
211.68
301.24
-225.342
236.189
-805.711
-704.916
-25.7377
141.805
-89.7304
-694.586
365.24
557.786
203.82
1282.56
64.8795
328.139
-312.051
-653.086
32.6793
-318.022
-146.038
-645.015
-329.295
-821.221
-656.678
-177.673
-499.745
200.042
-211.96
-39.6205
44.913
511.823
140.637
-432.372
379.904
-467.382
-403.787
24.2544
-380.486
-1620.58
873.235
-73.9257
-383.371
-159.364
-1171.77
508.713
-729.499
-71.1356
794.53
45.658
-1408.12
-208.507
-1131.13
628.133
-42.1914
-522.322
-748.615
-672.85
484.072
716.831
1404.47
-410.15
-212.775
790.193
696.227
-720.911
-701.541
322.245
-1248.07
389.913
674.827
938.604
851.38
1074.94
110.899
-71.2662
-31.8081
436.417
-1043.93
-77.6822
435.517
-75.0423
-872.815
-284.386
-266.632
75.6516
1449.36
-22.1305
-478.403
-340.252
-349.571
86.5357
-870.482
504.185
-816.602
951.323
-1291.09
-249.056
-965.529
-55.8511
-140.914
-836.58
86.6907
-489.118
-1102.12
-162.438
-781.034
319.39
-825.28
614.059
187.086
404.625
-807.321
-649.428
-440.505
333.944
327.86
-50.7212
31.7182
394.927
668.224
-378.296
265.366
-32.5235
-449.795
-43.3853
780.23
512.965
-475.083
1241.09
-724.548
-767.132
-218.206
-913.33
-669.513
-413.745
636.108
-1325.15
-15.6824
1267.43
-15.2951
-512.247
-358.586
163.981
-205.488
-337.384
-218.611
223.401
-21.4534
-224.242
-542.853
-101.251
637.071
-649.437
192.591
70.0943
-808.198
692.842
28.6367
-117.468
340.801
123.824
891.512
-329.038
-1152.46
214.828
-180.927
23.0276
679.797
621.163
-148.751
-616.848
416.434
-695.331
-708.624
501.59
85.9223
-1228.57
270.687
-51.4161
92.0254
661.766
7.78429
-474.523
917.066
70.0147
82.9551
-1015.03
-1066.61
860.981
-101.943
281.671
-43.0865
-476.246
435.728
745.159
386.488
-337.913
-719.499
-147.495
243.492
241.399
-889.707
-272.349
-760.44
798.168
428.297
275.162
280.056
-226.812
188.516
363.682
-476.398
-48.9955
632.692
354.877
-101.972
11.4567
-1154.63
415.236
549.712
-592.574
276.168
175.04
-493.563
-305.07
-1323.56
-493.94
849.841
833.348
-287.233
-355.484
1355.93
-115.217
788.562
-397.447
-832.046
252.916
772.154
221.934
436.149
679.134
-751.699
370.463
228.469
10.9697
135.72
-753.752
-1041.4
-50.2136
335.282
236.273
-80.4473
-865.354
774.2
626.122
-193.723
26.891
-35.4841
283.974
-415.444
-479.679
-868.876
-629.944
255.209
-1024.2
-400.756
-1064.54
-343.537
175.984
-741.324
-496.543
469.216
-480.486
76.5251
759.917
650.788
-239.181
-682.792
-169.849
290.428
-786.182
424.028
-1071.7
515.795
-249.449
-157.818
-426.312
-938.2
-164.511
-269.027
-475.073
-95.7466
33.1909
143.133
-389.055
610.705
287.982
-12.0399
346.274
-642.165
354.8
232.185
-659.748
-35.7002
17.8859
508.511
608.225
-763.391
698.324
892.404
-49.0173
-548.52
248.424
921.648
170.867
620.266
379.511
-429.533
-258.414
-429.094
-257
-346.984
113.718
239.782
-281.564
-1406.94
803.113
787.056
-888.622
44.6997
799.616
129.996
-390.402
595.216
494.681
-996.524
-920.588
-446.758
55.3321
-95.6463
-398.683
-717.462
-279.831
-1094.35
-1060.23
630.021
294.845
-595.59
-131.581
138.407
-209.377
262.684
610.461
469.622
-189.663
1260.89
-86.9922
-556.614
1390.71
221.841
-1119.47
803.117
-316.512
283.396
-0.577906
456.691
-380.641
-964.114
724.329
204.761
-287.483
209.712
-813.114
-196.376
-407.97
309.862
-60.9593
315.286
43.6742
-237.351
360.219
733.469
825.85
-158.632
110.507
-653.237
-153.311
-46.9461
476.494
342.512
377.519
1102.22
-174.467
108.891
-1168.22
386.307
231.043
317.531
339.563
120.793
