1152.66
20.3501
-926.888
-89.5328
-669.329
359.997
287.877
531.811
-626.143
-968.709
81.5482
-122.63
-127.902
-682.193
0.241627
-86.7699
115.608
164.834
-183.724
-810.046
-159.957
-739.842
488.185
80.3114
431.53
343.29
-884.786
-1081.03
-468.83
-309.583
-663.94
-961.132
473.407
300.358
154.125
-480.21
-552.194
-411.453
13.5324
-537.317
73.2122
-118.159
-9.75374
-571.68
-963.901
306.142
389.306
-78.4349
923.711
-407.507
1016.39
477.323
189.046
-670.548
352.537
-1096.81
-810.706
-1269.11
-1345.5
17.705
-421.122
-115.725
242.56
660.467
1076.44
449.904
662.621
516.069
326.847
-313.412
-86.4789
-997.107
163.161
-570.605
650.607
-188.829
-382.662
1262.7
319.67
43.3007
-115.941
-601.99
1035.08
-229.294
197.888
338.465
-557.814
-855.953
644.607
624.224
754.009
-333.892
366.431
-591.672
102.994
255.505
-117.24
-689.788
285.521
-121.889
-362.549
-696.427
599.084
154.706
368.48
-362.642
-3.86368
168.217
601.736
454.127
-432.97
-8.47915
87.9072
781.314
201.827
-1299.6
-651.771
583.613
396.689
-634.14
1226.88
583.723
-414.394
-187.141
155.207
-72.8964
-22.7912
-136.102
26.9869
610.678
-177.101
486.259
208.815
274.908
481.683
72.3868
1322.91
175.381
-17.0545
-964.357
-1147.84
-893.002
-286.117
-180.466
-792.023
734.717
520.668
267.001
329.832
-318.151
475.277
-1077.96
11.8175
-298.631
-224.786
555.56
348.058
80.3729
-233.373
995.378
642.113
-721.82
-642.903
-410.33
-1.24593
710.925
71.5466
55.8406
56.9341
111.198
-532.567
67.4405
297.022
-488.833
-597.451
-966.062
221.882
134.915
-326.489
455.631
-512.982
-693.08
359.902
-1091.93
-349.357
-573.356
736.658
-628.549
64.0467
-457.122
-730.053
-368.12
723.286
-66.4693
782.449
-405.764
-234.342
986.185
-428.52
-74.7894
-782.502
-468.078
-242.001
16.6224
-64.8631
771.749
-205.044
-831.336
1177.03
-795.346
467.897
-612.8
-90.9803
-280.172
-838.009
-187.526
-520.363
-60.7768
-645.183
391.762
1057.33
506.867
428.333
-393.514
391.762
954.22
-130.948
21.3993
-775.813
-48.3886
-161.764
-1066.57
20.3607
-1016.87
-195.383
-45.8826
691.289
-143.897
129.878
356.948
-452.816
-777.298
-779.705
-893.631
-64.2688
962.061
-508.097
-550.114
473.839
-1190.47
496.605
202.526
-498.137
246.397
390.627
488.227
855.73
-360.106
-264.08
-253.624
-767.764
-94.5075
210.061
83.0464
1129.88
136.152
-15.9679
-369.644
405.276
-18.9183
-116.966
-453.345
276.451
528.997
856.646
884.778
508.639
-479.913
234.155
-186.266
-421.106
619.762
-344.374
660.02
-146.894
-152.048
896.029
260.588
1205.29
194.385
1009.11
474.882
915.811
358.859
395.806
-225.734
-16.1742
943.273
859.264
320.666
-204.087
-545.765
-110.164
-137.152
-26.7408
140.168
63.9503
92.2537
-79.5802
-534.424
599.114
1002.19
-528.11
-945.779
542.349
654.573
555.159
151.405
-331.143
-135.636
-944.28
-677.06
72.9042
673.738
45.0181
-106.859
-575.058
487.717
709.521
395.07
766.858
-122.822
-331.76
-318.319
-123.992
-20.5043
-476.256
1124.57
1188.18
-199.768
-932.068
500.605
-510.113
1105.68
-515.84
-1016.99
-41.6312
1228.81
-827.117
457.624
4.34165
-112.555
-658.489
546.665
-2.15065
-179.021
-933.127
38.0505
233.259
923.653
-117.169
349.211
1003.76
241.291
1019.67
-308.639
185.364
-1032.68
1013.85
-936.305
-289.275
-311.687
271.741
-6.42735
994.441
-925.211
-227.465
-55.156
-302.6
306.877
4.94945
-687.838
-972.946
310.171
321.304
-108.773
1239.49
348.611
-266.309
1336.82
145.345
485.796
-655.963
-935.874
178.429
26.5377
-724.383
-429.972
-323.864
226.111
-672.166
282.882
86.3961
227.768
301.107
-75.4147
294.765
-32.9863
229.156
364.635
-518.029
-826.368
280.195
-850.575
-14.4551
-672.307
-287.464
543.968
-450.243
750.233
89.2078
-284.187
850.249
-592.277
1011.52
-232.035
-608.792
8.43291
351.037
80.7117
-453.323
441.371
-121.81
304.223
-54.2861
751.855
566.459
-445.791
539.418
-1123.66
-1133.47
985.014
-659.613
-533.29
380.944
246.319
379.407
594.272
156.289
549.727
612.148
-510.815
363.97
651.436
-507.048
570.499
-543.539
10.6473
-156.633
-739.082
-150.41
243.316
-212.618
-1296.43
426.723
-493.644
510.002
40.7933
-71.3926
-591.075
870.047
506.99
-1035.85
287.807
718.541
-633.226
-1253.96
-234.202
-728.608
-447.563
-490.844
-327.869
-452.866
152.511
402.551
4.81784
1311.51
250.303
989.531
693.596
649.008
-78.7642
-510.939
-125.321
402.023
-292.506
-287.493
-709.667
1031.48
551.658
61.2429
-20.123
1296.53
246.174
-127.811
78.0083
353.365
379.39
-365.016
-279.042
170.224
-377.784
-420.396
55.3032
-586.467
-26.5296
225.279
310.188
-485.37
-158.138
107.47
339.031
-1137.45
-163.34
593.42
-523.994
913.865
321.94
-676.982
79.9486
-982.369
-617.15
226.682
-324.179
934.184
426.659
470.321
777.465
440.402
533.23
751.878
-195.994
-196.674
-695.775
4.82668
-747.742
-963.463
100.933
112.03
-52.031
362.657
78.7515
-282.268
228.074
270.984
-129.447
-97.178
-808.966
1149.8
-70.857
-489.525
-307.353
885.706
658.34
238.389
-813.826
506.756
-202.093
263.283
770.096
-465.136
-184.682
489.07
-517.4
100.829
533.947
731.219
813.174
435.249
45.9064
987.564
-522.235
-789.085
-1255.69
304.651
555.272
626.996
1101.19
-69.2956
385.193
667.107
185.307
-247.251
1367.76
1063.39
-470.243
-337.09
-258.331
-126.877
119.953
141.49
612.877
-296.701
160.208
-173.895
-670.782
-351.592
-809.603
-489.552
-323.459
-985.044
-1193.7
675.373
19.9537
341.494
158.28
-283.359
891.848
91.464
492.488
-132.98
-246.402
424.809
454.856
-831.383
-559.71
-363.535
617.147
24.7844
371.838
49.1193
-474.061
-634.727
-699.424
283.281
-252.105
-342.791
393.438
-1234.42
-620.561
192.111
-127.038
17.2659
874.363
-780.031
61.8932
643.435
366.807
366.306
188.821
534.543
-245.88
-188.274
118.799
530.627
112.649
453.418
-30.3887
-133.642
-187.598
-195.203
-339.34
32.5493
878.387
-685.406
68.6742
-182.198
1.98519
-578.17
-219.697
971.387
-10.8883
-825.812
-896.614
1044.41
-505.359
29.8102
717.577
-107.889
-367.473
99.5145
647.169
-918.127
-6.8872
438.164
-265.971
273.402
1101.58
-16.2847
80.3263
-749.238
618.916
1288.87
-585.992
140.396
-211.929
-145.775
464.62
661.318
-38.4432
-27.7835
-841.806
788.183
45.7427
-774.196
-1247.53
-389.451
766.716
-288.134
210.415
329.129
-547.882
-986.154
702.422
17.0074
210.295
-1058.48
5.94592
93.1896
-50.6195
179.675
-57.4981
-1046.98
249.871
26.1254
-347.544
-400.968
572.527
-0.54069
299.413
182.118
771.015
-643.436
368.395
-1061.3
-216.796
12.5079
-108.245
329.7
-110.103
1.79035
-622.188
-289.194
488.701
674.239
-143.066
-932.122
-511.42
118.32
-32.9293
-346.351
258.659
34.1086
-655.367
-698.902
-1210.04
1092.77
174.949
414.074
470.494
-1064.52
711.881
774.287
-10.8041
-78.7098
742.394
644.446
-364.819
-332.348
758.1
-382.559
359.092
-204.994
815.404
182.838
-1301.96
535.934
220.48
-883.052
-628.583
314.003
227.274
277.801
638.249
-840.674
525.024
-603.843
-613.392
44.8392
-652.721
-744.858
14.5061
574.464
308.66
-395.324
662.721
475.362
213.358
-83.6
161.457
-2.93696
-404.813
-306.935
-207.825
-406.919
554.107
315.868
-74.1976
865.518
278.843
-524.843
-187.129
447.51
-534.63
-409.74
-325.224
354.542
235.552
-29.0722
207.477
737.547
428.322
-128.336
108.054
-636.054
248.057
-115.719
583.666
551.613
-7.77396
-955.437
487.314
-176.193
-31.761
984.188
321.084
-734.495
382.625
226.692
-1041.74
-24.2951
192.821
783.928
-496.897
721.627
870.963
-290.065
-388.388
-142.16
196.778
968.046
472.286
23.4188
623.916
192.647
514.773
461.667
-758.309
270.573
128.642
-1061.76
-696.513
-544.554
-1191.45
531.726
-446.81
-144.225
129.291
185.564
27.3464
-34.9496
-903.451
348.102
-477.324
162.542
-515.102
-255.319
-54.7588
-352.103
-506.961
545.676
-134.896
-170.769
-206.577
-1013.46
611.403
596.661
340.904
-683.611
239.739
195.675
-1369.07
-634.828
-180.355
16.4554
-207.757
243.36
-170.811
147.118
-1133.71
-99.5859
44.6792
170.167
50.3834
-605.653
241.28
100.285
429.184
288.288
-665.644
-91.7607
-95.696
120.264
349.568
-700.766
-784.507
-204.938
-262.449
-177.068
-519.869
-1018.29
-338.93
-427.129
384.532
-452.27
-1012.25
-128.101
-31.0613
-58.2405
-467.245
-545.365
111.783
527.363
349.504
-810.769
306.977
-192.365
313.66
-435.819
586.803
1372.31
-386.22
-472.561
909.486
-564.598
-440.934
-246.293
620.739
740.857
-206.764
-286.859
126.493
-29.3598
-211.002
-346.087
514.705
-78.1004
-570.024
344.955
542.53
-504.053
-567.492
66.9488
-879.353
308.488
174.791
871.915
-171.448
502.881
79.5595
-128.348
-432.109
-655.427
362.665
579.089
-47.7807
1295.48
-595.353
1073.98
-120.585
-1083.01
11.8532
-440.669
-496.076
221.087
-303.061
244.645
166.457
183.857
-578.825
39.0484
373.533
-598.252
847.708
-661.505
344.339
-418.956
458.115
-361.885
-807.423
-1410.48
23.824
542.823
1070.99
113.147
79.9787
-287.998
997.176
656.868
384.376
-224.831
-468.658
101.86
-474.228
86.2948
-596.856
-207.53
1207.52
239.917
188.461
65.5981
-398.654
494.931
-68.6327
-559.287
-30.3367
-644.039
58.9717
-1102.69
202.047
-589.694
-364.829
561.339
-158.782
266.594
-30.607
145.467
-360.855
577.621
235.141
621.408
483.728
-362.219
566.954
-323.675
-990.833
61.9096
554.435
-147.314
-34.2497
-221.939
189.403
-277.638
-738.012
84.0127
368.84
-204.905
-79.5954
390.241
-729.38
422.286
-220.348
1148.63
-559.42
174.289
-269.21
412.314
507.375
1185.21
39.305
234.283
-447.869
628.707
235.601
232.584
-597.403
419.955
-337.242
-434.938
-123.241
-10.4371
-92.2616
-86.3476
-520.287
-155.374
-545.685
470.579
527.311
-86.9823
-532.849
91.6639
385.563
-235.831
1175.59
784.207
-361.537
-986.673
-1006.45
284.949
-1117.5
-1204.7
-546.372
737.138
576.081
487.472
649.054
-713.073
-980.956
-111.211
413.627
723.534
479.296
-25.2706
800.298
46.385
542.155
-234.138
-449.497
376.399
-231.449
41.2346
772.868
729.072
-151.348
783.235
-400.974
498.431
-179.788
93.6342
310.219
-503.736
-560.322
1489.79
-622.339
59.2295
-1382.33
-54.6904
-36.0361
-146.027
5.48788
-892.351
394.828
-1019.6
-747.868
228.343
-15.306
-450.899
-111.925
971.812
-494.184
-217.253
-244.731
-599.056
-1095.54
-383.79
-426.806
21.4039
-819.033
-1200.29
266.596
-235.174
-540.182
1272.65
-535.307
-366.713
486.953
-551.484
582.358
-74.2708
208.674
274.057
638.145
-675.668
404.431
864.364
-487.246
1.52153
374.174
-166.369
594.996
-328.202
620.916
-307.898
604.75
299.367
-389.785
-236.159
-319.138
-41.8549
-1462.48
203.392
159.292
691.889
-917.743
491.565
220.965
521.513
-591.802
-359.645
-272.916
866.051
149.989
918.122
-90.5106
-18.0923
-721.06
-96.2516
-935.744
-1221.54
-380.05
410.721
-1116.47
-0.535372
-463.453
-242.844
-634.524
1025.28
-211.281
-38.6245
-240.639
1319.21
17.9683
-424.277
1013.47
150.813
-700.082
-731.411
160.266
128.728
-955.885
221.454
448.551
135.198
-131.273
316.418
-662.809
-1173.75
-34.8337
-351.459
-511.012
647.769
345.641
-1290.21
-470.029
535.926
-625.945
-18.8527
-439.731
-745.29
148.848
-156.888
-502.925
-583.659
-656.713
332.083
-0.985715
428.075
-729.755
14.1017
450.088
896.086
-130.562
554.228
-930.007
-228.552
177.389
-222.22
1003.24
106.164
864.222
292.278
615.434
10.1577
-366.429
282.458
785.035
40.2769
1002.2
-639.153
-470.412
-221.155
-846.159
-289.69
-100.711
978.618
234.502
-460.755
-272.675
286.688
-150.686
-1040.28
158.269
657.735
-411.297
-211.208
1066.22
650.284
-496.81
-1417.42
-828.484
244.906
169.541
276.765
338.181
-288.712
396.56
85.065
-649.478
-95.1086
453.061
343.437
133.16
-438.065
-237.582
1149.12
-663.024
-167.589
538.911
242.745
564.219
-1122.61
-42.7303
-617.868
350.083
-88.3538
-760.768
1061.48
-780.6
35.9775
1119.02
393.187
-312.367
307.044
-76.7183
-684.126
-66.3392
-141.936
55.0614
-183.191
-542.354
-506.551
876.43
416.373
-139.822
-110.01
-239.588
-155.359
-656.463
35.2036
-250.172
-296.946
-263.953
-675.915
306.05
-494.575
-237.761
-750.263
-354.157
-677.206
54.1812
-151.352
813.077
-30.3942
-332.693
-467.224
167.173
-1107.16
-110.091
-181.58
-1135.99
-851.705
429.792
1169.13
373.995
-526.491
225.147
115.982
9.39376
-272.333
-642.777
-119.774
834.504
-433.149
724.055
166.592
-165.301
-62.419
395.485
586.418
-998.753
525.854
540.36
792.948
-486.021
-849.43
31.7882
-348.598
-1314.48
-567.368
558.066
929.516
-929.71
-238.149
-385.224
283.884
-241.391
-233.087
-935.781
-565.084
116.61
517.965
-366.956
-0.462356
318.65
744.834
1139.63
-188.267
-1018.74
-507.006
585.109
-75.1905
-65.1733
-1143.24
820.077
884.223
-99.0304
-497.609
471.009
178.618
430.821
169.633
-549.761
-378.169
-380.835
1090.93
-328.282
27.0197
426.075
-342.003
406.027
135.261
-77.2969
-130.753
4.2602
-271.207
-142.605
158.631
595.966
-556.011
-76.1506
-385.833
-634.138
541.48
-573.506
899.044
-481.741
917.416
1246.73
-163.557
704.793
135.568
-29.5921
815.617
-894.882
251.941
1216.48
-399.374
465.15
536.756
153.298
-885.32
910.225
-154.165
673.68
-619.839
349.369
-161.066
-839.272
-182.089
603.715
237.157
-1074.22
-980.558
-768.64
-76.7507
136.158
799.541
-771.512
37.5852
-867.42
-590.964
-860.997
220.7
198.053
-103.576
-1212.66
1010.83
177.88
873.346
67.4531
1016.18
-801.522
153.566
-76.8178
-258.018
1347.49
225.87
-1071.9
-632.125
148.351
454.386
-380.238
368.989
-365.083
-747.63
-217.123
-422.843
122.617
-35.9509
93.7953
110.719
539.334
-505.467
681.814
-68.3967
-136.184
-78.3477
-886.836
-573.713
-720.138
-249.366
-369.491
506.239
-193.898
59.5371
173.628
-481.764
-982.643
-72.4525
638.136
-144.848
-429.964
623.943
149.681
98.0549
-201.595
151.107
125.057
-159.501
-318.837
-1414.95
426.831
-324.351
208.787
1170.72
512.291
953.988
481.171
12.5942
-89.0667
319.211
474.781
-474.168
-90.2557
-378.152
-789.096
99.4178
781.219
-632.917
-208.973
-265.968
833.841
553.995
-886.296
266.598
-251.565
-242.729
126.077
375.228
1438.25
-275.038
-566.529
-46.1862
352.316
24.2123
-616.739
614.051
-504.594
379.085
-768.195
991.024
-1569.48
-34.9437
-395.679
396.485
-513.796
-852.415
-288.607
691.465
-738.243
637.655
-862.593
1115.77
179.848
-749.716
57.7864
-755.74
997.136
-675.309
211.672
300.914
-225.547
234.734
-806.024
-705.558
-25.9025
141.622
-91.287
-695.079
364.456
557.377
203.864
1282.59
63.3737
326.562
-312.473
-653.647
31.3443
-318.699
-146.422
-646.546
-329.624
-821.324
-658.016
-178.584
-499.813
200.024
-211.998
-40.8711
44.9777
511.769
140.418
-432.27
379.51
-468.827
-403.921
24.2865
-380.591
-1621.67
871.692
-75.3022
-384.82
-160.372
-1172.04
508.105
-729.382
-71.0459
793.321
45.3416
-1409.51
-209.886
-1131.41
628.193
-42.6042
-522.331
-750.116
-673.897
483.768
716.407
1404.51
-410.432
-213.05
789.722
695.349
-721.2
-701.822
322.175
-1248.27
388.481
674.618
937.155
849.998
1073.45
110.51
-71.1666
-33.3328
434.871
-1044.23
-79.0398
434.086
-75.6409
-872.893
-284.996
-267.531
75.6106
1449.05
-22.4465
-478.931
-340.504
-350.6
85.0316
-871.877
503.313
-817.966
951.23
-1291.46
-250.429
-967.02
-57.2089
-142.473
-836.491
86.3941
-489.489
-1102.45
-162.468
-781.071
319.006
-826.841
614.018
185.566
403.256
-807.755
-649.381
-441.336
333.066
327.45
-50.613
31.6916
394.922
668.256
-378.753
265.242
-34.0748
-450.776
-43.7274
780.191
512.819
-475.141
1241.13
-726.098
-768.56
-219.623
-913.469
-669.777
-414.29
635.891
-1326.58
-16.0266
1267.21
-15.7892
-512.901
-358.568
163.611
-205.717
-337.767
-219.034
223.476
-22.4663
-224.86
-542.744
-101.794
636.791
-649.365
191.11
69.7673
-808.533
691.875
28.6455
-118.878
340.746
123.183
890.113
-329.18
-1153.88
214.917
-180.998
22.7845
678.326
621.244
-149.949
-617.227
415.738
-696.022
-709.024
500.233
84.373
-1228.66
270.731
-51.8511
91.805
661.754
7.87317
-474.585
915.61
68.5276
81.4296
-1015.01
-1067.53
860.965
-103.053
281.303
-43.9532
-476.592
434.194
745.054
386.342
-339.289
-720.741
-147.855
243.363
241.428
-891.29
-272.83
-760.707
798.103
428.347
274.766
280.124
-227.612
188.205
363.392
-477.759
-49.0939
631.132
354.666
-102.378
11.3849
-1156.03
414.878
548.345
-594.085
276.246
174.633
-495.002
-305.306
-1323.74
-495.074
849.666
832.992
-287.601
-356.398
1354.48
-115.444
787.966
-398.838
-832.468
252.926
772.247
220.527
435.811
679.103
-751.687
369.118
228.154
10.1774
135.406
-754.579
-1042.01
-51.792
333.913
234.959
-80.5126
-866.172
774.034
624.661
-194.603
26.6239
-35.7997
282.532
-415.304
-479.669
-870.296
-630.15
254.551
-1025.59
-401.329
-1064.91
-344.993
175.533
-741.298
-496.618
469.158
-481.975
75.6407
759.717
650.51
-240.739
-684.174
-170.183
290.116
-786.452
422.642
-1071.6
515.078
-249.362
-158.024
-426.584
-938.296
-166.006
-270.386
-475.665
-95.9055
33.1193
141.585
-390.471
609.338
286.432
-12.5312
345.97
-642.291
354.782
230.822
-661.202
-36.0355
17.7123
508.054
607.095
-764.786
696.802
890.978
-48.9616
-548.885
248.163
921.181
170.554
620.379
378.165
-429.473
-258.316
-429.363
-258.375
-348.464
113.312
239.953
-281.861
-1407.03
801.559
786.478
-890.191
44.7318
799.314
130.044
-390.637
595.026
494.27
-996.578
-920.578
-446.703
54.0333
-97.2327
-400.271
-717.684
-280.263
-1095.82
-1060.49
630.144
294.499
-595.95
-131.473
138.492
-210.758
261.184
610.53
469.507
-189.733
1260.51
-88.0164
-556.969
1390.66
221.886
-1119.57
801.587
-318.002
282.992
-2.09884
456.484
-380.627
-965.669
723.96
204.448
-288.893
209.674
-813.009
-196.281
-409.415
308.322
-61.1173
313.81
43.3218
-237.713
360.333
731.939
825.726
-160.012
109.079
-653.625
-154.154
-47.003
476.262
341.424
376.153
1101.96
-175.756
107.783
-1168.65
385.898
230.877
317.475
339.065
120.394
