1172.81
-854.351
424.875
526.621
-249.699
-563.532
930.084
14.5562
-180.071
964.179
110.962
241.19
961.988
2.37551
-918.973
-84.7389
488.64
698.2
-384.489
178.257
-671.999
350.395
-366.603
588.728
274.264
-514.618
-973.587
729.88
459.889
155.967
-260.404
9.63435
256.985
-327.806
-412.9
10.1232
-488.332
-1068.64
-975.423
426.067
532.87
216.408
509.647
1154.32
795.965
-212.619
261.455
-614.363
-971.567
90.3076
932.71
-366.727
-125.248
221.719
-130.533
-190.91
-399.674
871.165
61.8334
-267.407
218.032
-681.055
352.187
200.713
-43.4498
-13.3594
355.262
-12.3362
270.642
913.85
-92.6524
394.797
-731.374
136.343
-90.6573
181.069
-73.5544
-177.621
795.289
-805.086
100.831
1433.05
-427.109
512.607
326.874
-165.077
-733.76
487.304
115.082
790.62
511.161
-369.681
-414.916
-92.4545
-613.065
100.98
-5.20751
303.438
-953.203
439.651
787.739
-254.87
367.228
346.87
1133.75
-746.504
552.779
-218.317
-97.507
-875.163
490.796
-306.163
107.786
224.56
-186.841
-162.306
568.991
-151.683
396.4
-81.8682
-496.991
412.595
-1077.27
-799.411
119.22
-327.918
345.971
-572.96
-112.195
-471.117
-868.725
142.846
-596.673
-9.74889
787.151
-78.0177
1044.09
-658.142
-343.277
164.348
-232.532
618.644
-518.485
-463.931
978.665
622.662
487.732
192.831
-192.072
-311.273
82.0051
-205.504
470.8
-665.631
-693.013
-446.222
186.311
-371.869
356.501
595.688
392.991
-296.22
-955.385
426.051
481.482
309.434
-51.772
-524.922
1065.52
292.177
1171.06
-115.865
-478.001
-258.779
-247.318
-169.644
462.944
-44.0705
-903.739
74.9505
154.148
-1124.69
-877.08
-81.1307
1001.84
-480.243
-366.918
-38.3674
-514.178
190.302
-621.885
-1032.84
-301.251
177.451
-702.575
611.905
90.9436
763.606
869.779
-551.733
-133.355
308.629
-398.841
18.0456
-303.986
-524.874
-1326.83
-212.74
-537.775
417.439
-582.543
855.981
812.498
846.963
-304.594
166.981
233.004
-87.715
64.5574
672.245
-574.478
174.591
110.817
-129.325
602.987
-353.215
1154.69
435.155
-838.561
-878.688
896.582
-981.003
-940.613
318.29
-807.849
92.0452
-87.266
-563.941
610.793
-537.679
3.82051
884.252
-322.811
-151.695
282.925
-574.214
-359.979
488.036
-493.223
187.206
238.178
-968.506
304.324
-127.067
1380.06
-658.742
88.5587
387.854
-83.2067
918.396
212.867
-397.868
-585.759
-867.375
345.938
57.3853
-488.579
655.34
-289.625
-86.3501
-641.236
1014.82
-412.435
-802.41
-443.416
656.037
476.083
196.049
-181.16
617.679
402.609
328.589
194.096
868.942
-145.46
-578.77
4.30463
1268.64
-375.152
-657.91
274.989
-233.345
329.037
354.833
1124.39
-1109.47
668.3
-813.279
-539.437
835.24
-672.583
94.3524
-510.81
182.162
1327.51
874.995
298.377
282.963
-665.723
-1126.82
-23.1174
-1266.76
-1344.44
353.261
19.8431
320.686
-411.731
169.365
-28.7532
-380.815
136.252
-111.914
-409.649
643.363
-776.958
-289.723
-614.133
51.6157
154.358
-90.735
-222.198
183.791
-109.564
247.009
779.185
594.736
70.3553
-284.569
11.3034
-784.18
-73.3618
450.452
165.82
60.7075
457.195
179.086
424.823
379.583
401.457
325.154
-200.886
667.084
-169.755
-353.393
-95.3654
-24.7089
-744.159
-866.808
-516.991
1264.94
814.622
1071.34
-980.409
435.964
667.008
826.626
-1346.12
-399.89
522.052
334.598
-730.302
568.188
-24.5749
-316.135
-662.274
548.201
216.564
1245.15
-80.1422
948.531
941.969
-995.579
161.479
887.671
-312.507
-1392.81
-572.631
149.579
-456.678
652.845
-168.723
549.82
-699.091
-374.245
1273.05
-201.761
44.8213
320.248
55.2815
-109.634
433.773
740.666
847.842
679.268
-250.29
-698.037
568.447
-898.167
-605.385
1217.15
-187.678
-418.179
142.157
-45.0814
-224.566
636.433
1047.71
-218.19
-121.447
129.321
645.194
203.492
313.769
313.348
411.371
228.409
-120.243
-270.079
414.506
-287.635
759.407
-84.4177
332.775
-899.179
-200.428
59.9041
-186.223
920.9
985.061
348.54
355.501
-117.606
240.228
-687.285
-566.795
219.361
-105.77
474.413
20.244
-54.1742
-548.898
-852.683
-407.089
622.291
371.938
955.918
217.727
867.426
-793.24
668.911
638.946
56.2743
21.6148
804.81
624.726
-892.165
771.571
-321.202
640.586
-558.672
373.04
437.585
253.682
529.249
-583.2
97.4411
329.115
175.633
-207.015
276.221
190.92
254.082
611.372
240.325
-224.11
-1089.36
72.9175
1200.06
-67.8807
232.142
446.217
458.054
353.528
-130.46
-702.676
496.807
239.353
-834.02
-4.10674
295.562
-127.802
381.209
-448.708
-885.015
-349.982
320.38
-362.552
-303.235
-920.236
-704.52
664.713
1137.52
99.0533
-692.131
-346.527
606.615
141.066
92.3876
64.5519
374.369
-561.419
-943.18
-610.835
-952.46
-342.604
768.075
155.552
-725.371
636.861
-2.37848
-389.445
370.333
512.892
43.6843
814.719
-14.8986
215.935
-216.749
-305.905
46.3228
-673.032
315.49
-495.059
-324.791
593.595
-111.298
-670.825
467.883
-173.28
-607.01
622.188
-480.083
614.308
-239.955
-501.03
854.403
-572.552
-398.614
-494.251
-536.498
398.204
380.968
235.339
428.132
111.977
-319.435
168.277
905.576
-137.468
-559.859
-364.24
-581.743
63.8502
-590.505
-60.3227
-87.2664
1095.73
330.534
-280.962
-440.233
222.882
-32.9348
-1087.02
-666.055
-1195.79
221.432
-559.617
-334.134
-432.065
66.3877
11.6403
86.028
-471.273
-619.985
777.425
195.961
224.32
-1280.69
518.632
414.037
287.702
-97.4457
-88.9685
-682.78
-142.592
-233.944
1246.05
842.262
440.054
-654.036
-420.629
31.5712
88.1237
192.847
-22.6368
22.0093
745.354
-322.941
168.658
846.596
-802.038
269.284
578.319
581.846
-2.69939
407.923
-580.821
505.721
1030.05
127.635
432.324
-448.915
838.658
-324.778
-623.889
196.514
1216.4
-701.081
592.708
232.07
566.042
1130.21
540.873
611.671
267.257
41.6992
-625.536
175.222
511.296
115.812
1220.3
220.329
514.571
-137.339
-457.156
-737.815
449.712
-250.031
-169.169
-2.40175
703.98
-663.851
-853.911
113.632
349.372
1376.06
697.21
-195.124
961.594
620.647
514.215
1355.84
-137.592
-565.779
530.535
-404.568
465.875
-200.507
325.599
1059.7
423.592
422.384
214.911
992.525
157.998
-743.578
-61.7527
182.094
187.041
-24.9429
-496.708
-469.978
-128.177
430.682
-1068.7
-607.787
13.3525
-66.3032
359.088
330.283
-549.238
927.91
611.578
26.0434
-173.163
199.217
203.244
498.893
1355.59
470.581
-377.744
-406.778
229.586
-697.74
799.513
302.362
287.62
-155.179
920.764
84.2083
89.4352
-46.8207
-351.159
-906.209
130.291
76.1212
1038.6
-238.185
299.548
342.672
295.761
135.051
552.787
34.9521
-160.457
488.653
-686.79
833.006
509.819
433.198
-1019.24
306.626
-120.978
-669.724
84.9928
1180.76
249.353
-372.583
1308.36
783.087
802.021
199.048
170.974
1099.26
-23.0328
-116.509
-66.8903
425.879
-316.914
-968.635
-345.274
-331.371
-161.491
448.595
152.129
-1141.65
-204.736
779.663
-285.287
592.017
561.982
435.513
-802.618
-895.591
-867.188
-226.407
-324.889
463.055
-624.917
-298.521
-168.677
-709.295
251.336
-909.017
-61.9197
-784.153
733.333
532.904
539.403
-401.23
-386.236
401.155
-230.997
-756.834
-380.756
278.488
560.197
317.923
-325.039
-160.062
-29.0864
470.519
-30.8214
-1090.54
1013.05
-399.83
-276.574
20.1578
-722.967
143.242
651.198
-480.125
-318.786
985.06
-449.144
-293.924
398.046
-798.822
-459.543
1099.57
-220.868
-292.321
-701.116
552.389
422.841
-940.677
345.823
84.951
561.057
-227.125
438.912
-969.018
-444.959
-311.083
-1036.71
-1105.36
501.299
108.863
-1026.97
1006.48
-118.141
-334.89
315.59
-913.243
-485.023
409.805
-121.262
-402.093
252.687
-466.848
-593.116
873.27
486.531
1071.51
202.444
649.684
-716.52
267.065
-160.467
152.774
592.641
-302.099
643.651
-1577.13
-241.656
-622.427
144.13
-137.941
563.804
-422.823
-714.155
-2.32001
-799.586
-820.809
-57.8398
245.315
718.276
1027.01
1057.32
-130.402
521.754
1298.64
-660.947
84.0798
-415.602
59.5017
956.469
512.339
179.194
-63.9728
531.987
-459.791
77.5883
-372.167
-816.007
1267.44
316.764
-106.038
354.592
122.647
-736.069
-408.296
249.749
694.706
-196.612
305.097
724.968
-512.029
11.1082
61.6864
101.979
298.085
64.3808
55.6245
-163.953
283.682
94.0969
-518.24
-488.541
507.747
601.522
-421.683
-87.6134
-595.523
-370.543
-329.398
292.837
-740.113
638.182
1134.59
-971.752
380.592
733.755
-437.225
216.192
-111.262
144.008
-322.142
340.141
621.963
557.365
-164.018
109.901
461.56
-517.176
-353.7
-211.255
-510.291
-406.702
130.059
-288.888
267.619
-95.0442
-199.81
1317.2
-2.39585
1035.09
358.165
305.033
-680.952
71.8665
764.924
314.836
684.873
-91.8293
-19.1118
161.646
956.775
-1228.7
-44.427
527.832
884.147
355.013
550.078
731.553
360.275
-1087.53
237.656
109.69
1021.35
-131.38
504.625
-354.567
-575.813
747.728
914.327
1019.55
196.803
647.38
-629.714
84.6775
282.291
-563.185
376.592
-462.934
-793.161
225.329
-310.56
-709.647
-356.668
717.061
729.097
-56.0968
-616.429
-762.648
-466.862
441.223
-233.275
-589.332
-709.086
330.899
81.8592
-173.146
771.76
674.08
-624.188
-673.126
560.138
-274.191
1338
491.891
391.469
-381.682
563.207
-438.695
674.587
341.804
136.481
-398.717
166.081
-229.458
-79.981
38.1448
-753.924
711.083
-166.829
246.537
939.765
-563.231
-620.392
-347.636
-702.762
-804.687
-231.026
240.491
542.509
936.878
459.224
334.108
-256.841
216.263
-273.542
-125.622
-199.724
997.711
-413.808
881.917
-289.453
-888.841
-642.733
652.748
-127.916
-580.7
-184.098
347.642
-68.7951
-321.592
-776.049
-761.18
932.577
1106.04
867.642
-823.216
-1139.97
376.76
-190.094
-456.849
-235.018
26.8526
-61.8646
-200.28
79.7291
240.905
167.332
11.9032
154.604
141
59.6884
-442.078
440.772
-146.022
-489.704
-755.508
-552.662
-443.314
1056.04
-21.4503
1227.65
777.251
-253.079
821.879
-285.567
-513.474
11.9493
-20.6204
-453.608
606.218
-307.718
19.7343
25.4744
-718.58
-883.626
-731.56
-202.049
-463.239
563.241
428.735
-237.443
-171.344
-820.669
-447.564
925.513
1162.52
-504.373
142.456
47.7239
-318.781
-22.6755
-624.749
-278.557
-795.856
523.974
462.17
-602.058
-628.927
-70.3667
-259.595
440.06
136.231
-286.22
104.155
348.569
-840.223
-179.043
-429.605
-459.126
-213.579
-172.509
30.2713
648.707
-652.23
612.269
-518.67
-621.996
-240.293
-70.7773
79.5984
-639.782
808.442
-465.287
386.193
1043.36
111.643
-451.5
-632.179
-1194.79
501.139
-6.31825
414.517
960.82
-636.351
286.516
-393.717
-619.907
198.24
388.105
286.214
281.644
602.373
949.426
-129.101
42.1465
361.526
-286.88
-775.385
-525.972
-54.1656
-88.4392
660.224
100.543
-1201.33
-157.297
465.524
750.08
-1058.32
19.4373
-996.468
388.497
-183.239
790.456
-291.174
-43.8848
700.154
-874.782
26.9541
1029.15
887.93
269.267
281.357
-1284.41
-20.5566
507.518
293.008
-131.323
468.869
851.523
-1039.58
802.442
-92.0055
129.046
367.044
1105.88
-677.065
247.777
-452.932
214.087
-222.407
36.2118
-342.309
-995.205
-764.98
-777.969
102.873
-827.616
406.767
433.449
-157.739
-1157.24
-507.817
-123.592
294.831
-34.9354
-906.531
-60.3907
55.7158
-150.398
-426.776
448.927
-410.884
46.3596
960.443
-599.102
271.188
273.696
395.216
333.088
-202.785
-618.655
-873.684
528.905
138.511
-140.146
-503.299
-447.441
-528.599
994.107
-523.583
-721.421
-793.963
742.22
-551.036
468.141
692.122
-1192.87
163.649
219.411
-1224.61
-258.865
505.927
-139.128
-172.509
197.113
659.487
458.158
-495.876
1414.12
-546.276
221.826
492.821
238.623
-77.716
385.184
202.233
-81.9702
-319.909
498.575
-400.483
265.569
131.291
-542.473
1338.2
244.305
-29.7468
314.754
-31.2879
856.728
397.984
379.228
559.854
-350.961
1287.63
546.541
1029.84
-284.265
-339.473
388.785
-299.822
232.648
-541.518
-1100.63
-97.5678
442.128
620.515
-104.787
-353.367
556.51
-688.783
602.695
-252.157
163.455
-256.227
-127.995
581.828
-110.169
-761.533
-145.99
63.0777
-101.799
-82.7092
196.403
1055.08
-410.253
87.6153
857.047
132.587
-58.6121
-848.639
69.3103
-11.0173
963.812
-470.59
457.805
463.202
-225.927
-597.064
363.513
71.751
-308.928
1140.29
260.624
-238.138
-567.315
217.836
-22.849
-626.217
156.909
480.603
-335.007
764.138
428.617
-4.6203
-1426.12
-371.127
289.349
-117.053
496.569
399.741
-645.574
-611.421
-68.9754
-115.86
-174.083
404.569
316.513
-1109.86
-24.8695
-740.691
-175.146
-327.014
-1.92501
1135.57
-607.203
-412.526
-120.832
-590.044
817.664
-31.8463
-885.666
67.8842
-454.96
287.183
265.347
541.72
869.331
-311.986
-205.356
879.763
324.42
431.394
495.205
382.791
496.258
-214.207
-473.675
391.491
-498.08
166.384
-195.239
85.6211
-192.49
-207.712
769.418
-762.426
238.117
273.565
266.998
1233.08
137.289
930.223
-161.397
-364.011
-349.865
34.6302
53.6991
-497.445
-199.876
-550.24
85.1537
-426.751
-772.055
640.661
-2.65987
979.395
121.131
-344.387
93.4352
734.196
-707.886
848.02
472.356
-505.754
753.183
111.461
582.717
657.938
702.668
-155.659
362.456
147.482
-150.265
-424.45
-1212.26
-823.796
255.313
881.766
381.834
-808.005
219.284
-305.867
264.109
281.322
168.97
-747.028
-879.135
1211.8
-125.279
-682.905
213.957
-217.313
192.301
577.635
1016.08
-382.755
434.578
355.88
480.705
1037.47
-19.4618
239.278
-999.747
184.622
-308.936
323.171
460.111
914.962
-222.397
370.906
-713.322
803.887
-1236.81
657.974
-236.758
408.102
416.553
-129.097
-214.431
1439.46
584.257
-895.498
358.574
-299.97
738.805
-1000.02
255.73
31.7383
-291.255
1363.17
786.071
561.81
-180.447
-781.622
-388.629
235.943
61.0744
-698.056
245.079
221.937
-18.0935
-490.083
744.056
-221.575
79.0584
179.806
-821.585
931.011
-995.687
229.656
-247.833
855.022
-843.856
1121.12
319.608
965.796
766.711
-754.694
510.388
806.073
-197.684
589.087
-1034.94
-45.4377
390.876
-540.103
-109.718
375.326
-146.445
780.523
241.506
-848.821
-9.06443
-983.976
117.806
-84.8985
-855.784
676.288
-937.055
130.626
67.2079
-762.283
94.2373
803.986
-378.516
-98.6662
55.1624
-834.118
284.02
-31.2116
-310.374
-837.47
-67.1465
552.752
1126.51
709.491
-15.3447
-523.045
-411.04
-907.509
1140.99
612.803
-542.095
-531.344
-375.977
1000.66
97.6667
414.904
-503.077
136.199
-530.678
-980.274
89.9399
11.5221
-1154.05
198.056
-72.1294
-661.464
437.116
-911.333
581.172
-38.1022
542.747
-693.328
-943.113
-508.66
-711.282
-878.92
-10.3363
542.658
1220.24
-890.527
728.45
1197.59
-393.752
194.629
764.116
-272.713
-682.918
-270.056
510.01
-87.9533
856.571
-385.508
544.542
591.026
-16.8982
652.567
-468.113
754.094
93.4558
546.745
149.275
-405.552
-828.739
400.071
-310.617
481.74
511.982
-377.243
-354.355
369.123
-866.668
-206.596
-134.918
320.886
-941.798
-665.363
308.293
-51.4443
79.0286
394.885
-324.779
659.582
241.965
204.707
51.3158
391.697
-118.18
1390.67
285.385
707.284
981.088
-571.258
-218.582
-267.875
496.164
707.522
-583.595
-1137.54
480.809
-168.037
-49.7263
393.045
334.869
327.922
787.763
-111.905
-4.07546
-84.3034
-262.556
1144.87
-322.202
-297.689
223.629
314.202
-306.45
-43.0147
-522.967
532.327
-78.3873
1019.63
-426.628
-199.235
324.14
1363.59
-4.42158
-550.33
-112.748
-353.399
-14.3533
-473.209
18.1598
-57.2268
523.633
1122.96
-1022.43
-11.8407
293.25
579.096
1186.72
-202.093
1056.01
587.43
-922.656
313.503
578.082
498.963
-507.86
-320.764
1107.17
-517.337
-1018.76
-187.061
67.0504
239.407
174.634
103.776
-586.977
221.452
-31.3427
1239.22
-1260.39
-806.705
451.94
213.749
461.653
808.365
945.562
-367.44
25.1004
-125.832
1025.6
503.386
-665.675
701.989
561.329
-326.675
1108.12
-173.49
-412.06
-17.556
-4.73046
-184.915
200.496
-1155.59
-924.616
47.5709
-468.334
-351.555
2.00795
626.112
-197.782
297.912
509.65
237.62
-294.438
926.487
-106.227
343.503
-443.054
942.173
832.033
951.601
237.763
1014.16
-122.174
346.243
263.923
245.275
1123.87
1019.06
-302.938
-395.674
56.1026
351.186
-55.3977
184.297
-1035.22
-598.613
62.0958
-429.886
1019.83
155.977
537.514
523.915
673.311
-372.499
440.942
-709.678
376.559
1112.21
442.969
-942.167
246.267
725.846
-280.676
840.468
733.078
-111.289
749.736
-702.288
-111.668
-466.202
-314.207
138.934
-505.039
-314.721
276.902
-6.83748
35.6204
21.7593
998.547
-257.268
-930.576
-193.613
-221.273
-65.7
-372.437
240.16
-254.439
-316.798
221.819
-60.3383
-166.477
-290.625
304.649
9.75645
-108.391
292.82
664.311
87.2639
9.59786
-697.91
-967.029
322.091
327.588
340.73
-780.836
-569.765
-627.222
497.859
-611.728
700.022
-104.283
-160.864
89.5183
-431.688
1237.71
513.573
905.005
350.572
-268.601
1336.31
405.221
151.372
496.436
67.9527
-650.551
-915.438
190.937
174.4
1047.63
542.115
443.49
260.983
39.1962
-734.925
1018.69
-172.205
-541.395
394.567
351.124
281.386
-430.061
161.336
-315.016
231.486
127.624
224.455
151.412
-850.493
-666.999
-392.382
136.661
128.73
121.567
-886.253
679.32
37.0528
70.3144
274.667
84.1791
240.62
-3.00919
301.612
846.32
-94.0801
-241.611
-1150.72
-354.927
-1267.55
354.58
875.783
-637.605
332.652
426.031
558.558
-80.6055
-911.609
-449.437
-298.141
67.9493
366.42
293.15
-114.654
427.867
-138.126
-1130.68
1188.62
-25.3452
357.862
28.6253
468.889
249.878
0.772547
-885.27
376.455
-244.988
-1464.53
-742.007
245.021
189.22
-509.243
-514.216
61.6048
-802.231
158.018
-1035.97
-611.751
0.0968893
-112.336
-908.735
-1229.11
-291.392
262.511
489.289
-389.869
497.132
46.5631
167.401
-166.143
662.639
384.175
285.119
-828.704
279.274
282.782
-33.605
160.481
-849.778
-419.996
-330.45
-928.162
-2.68476
-674.147
361.589
-374.838
-84.5606
-169.586
773.288
541.122
58.9474
-412.443
115.887
1052.62
276.887
117.609
-282.163
-220.348
96.5783
-240.44
158.271
-544.837
837.279
85.9102
-846.676
-621.927
619.549
-225.142
297.869
-359.468
-154.054
-230.924
516.167
543.444
109.167
-764.896
830.394
721.825
-545.694
-524.379
1170.22
484.329
-453.404
-805.083
144.254
755.764
9.2354
-11.2544
95.3589
-279.278
855.859
102.727
176.551
189.415
519.328
94.924
-74.9168
630.893
-598.106
170.476
-133.542
-1115.27
-734.669
-856.484
484.931
1020.86
-260.056
299.562
516.643
-66.2363
-284.351
-436.767
804.531
-1021.33
-378.815
-1099.04
123.504
-1185.76
-223.549
-564.069
196.157
-286.367
-877.14
293.738
407.032
208.744
-116.709
-565.42
-309.111
-407.549
475.47
640.271
288.836
620.197
60.3494
-339.504
-456.545
1142.21
-154.74
741.379
-596.19
-121.326
684.308
87.2744
-457.452
-318.163
842.92
588.716
217.246
549.283
-522.657
-745.479
2.66789
587.078
-151.571
13.5817
-1317.11
-244.708
751.453
-591.144
253.427
-826.838
241.373
41.1946
67.5361
348.558
175.544
-465.664
1237.02
-384.542
980.833
78.3026
-669.456
-466.157
816.352
-1179.51
-69.6271
-455.378
452.702
-328.366
-127.532
110.093
303.93
1330.78
-388.79
-48.3438
-183.98
132.195
758.004
-161.632
-322.394
66.6834
-114.663
903
1117.92
-48.8536
651.006
-757.943
-498.84
426.565
638.582
-411.265
480.897
-185.971
-255.858
651.985
1272.18
-447.817
120.293
537.515
59.6117
-100.821
-720.195
60.3797
-529.764
-287.657
-1111.3
-720.205
-155.553
-1128.3
986.874
-189.511
714.442
-662.095
264.944
580.948
-354.992
-58.6512
-936.798
-118.231
77.8949
507.667
-492.703
-623.784
-868.332
-443.793
672.838
400.816
-471.392
60.8928
1.36714
-546.554
-420.012
369.339
232.34
478.729
-333.163
-350.652
-214.856
8.25305
213.862
-8.21063
57.4818
-265.044
254.045
125.833
387.236
-200.547
526.329
-579.572
-363.41
-182.865
-170.039
384.078
480.812
257.152
66.1961
597.02
573.301
546.626
349.464
579.507
696.327
725.844
-937.763
125.345
-504.014
-416.006
837.95
-229.501
-1082.73
-307.883
-546.893
162.742
-270.462
558.747
-988.654
-99.7217
-833.155
-691.156
-1022.84
-471.278
627.19
-385.473
-513.437
-237.551
-531.574
-156.358
1488.73
277.641
-910.245
1121.41
-258.336
362.387
71.7558
657.357
-55.7006
-503.625
380.647
582.456
-75.9592
-1268.11
-128.097
-317.606
448.188
-183.195
-535.309
22.0954
-41.0019
441.542
324.786
444.24
-438.006
284.31
577.321
3.52854
-930.244
185.918
-130.063
-257.04
352.633
-405.267
-128.734
72.5932
-22.945
-862.268
362.898
208.748
-637.562
-154.379
16.4346
754.829
422.41
-222.838
625.222
-63.8531
690.941
-729.211
13.3565
0.621439
-70.4803
30.1832
-392.101
-344.415
-164.041
232.766
261.79
-434.305
221.857
-77.3475
-118.756
-351.028
-37.1673
519.637
-206.656
59.654
109.96
104.094
-1296.3
474.395
-214.409
928.311
836.399
439.297
1006.87
841.767
539.333
-1049.47
-25.6582
-484.005
849.022
274.793
58.1484
-643.065
-179.885
558.097
-231.532
802.15
-470.463
287.05
512.857
-625.353
-556.496
173.049
40.4075
68.7769
575.164
567.978
389.015
46.5641
-79.398
-210.271
-1264.05
-987.612
-69.5079
-281.094
609.884
-1258.15
699.722
-172.193
-585.011
28.0239
408.261
-652.352
881.863
501.465
-352.977
677.561
103.979
-1032.41
286.897
-396.033
712.879
546.768
8.79153
-56.7698
621.247
-643.064
35.5878
541.377
437.522
-225.843
-1246.8
-199.24
175.272
-244.498
385.7
698.714
-37.8889
-721.167
774.289
-460.871
-763.037
460.502
994.9
-492.823
-518.679
484.247
-104.829
-191.353
50.7061
489.017
-323.363
69.4785
218.419
-10.7602
62.99
198.846
148.115
-455.564
307.051
624.201
-88.8528
749.84
-8.27122
66.2514
-571.813
-72.1805
316.809
102.826
165.014
292.341
311.918
-554.533
391.802
-602.821
304.767
10.4035
1310.54
248.716
46.5471
-811.222
-578.492
570.445
296.322
-65.706
238.401
1270.83
403.277
1001.81
161.58
117.339
841.146
-1199.94
682.635
655.041
235.133
-1239.23
-634.112
-73.389
-243.829
-999.021
-516.667
-575.806
-18.4298
675.8
-468.764
183.083
-427.433
163.517
304.347
736.904
123.46
-138.134
411.808
-680.181
645.845
546.454
-55.9853
-985.264
-175.097
25.4685
-405.439
-922.67
184.368
402.04
195.229
-85.1596
68.6045
-293.513
-1189.18
1294.08
-285.32
1542.58
-705.011
1042.55
-936.087
-460.188
559.437
-892.937
485.669
181.91
-558.365
195.912
273.916
47.566
-121.537
62.5104
-12.6647
-823.31
965.854
442.08
-925.6
-28.0293
1300.29
90.3496
-477.541
679.649
240.331
-121.799
73.0571
475.225
621.586
75.8172
-627.849
185.858
367.509
-916.264
712.414
386.325
606.098
-598.672
1162.11
-1240.28
-346.191
886.739
68.0681
-274.116
-981.656
175.573
-359.958
503.182
-378.844
245.764
-156.982
-418.752
268.706
-167.892
450.516
78.9085
57.2191
154.302
60.9738
1018.66
-571.954
-25.0476
237.714
525.357
322.197
-485.508
-731.74
539.275
492.135
124.139
-153.772
216.218
187.529
-257.915
1265.11
951.429
-779.913
-573.528
268.997
397.687
101.932
207.184
1152.82
630.568
25.3655
216.964
350.001
-982.841
-1005.53
357.653
-1130.16
-147.517
579.331
-526.795
314.567
-77.2029
-703.267
600.898
87.7839
575.015
594.146
427.154
-627.656
353.451
475.211
113.717
738.909
139.462
992.982
293.887
-123.597
-269.761
-282.563
-101.179
43.7469
-682.738
392.813
-179.373
459.441
565.557
-529.162
720.844
26.4906
-657.303
56.4659
603.52
948.61
-837.656
-130.238
897.176
1181.94
516.101
90.7353
1135.84
-111.227
-973.729
735.696
-1180.92
72.3398
340.545
-413.467
-979.19
-681.542
-60.5611
-759.497
451.042
180.36
-271.696
274.877
-596.66
-151.203
568.581
23.9784
304.914
882.248
-166.587
-808.589
-310.163
102.426
239.241
-319.318
310.588
171.818
-184.048
930.61
-114.275
-37.3119
-367.913
583.57
155.374
-1004.1
425.054
479.159
622.999
524.801
187.296
-377.416
203.114
784.181
-203.793
269.864
-687.647
-130.443
927.457
448.42
292.661
-781.649
706.288
545.801
-290.514
-617.808
749.89
-543.969
-547.759
402.116
-561.851
184.905
261.994
423.734
-186.572
168.494
-198.617
452.227
326.427
-183.5
-47.3122
-693.554
411.707
457.49
309.613
449.153
10.153
107.905
-1040.48
622.963
-223.583
-56.9976
-615.239
34.3887
360.889
-40.7285
-727.292
321.543
-952.381
147.985
311.584
95.4741
122.291
-513.811
-104.092
642.073
120.22
-827.025
3.92757
-541.039
-905.964
-332.173
-182.772
-577.888
236.622
117.923
512.79
-177.012
744.46
1198
-84.9087
-239.833
-277.173
547.287
53.6711
-368.836
100.991
430.603
-44.8716
-589.739
-516.853
892.711
-130.795
-254.955
-586.413
-1048.32
221.81
-130.279
-490.047
370.816
742.968
84.1305
108.053
53.1345
732.289
-107.297
697.63
-287.901
830.162
406.595
-686.42
1369.09
-63.6463
-140.545
292.766
527.582
238.955
-313.871
291.726
140.238
-142.132
994.806
-93.9927
708.876
-813.983
378.652
190.764
-14.4208
131.118
-811.202
1154.85
-84.3498
60.0694
-224.804
-503.372
81.0786
902.086
-23.0876
89.5734
-344.766
-864.025
271.24
-486.943
219.446
107.971
-301.244
110.334
-1184.94
-269.063
471.386
556.963
897.756
-1026.79
770.907
656.816
516.124
259.144
-816.183
112.916
563.833
733.809
526.239
-331.357
-369.768
-208.102
-426.062
175.42
265.491
113.536
447.753
-58.0835
-32.0127
485.557
-367.629
358.74
-1125.57
779.79
-1334.81
832.001
-455.891
685.661
-168.93
280.853
735.109
412.522
841.762
-17.5797
36.1267
-561.786
-535.836
232.307
-63.5745
489.682
-907.603
-508.023
1082.78
-643.929
-106.348
240.944
313.443
-133.933
-569.743
-958.317
-797.121
452.681
99.0588
1022.75
548.316
-237.165
528.207
278.21
154.154
447.167
1247.78
-767.936
478.077
734.192
-400.179
801.232
-297.9
-223.593
687.904
644.951
399.497
-783.461
-400.933
442.675
-737.994
49.2316
-230.316
24.3788
14.9098
-619.821
993.361
-72.3751
-297.661
-277.416
-504.046
-615.836
-1051.45
-524.776
320.085
-486.593
-392.057
-380.571
429.052
755.003
-102.525
-364.873
882.24
416.722
-781.33
519.356
-1237.42
-476.257
629.689
148.71
-9.59921
337.663
-302.54
577.692
-815.033
-636.101
-262.531
-411.484
457.615
309.051
-84.4669
102.344
475.017
553.105
-467.049
-856.012
432.298
-244.08
629.987
353.885
933.028
-846.552
-30.1446
-155.496
-878.507
-93.2741
681.4
131.635
485.818
178.565
96.0947
-392.293
1099.65
239.215
-205.087
-74.9847
-144.616
-444.516
397.055
103.222
-361.605
259.229
-138.661
605.462
119.078
-321.251
672.68
171.458
281.704
1388.65
-710.305
713.218
543.601
-249.318
-19.8341
-548.209
1043.36
-284.43
1371.66
1061.95
-474.251
293.171
30.4373
-260.914
-711.382
-1399.07
-326.079
228.524
475.025
-552.106
297.438
75.441
-174.188
0.669957
73.3407
-328.635
-565.713
-250.024
-251.46
-106.264
353.012
-369.555
715.049
-124.588
679.708
-692.063
-136.983
-415.341
694.65
-220.704
62.7133
-573.112
128.724
-616.095
-418.835
138.532
915.762
-691.688
610.808
-308.156
-146.88
-267.568
-230.491
158.592
-162.749
-664.735
-353.828
-789.169
-482.759
-315.027
-966.326
-1187.22
1377.05
-1111.62
1136.87
853.301
551.286
-973.829
-125.654
-804.052
648.48
317.168
-351.758
674.116
20.5175
-257.688
351.686
200.701
-394.734
1327.09
-393.392
169.359
674.21
-9.67637
-983.116
883.102
-285.27
891.656
361.367
896.935
-17.0546
-649.926
-821.13
-887.228
80.6966
567.76
-465.245
-916.252
173.56
137.853
504.311
71.0618
-85.1293
-503.045
-619.587
-138.883
93.4015
-249.976
-238.403
290.049
363.388
306.181
-339.372
310.862
178.324
426.96
-33.5983
-946.348
-302.972
573.544
-55.6043
-508.018
1095.29
448.364
451.583
-827.18
603.487
-553.249
349.872
-357.928
327.571
-627.976
1222.46
529.413
-534.657
-5.38108
360.904
612.429
-564.505
-1269.88
-311.381
-1105.27
-576.412
-561.674
-695.736
112.977
35.5085
369.953
53.7266
-465.314
680.39
-637.364
341.152
-686.955
1233.31
355.817
844.727
-362.792
-469.983
-908.078
-263.679
313.333
-600.506
652.456
-343.803
651.069
-570.879
321.755
-403.067
279.376
-349.24
-566.397
60.9788
900.504
-262.969
743.1
27.3958
-337.429
747.826
-338.841
-365.835
716.215
-63.9048
-154.996
29.1761
397.976
-238.206
-1130.42
162.592
339.868
152.136
-1224.8
257.947
215.805
-626.552
-150.265
160.515
191.124
-197.807
-122.156
15.6306
-355.2
-1067.74
-102.46
860.616
-148.509
733.722
-780.621
-761.703
72.9906
-550.984
632.27
-599.872
-79.5616
72.3574
-65.3945
-229.493
29.5054
810.517
439.761
-642.783
367.449
-62.7015
281.162
-464.555
921.456
-307.209
68.891
-833.499
572.672
310.839
311.414
278.448
125.84
-765.405
371.721
186.389
-729.976
-334.069
540.165
-233.19
595.079
125.526
-620.024
-180.072
1490.49
113.019
589.702
535.03
120.078
-630.769
602.201
1059.28
-11.7111
-1137.55
289.096
717.886
303.678
409.923
798.96
331.739
-475.267
627.324
-448.687
262.012
456.804
106.867
451.346
-1445.08
151.453
-317.369
97.1115
-139.545
-211.288
-181.402
473.917
247.894
-237.297
-32.5205
-138.13
4.49857
777.035
-267.879
-737.208
-1085.27
-180.765
193.427
15.5784
242.257
-186.154
747.329
-445.285
-584.018
479.576
-70.6934
-899.659
592.756
-82.8721
740.37
-383.003
-206.126
-906.248
-309.152
-0.0682308
-797.589
-265.359
-107.973
-1208.47
580.059
455.513
-616.135
53.7321
-661.27
-338.549
57.7335
-94.1062
-297.01
-320.391
38.0073
173.665
331.067
-759.038
-524.378
763.565
865.247
467.956
401.629
-84.0766
-104.301
-666.045
-55.8552
81.2536
-242.16
-176.217
-681.069
22.6332
-98.9665
637.784
1341.18
51.4964
362.74
-576.629
-523.572
-860.543
748.603
626.132
45.5481
268.969
-1201.06
-689.113
760.387
398.277
627.252
526.89
87.755
137.184
190.651
1043.62
-207.518
515.859
570.454
-366.719
-684.372
331.819
973.014
1033.64
-339.196
-703.795
-578
-325.685
-295.147
-302.547
-199.486
423.138
-86.6124
1047.9
-165.3
-12.2714
237.806
-355.505
-563.373
400.833
1160.76
-814.34
-421.396
-706.739
-894.965
685.848
-219.094
278.998
801.635
821.284
-269.047
406.752
476.141
207.041
150.169
373.59
-706.526
-507.529
525.305
97.0131
890.814
948.027
50.4836
-249.354
747.811
828.316
-1337.21
-684.557
80.5856
633.192
721.747
-377.31
-245.016
1206.35
-868.965
-97.817
-372.544
105.266
342.008
388.28
87.843
-172.311
169.258
-908.215
-502.622
646.528
-352.344
1315.9
-1.15082
955.712
542.112
46.6144
447.833
140.213
-298.427
318.274
-257.934
-151.701
-237.588
211.414
304.723
-442.475
-739.547
697.13
-515.046
-589.374
68.3008
-76.8422
-338.756
-1069.87
654.019
404.209
336.718
213.1
426.085
-414.62
981.435
-848.729
577.898
1103.51
-482.273
279.097
-642.838
195.756
-509.703
258.336
1179.59
412.228
601.288
-460.67
365.191
369.59
131.187
1257.25
1097.56
-12.5189
814.955
-44.5282
363.236
44.6009
-541.856
89.1291
-60.6944
-479.552
1285.26
-862.221
657.468
-20.7294
677.456
526.66
-744.564
-209.932
947.87
626.493
1055.03
1150.14
-581.971
644.471
-587.607
152.482
-654.155
518.689
-235.869
932.366
662.673
-52.1711
768.172
-49.6893
-319.804
337.669
423.358
-214.186
-110.091
-159.419
568.927
-1100.32
-568.62
-742.76
355.627
469.441
666.721
-1026.25
352.173
341.055
145.135
119.143
133.23
-253.316
770.218
463.038
199.517
-17.6105
-28.5427
-29.5643
-833.589
-651.395
-692.429
66.3267
438.144
-244.9
83.2338
-1255.26
37.4296
-101.507
-926.549
82.6339
-106.371
521.336
-562.738
244.929
773.818
605.561
1088.35
67.3057
27.4262
-769.804
839.338
57.738
457.356
-763.165
186.095
-29.9143
-1258.85
-606.471
-60.8457
-245.373
168.426
-748.907
515.787
-402.756
767.963
-289.104
467.359
-244.075
-184.639
278.355
145.666
-246.847
208.81
324.046
1408.58
667.18
80.9694
48.8533
285.039
-552.779
-713.019
-984.842
-232.812
-802.399
219.522
-313.757
-147.455
430.552
107.481
713.732
-235.872
25.5577
204.679
-755.733
-232.984
-1069.61
286.123
1141.8
-963.635
-746.908
1104.51
-634.915
1056.48
26.556
704.845
-183.795
548.907
-687.531
335.514
880.86
96.4475
-56.4906
1072.49
-42.033
305.461
-557.327
349.688
185.669
65.9261
403.476
1239.17
638.048
465.428
-63.2126
-67.5503
-124.685
-693.343
317.985
938.843
-1045.83
212.058
428.026
-114.626
728.47
1443.53
-369.662
-132.121
35.4234
-496.388
340.547
-339.966
450.108
-94.8727
-122.62
-412.474
-624.4
558.382
310.925
8.65499
571.594
1444.04
308.814
1404.24
-818.132
96.5348
-526.006
52.6763
180.324
757.872
-477.275
-200.074
-177.236
438.202
-154.463
-642.381
893.053
383.97
-611.003
-1063.96
-211.382
11.7249
-121.803
975.432
335.391
-658.53
-112.198
14.2589
-601.927
-389.89
555.111
135.664
-296.584
-1091.38
950.308
626.741
241.018
476.986
-849.694
-631.679
415.251
739.831
-317.42
685.518
800.222
-581.12
-310.872
95.4999
66.4086
1191.88
613.078
215.154
694.025
176.01
820.023
-1136.55
-586.01
2.65053
-153.375
-390.805
-454.681
459.772
-47.8182
753.773
516.93
685.341
-1.76404
-786.803
-136.608
-31.5421
568.879
-10.8533
457.266
143.717
-928.059
-315.71
-513.481
-225.537
110.675
-640.04
363.328
130.92
143.682
-12.2887
-29.5011
192.579
-577.776
1043.1
-352.79
119.078
-336.22
-427.808
267.777
-139.822
309.6
43.6125
597.237
-104.391
-131.807
773.782
386.108
-287.029
-371.208
-391.389
409.437
-347.303
-661.305
-680.046
-304.118
-126.913
-1222.63
364.297
717.078
1079.22
176.649
316.287
101.204
173.272
955.122
352.09
-827.707
419.703
-759.15
401.93
480.838
-99.5849
113.412
1442.22
308.92
-237.578
-681.811
-309.375
-1065.02
425.801
1204.04
963.984
715.402
-52.5606
1273.08
-356.937
786.812
-582.885
745.734
511.623
-95.7186
8.89993
83.0196
-84.7136
-784.988
-121.517
-962.745
-674.657
753.703
261.806
161.613
95.3458
-897.417
650.738
-125.891
90.5632
736.629
-365.801
597.412
-354.522
-809.507
-1030.34
-254.579
-52.448
-993.929
-810.154
-163.78
-328.452
149.286
196.562
228.11
-42.9641
-1005.02
-437.162
-328.368
272.273
552.218
514.9
878.416
-742.035
530.645
770.383
-376.942
214.982
1336.79
901.073
-278.728
-518.055
-80.5953
370.234
558.825
-584.401
507.57
-438.412
338.839
-246.701
662.866
578.438
-334.241
-169.45
342.823
107.595
384.952
-196.268
-561.312
-23.1645
528.195
675.122
-149.132
208.411
-646.29
806.722
96.8205
-11.9342
153.456
117.132
-309.117
-68.9915
-179.715
240.009
663.676
193.676
29.6654
824.083
-1304.63
153.074
-826.648
695.206
392.805
-1056.57
-251.323
-671.137
541.893
-661.941
680.595
-1060.02
188.324
-1041.69
222.703
-866.092
-624.17
-170.458
530.058
120.257
311.836
-809.975
234.827
-118.357
277.38
-481.823
-570.979
-566.789
-351.337
409.072
-87.775
860.918
648.165
300.518
-22.3499
-21.4
580.362
-161.82
-917.304
12.2481
-470.192
-788.321
-122.538
1034.55
-831.983
529.844
-806.914
-183.638
-1514.14
-587.134
-600.848
572.73
-536.462
3.8782
148.346
-1533.15
42.2316
-304.16
-345.517
1119.89
-497.473
-657.852
-747.677
65.6603
-348.06
20.6207
308.94
355.523
-632.669
333.624
580.102
-638.45
392.217
162.442
482.381
-570.962
-183.151
329.364
783.598
168.909
-191.303
-270.282
15.3759
-580.377
179.247
255.883
-478.415
-418.784
-792.83
48.5483
-401.113
1299.93
666.096
-383.437
465.439
772.272
773.387
31.6622
-623.439
549.164
535.811
-10.9354
173.198
269.488
-103.463
70.1318
213.079
-77.2511
777.796
571.346
745.309
166.184
-131.448
-10.9662
-418.21
-36.4039
305.878
-320.094
-199.252
322.869
353.56
530.314
147.108
-409.478
32.5437
35.1902
345.007
-472.073
-238.84
313.523
204.485
-778.395
-541.407
625.362
-604.412
-63.915
788.398
-405.075
1009.67
761.599
-924.347
255.758
860.09
214.87
271.372
877.379
-529.265
153.75
-513.898
210.017
771.824
-169.477
-431.373
-606.153
735.138
-262.336
456.184
-528.31
-36.8787
8.52323
-403.928
223.652
-305.305
367.183
491.626
871.984
240.932
575.336
-16.3071
696.334
-691.119
50.7734
-748.167
638.438
-253.725
950.507
-835.32
791.64
-362.008
144.041
699.115
-72.2047
1269.07
-461.705
788.802
418.97
266.155
193.559
-60.2755
396.531
59.8911
581.289
-407.619
757.304
-612.097
483.221
-245.587
-74.9975
449.093
-364.418
-168.074
-109.273
-165.395
-282.687
-384.823
-493.146
-383.551
291.317
1261.49
92.9736
-438.873
-155.312
80.9041
1165.79
-302.754
-973.977
305.767
-391.418
119.746
-45.4323
-627.963
495.378
-220.778
252.448
-113.759
883.023
887.053
-715.763
134.673
587.194
405.173
277.132
483.09
244.354
-112.319
742.724
-556.933
562.812
-1038.57
-5.43047
-27.9911
-227.558
646.573
-139.161
-683.7
-304.723
-1111.39
453.259
-579.102
460.776
143.742
436.414
-299.127
973.134
339.141
-178.264
459.843
-942.864
278.036
-359.635
-134.569
466.083
244.904
-112.368
-510.201
485.545
-363.464
-73.5175
1017.95
477.134
-439.384
-717.975
-794.224
-355.454
841.15
392.325
-172.791
-681.226
-576.464
861.696
-936.407
-993.648
-30.1519
478
-355.614
152.272
980.048
403.845
374.618
321.781
1266.34
-203.004
878.504
-737.266
796.636
-117.462
386.71
790.184
-286.426
386.797
219.613
-219.209
-1028.09
-179.902
713.115
-389.858
201.202
412.646
-12.1521
-11.5692
-802.51
1033.87
379.433
-206.317
-156.606
-293.938
-115.79
969.106
1126.07
375.776
330.061
377.839
804.676
-367.9
-238.045
154.876
10.143
-634.106
-509.697
-478.542
730.149
880.991
-837.158
-65.4707
-291.852
114.884
933.604
-663.013
0.631825
-490.86
-318.752
-320.258
407.919
17.7454
578.9
351.17
-379.517
-424.242
771.525
-232.103
-1197.47
-496.43
-144.65
295.111
-225.919
484.932
183.074
-716.805
589.431
976.678
771.013
425.554
343.993
483.599
12.0337
-948.397
82.2256
-480.946
-306.545
-253.958
-1206.56
-447.93
746.373
165.796
-214.138
624.75
-1.15596
-282.135
262.411
-245.042
179.563
570.64
-635.181
512.66
-58.7077
311.279
-151.345
337.276
-519.904
388.744
96.9226
-211.597
-971.039
-183.894
-799.785
386.702
1175.04
467.064
-740.044
277.89
-291.86
-1163.13
-377.171
-997.702
-344.337
-75.1695
-321.321
-1175.85
5.0137
136.074
-365.119
-1063.07
-916.308
654.702
-696.611
107.841
-532.138
-1180.49
530.857
-457.433
119.274
519.556
-549.119
398.325
-125.352
-291.633
970.381
18.0066
-619.883
122.774
-148.072
-350.355
-1013.19
-148.715
-446.194
408.332
-483.511
-48.0121
-1329.54
349.111
140.249
25.4783
-136.867
129.741
-301.192
-95.7503
-915.515
1062.4
-103.615
198.302
-490.194
-495.748
221.28
-394.468
757.079
-27.3648
25.5763
1036.98
-599.535
-242.215
-30.6054
882.929
-90.3656
-905.865
656.716
1116.29
119.083
-292.752
-538.755
-407.706
-337.623
345.985
-490.622
430.682
1046.68
1247.74
-29.8944
-6.5145
-97.2626
156.642
622.49
-494.574
-45.3556
836.203
172.016
-387.466
-505.998
28.8345
436.83
-243.59
-962.265
593.889
669.709
729.533
-384.616
-63.5482
-1268.36
225.31
-44.0751
-396.144
-354.726
-767.504
-512.596
543.834
5.62584
714.789
-660.216
-462.234
-296.026
-944.461
716.224
-805.798
286.639
-373.437
165.123
-148.485
251.881
253.246
48.3473
-45.5543
-173.141
-384.903
-89.9424
-195.045
-993.266
609.659
-416.501
57.9102
-454.957
602.419
-346.119
349.751
-721.276
-262.793
155.703
-673.474
185.874
252.232
-265.778
-1383.71
568.499
-461.877
185.813
475.182
152.999
-1355.12
-614.318
-364.154
428.415
-176.501
24.3646
1248.26
-103.129
124.943
-370.796
137.479
287.872
283.381
-87.7633
-790.911
-149.011
-258.7
-1250.26
808.939
-202.195
-151.673
258.389
53.6606
204.087
-1339.26
-211.52
440.209
491.754
145.059
256.02
-149.79
-66.8636
-360.217
157.151
-395.122
549.803
370.077
-1040.01
-775.292
91.3357
657.385
-150.243
618.941
-640.397
-779.33
686.495
-128.686
-407.864
134.114
-327.439
-1055.03
-89.1116
-1129.94
-578.585
-535.565
923.331
-78.8495
464.315
-2.51466
-120.626
665.17
-98.8054
1121.32
399.166
57.1671
-955.635
-381.04
698.686
224.5
-1040.27
182.644
94.193
-1003.97
959.251
57.7232
190.704
206.651
-610.264
227.564
628.69
99.1333
488.488
-8.73713
-52.9253
-173.349
426.977
485.678
285.978
-284.144
-660.401
-614.383
-79.1134
106.428
-97.6701
214.191
-1096.62
291.747
387.826
170.067
519.776
-168.576
95.4222
-528.221
-422.924
5.34754
881.198
-191.717
268.103
-90.7803
118.36
473.66
324.547
191.596
565.98
1446.8
19.4857
348.66
527.584
-691.926
-250.747
114.96
-780.019
-770.953
-194.259
37.1269
-317.138
-1284.2
-1093.22
32.9527
-302.183
-1148.48
-104.713
481.886
300.967
131.258
637.917
204.254
-261.797
-562.302
-280.788
-686.25
-172.264
561.441
-499.268
-1011.95
206.601
-326.68
1066.56
-429.541
742.242
1004.42
40.2922
16.3146
1273.5
-330.576
385.633
710.87
309.157
-981.877
-79.3168
22.7633
561.572
-454.529
-1389.14
-1006.8
-55.748
-253.661
-136.17
882.136
462.2
-629.771
-837.327
964.788
-36.4531
853.541
44.9003
152.558
795.15
1150.79
-52.8421
-471.919
551.938
-541.106
-375.258
-579.667
1015.84
-540.495
160.799
1162.28
-357.899
122.538
484.919
-654.016
525.023
679.125
-1016.75
325.496
633.678
351.669
-804.549
752.863
315.555
-404.302
-1004.52
236.876
-193.692
-54.4673
-45.9299
-357.22
311.584
-448.729
-430.99
-160.463
-242.823
203.176
265.623
-864.48
595.651
1373.48
8.6729
816.596
-371.398
128.645
-474.788
61.8682
916.696
135.155
-940.004
-576.244
-576.972
138.689
527.241
-810.819
-123.059
-567.066
-299.092
-371.676
-446.936
-742.621
-238.633
21.988
183.716
-358.545
-503.413
618.478
-594.427
-363.756
-450.347
-311.558
717.709
25.9213
-453.57
-135.842
1157.93
743.758
-1050.96
-362.138
674.676
-201.454
-69.6165
-78.5183
161.897
-201.505
280.805
-952.07
-289.299
-763.51
351.108
124.535
-429.975
-29.2289
-832.364
657.526
105.417
-668.553
920.929
-533.297
118.466
123.629
-48.6171
454.584
10.2543
319.408
330.842
-614.066
628.109
-1251.84
1215.21
56.953
-198.298
429.87
354.395
279.161
506.66
-220.464
239.415
268.394
-408.367
-305.57
-955.708
-458.357
496.499
355.178
-225.43
12.1181
-1413.62
-740.103
-605.803
623.191
-1197.54
-356.784
849.225
546.416
-539.4
-597.382
-452.786
-261.245
354.021
514.242
1205.27
-154.4
-1303.76
-535.926
-474.646
-526.081
560.123
679.846
-227.63
360.886
697.472
405.293
888.799
1129.19
333.202
169.956
-62.9798
-1295.46
-150.187
9.29863
-365.45
99.71
-72.5181
-676.68
212.62
-244.134
341.051
-678.909
801.873
-572.839
-381.265
931.502
1168.41
-221.378
647.634
-176.304
343.376
-420.219
164.566
528.436
-475.593
-1079.13
1032.3
195.911
918.382
-962.592
-449.917
1358.9
162.858
-214.822
-248.365
-186.049
276.952
783.208
-456.816
534.335
312.566
-1192.6
-497.336
296.389
-555.023
-1203.25
332.795
-1043.3
80.1866
-892.043
113.826
-212.064
453.276
313.864
415.74
5.99873
-825.55
-71.0836
660.994
281.458
171.513
-622.788
882.556
-175.501
512.342
12.8889
92.3446
-129.93
335.737
-438.115
764
108.297
760.053
975.326
53.3141
-57.5651
-652.286
338.233
-220.081
78.6403
614.075
358.036
-240.835
590.24
765.489
1047.26
-703.857
-35.3268
301.284
78.3653
1291.62
652.191
-240.733
913.082
-56.8377
50.2715
251.178
654.151
-583.544
458.485
698.475
-22.9908
953.052
844.088
863.74
-16.9888
-45.058
154.847
-100.804
-110.795
294.486
-1077.8
1196.02
23.3789
120.666
1384.57
467.373
163.884
-20.3782
-439.049
-222.037
43.6151
-483.957
-628.078
-480.755
962.083
279.206
-750.3
639.491
-49.7266
-444.051
779.438
238.62
-305.659
-248.052
-197.137
239.189
161.935
182.976
-102.927
248.036
517.895
-714.486
87.1272
282.356
-310.285
-582.197
59.7676
375.287
-460.688
-141.354
203.149
482.405
-585.795
-949.33
836.212
146.782
836.863
-545.382
-656.962
730.132
725.948
-802.129
-108.259
-130.267
206.492
-740.071
192.488
-144.971
-1130.71
-148.891
16.1048
943.253
-452.046
-393.373
1074.66
-198.624
620.904
355.032
-205.092
142.589
-410.248
241.142
1640.4
-11.8858
-545.363
-42.3087
-308.981
-417.611
-616.289
-125.013
-36.1279
441.065
-425.91
-480.881
-193.258
456.425
88.3365
-537.468
-355.102
807.353
-563.387
-188.016
-265.742
1060.16
-295.192
60.6531
53.9542
-200.285
-812.382
-1398.66
400.64
-273.534
390.53
1320.44
342.192
596.456
387.802
622.392
912.614
1013.39
425.928
889.526
-59.0428
33.4436
237.033
59.9827
49.6437
540.974
1.21999
-435.496
-167.594
1092
-52.6544
-200.101
-865.509
261.756
-325.387
587.566
113.544
71.0701
-474.572
-282.308
982.691
658
-355.465
-223.092
-556.685
384.859
171.773
-387.031
325.862
-223.645
617.483
207.079
-229.714
-211.366
397.711
14.0517
-1033.15
-222.045
-719.406
-801.601
-840.71
-458.455
-857.843
73.7063
-444.798
205.632
-396.967
-451.997
306.976
314.27
-571.843
111.4
102.241
1102.84
-1303.1
323.14
175.603
-649.065
266.865
691.862
570.775
890.717
585.544
907.764
537.43
-461.631
-119.396
-460.232
-371.777
-780.748
442.647
861.827
-112.82
-500.33
80.7261
-597.765
-556.296
-120.012
668.109
-170.887
-20.883
-429.113
-176.332
-209.673
54.5996
982.517
402.097
1116.01
1228.2
-291.911
-369.872
-144.842
450.67
234.241
184.52
81.0872
-388.773
979.556
171.496
-574.463
-431.185
-438.608
493.342
559.431
116.635
597.114
-263.432
214.807
39.3971
75.8623
-71.4411
-91.0025
-238.258
-305.364
-449.381
-257.481
-458.636
-1181.36
741.971
-60.0018
440.16
983.889
427.961
-561.099
-527.887
-60.6974
-474.925
-17.6184
247.348
-275.927
730.547
-646.657
69.2237
-886.443
-508.626
-224.244
-261.289
666.695
1470.94
-621.587
231.106
-606.179
-1100.42
-107.825
13.8914
472.931
191.636
428.755
-1320.33
-436.83
728.015
-578.865
-365.742
-343.218
-219.919
-736.758
281.064
625.954
555.721
-266.85
383.705
-351.673
-781.611
-224.637
200.737
-322.586
530.595
-157.775
918.327
-696.995
73.2305
271.974
308.347
1026.35
-159.263
-18.1552
149.228
-348.209
719.95
-27.9891
-590.151
577.629
191.584
-371.71
-372.962
486.813
425.011
575.988
-154.023
235.883
-296.964
142.457
609.224
632.548
-152.409
-178.73
-1169.6
-238.187
491.996
586.51
204.974
87.654
29.2793
858.956
-359.116
-609.964
-309.097
611.199
571.687
130.612
265.829
-1209.17
739.872
798.424
474.345
-410.79
1326.89
961.315
95.7177
-406.36
-317.58
-529.641
-412.869
-576.56
-47.9091
-175.704
557.056
15.1178
407.058
517.954
1355.84
-1006.59
-992.586
49.3203
-606.303
7.89439
657.138
-493.517
563.059
-779.945
-415.989
-149.803
-111.034
902.513
146.727
195.793
-24.5658
-835.068
-250.247
-39.994
694.655
-215.582
-1099.31
325.669
190.783
312.763
-600.449
123.489
342.667
30.8909
811.74
328.458
-765.683
991.622
-278.514
-918.843
-989.989
384.957
-477.777
1128.42
-740.218
116.943
-194.684
-175.89
95.2017
-456.28
88.3493
-658.29
388.275
-157.899
-363.644
493.613
213.129
-643.008
332.998
32.8105
-194.361
719.036
498.044
-545.747
5.2351
-73.4998
797.396
300.276
131.064
388.177
-277.14
-350.681
-717
296.837
752.601
449.604
428.209
-176.317
-84.0699
-208.211
361.938
133.746
760.74
603.145
598.437
1158.98
-563.533
-1.79525
1311.31
276.69
-135.223
-106.751
51.1677
798.91
919.831
172.206
-257.134
401.099
-696.41
501.946
-20.9277
-338.084
1202.73
1181.83
-444.185
44.2055
208.071
232.374
-451.545
-442.743
506.592
290.777
640.28
364.571
692.678
233.455
118.102
-528.53
241.674
-171.172
242.553
-483.427
613.979
-78.0647
-501.425
-72.484
-201.616
-582.619
-603.918
-197.982
291.162
-1111.02
488.43
517.372
420.786
579.443
865.886
-80.5877
-330.598
-432.473
-536.103
106.12
301.007
-117.805
161.786
-65.814
-686.065
-8.36792
539.144
-212.904
150.082
-94.8262
-74.4959
-351.329
-65.4691
-544.721
-141.829
-142.087
-519.205
131.855
-214.041
16.4014
600.894
-153.239
-101.767
-114.95
151.284
-404.583
-1123.14
692.476
330.986
-151.125
-182.815
-545.904
-327.107
297.008
-502.879
862.922
-726.553
-1430.38
530.714
-932.272
869.006
540.607
46.628
475.004
1136.56
-261.57
-1048.83
405.621
521.592
-488.25
148.234
340.056
-83.5735
437.009
-788.128
-279.798
-75.0479
252.486
106.436
527.932
18.2117
-1135.94
-454.119
-595.64
-349.306
-1090.86
369.815
1477.15
-342.369
480.13
4.35843
-521.975
89.6685
245.259
383.521
549.871
-901.696
812.422
-26.9197
-239.465
1170.22
-156.561
-463.312
619.388
908.451
-237.999
-1089.42
-218.053
772.203
-817.801
535.328
-912.921
-532.618
-358.712
-968.888
-488.57
-912.955
133.012
956.757
-995.124
413.037
156.364
297.488
426.693
-422
715.602
-415.284
600.159
-628.033
-640.462
930.929
263.435
470.834
-788.711
-117.671
372.404
483.613
322.876
-84.7773
-1098.38
-78.6259
-865.529
-1206.08
-161.396
-177.069
366.466
-548.993
272.472
748.81
1041.93
1299.39
596.942
492.495
210.975
340.493
998.017
133.734
647.083
-625.283
-39.5155
-922.235
233.632
13.7073
-499.479
-550.064
1.48275
243.205
-52.1117
91.199
454.682
-262.619
221.25
881.769
924.869
76.0142
1169.18
316.353
-126.197
-271.536
252.58
-703.148
54.6112
559.385
901.698
-1316.86
-288.494
-273.592
-368.994
-974.686
-32.9447
-854.903
-99.3941
1020.15
454.928
405.939
736.179
-561.031
485.337
150.392
-37.1594
753.878
-112.474
21.0167
802.834
-928.368
-269.214
-330.461
728.245
823.441
394.845
-312.601
-272.487
53.0263
562.876
420.449
-302.226
-125.651
-739.619
-90.6405
-223.943
-24.4861
645.335
-1221.02
-437.43
616.947
374.115
-245.023
827.18
-826.301
-28.2926
39.5366
858.095
379.53
-119.955
-215.193
61.9877
139.227
-210.254
749.519
-543.896
-85.6065
298.743
-119.923
-169.442
-79.8082
-463.133
-49.8319
767.544
738.52
-63.3446
-25.0328
734.132
-148.269
-1081.33
-284.842
833.222
834.775
69.6167
-72.8569
781.643
770.539
247.088
-540.125
-454.922
530.034
-392.414
28.2352
-972.273
-1457.84
499.4
455.687
476.762
503.439
-843.542
-446.33
277.527
-512.716
476.059
-113.479
151.568
-93.4345
-199.92
93.7835
7.97139
-389.48
-180.733
1080.83
659.307
888.215
-183.77
1197.17
-221.051
-14.8093
-91.6932
80.2002
430.06
427.891
-38.6614
316.907
-505.785
-558.491
789.904
-824.281
36.2201
12.7802
-108.16
53.0133
-610.588
57.0555
-368.859
-309.708
524.694
-1379.06
-686.134
-260.893
-68.5116
617.489
138.116
162.125
622.72
-34.3617
-229.084
-182.58
-138.266
-609.757
395.571
-76.7667
-154.216
-45.4836
-384.991
1348.36
-544.72
489.277
-219.465
-5.82951
-100.594
380.251
-356.288
-901.489
-148.336
-715.71
911.165
-758.897
-498.084
270.619
-522.374
-259.675
386.678
152.704
1361.33
2.982
130.196
820.016
184.888
-598.014
-899.086
-840.103
537.434
-357.015
-814.55
314.75
-179.125
87.7386
-23.7983
-1191.31
-721.502
378.678
11.1616
-420.568
965.768
407.546
-403.204
475.59
13.6831
869.458
128.627
-548.118
-54.5478
319.507
517.074
-1018.79
-749.927
-463.429
109.316
234.383
-543.554
131.279
-695.18
-4.26252
-414.245
768.413
-333.075
-24.6509
-385.335
60.6419
-138.736
-1286.17
-707.172
76.0037
-279.753
-116.389
5.31906
146.951
-442.724
201.821
-100.371
982.181
-160.535
-257.029
434.78
261.369
-262.083
309.875
386.03
340.022
-785.372
-380.587
-274.25
254.668
-275.357
411.536
630.169
1028
-525.929
159.71
-416.631
-154.4
-501.564
443.488
-922.017
-384.972
-390.697
-207.02
-240.927
94.4323
-588.235
792.723
-322.465
-1120.85
198.003
-570.144
-316.658
384.779
-322.19
-217.278
245.154
-1085.94
-768.084
-231.791
-134.821
-522.061
-327.396
-198.207
189.725
-633.705
213.648
-777.251
-389.547
-905.689
-55.7213
-566.822
-431.939
290.367
246.577
38.8818
-812.655
291.699
-1190.51
-447.857
398.615
-214.159
-333.247
393.138
277.1
712.8
-618.188
467.375
-165.377
998.826
-135.023
392.267
94.6924
-957.552
-573.35
74.093
-434.77
1023.55
697.759
855.113
-594.109
-213.836
82.5777
-229.835
-56.809
-577.086
-264.205
-370.249
-54.1262
31.9879
-5.20726
-890.71
87.4723
881.047
-546.058
-570.588
1174.76
-525.711
-265.748
1282.82
689.206
-467.755
-24.9767
-183.511
-236.785
-528.235
-148.415
31.6899
234.212
828.952
-575.571
1004.97
-355.287
232.385
23.1582
-36.0265
250.34
536.078
-340.218
-19.3306
-422.496
492.942
-541.982
730.279
-392.635
-554.183
-619.248
-822.474
209.267
-89.5437
444.523
-265.649
-248.377
299.473
874.606
380.885
-294.469
822.219
444.225
472.851
-173.633
69.564
384.489
276.176
580.165
-387.398
-369.232
279.24
-545.088
-97.2542
-61.6041
-374.871
856.907
682.159
214.847
993.954
272.12
649.999
-295.261
76.1797
571.772
-231.88
-489.595
559.709
388.052
-29.9
110.444
955.965
-672.59
97.9895
-734.966
-997.153
-855.867
7.59172
332.887
-442.176
4.21994
335.401
616.124
1404.1
402.188
-1126.91
870.962
-488.865
-496.278
500.999
-132.869
801.995
665.535
834.506
14.2858
1050.01
-778.014
122.903
662.757
383.062
-157.828
-695.782
189.742
-195.668
-599.367
55.5613
51.5859
-704.097
-649.881
-749.328
999.371
381.391
589.612
697.942
202.302
-98.9399
-316.611
625.195
569.602
-123.842
-599.497
639.032
786.859
-248.154
-287.567
602.467
304.627
421.838
471.059
-637.949
253.143
425.783
398.191
40.8351
22.2659
272.506
-373.226
-230.763
-1301.79
621.117
481.618
273.437
693.023
292.283
-528.228
-943.641
45.9269
-307.853
352.599
-988.379
620.272
-927.648
131.376
-634.644
-222.873
-327.916
-32.5166
315.758
-1471.89
178.938
461.69
-154.222
794.996
-798.683
-535.698
644.904
157.038
-961.117
689.986
-920.166
129.263
-622.904
-225.259
706.566
-584.42
-1097.28
-1155.91
15.7971
500.351
518.867
864.201
207.049
-943.067
527.647
-588.407
-350.009
-286.274
259.326
22.7272
151.171
-97.1227
870.324
157.678
926.513
-1.27969
590.408
-299.564
564.18
-592.562
1175.03
-10.3328
419.944
-79.634
-14.0887
282.355
-614.217
783.335
4.88634
162.474
644.344
-719.237
-74.0786
529.073
-364.161
683.788
-268.611
-1044.36
593.831
1275.29
-121.505
447
-98.0086
-184.683
359.938
272.569
-764.651
-525.594
-781.955
47.8907
356.82
502.63
177.005
-943.715
197.55
-104.118
-1227.25
-775.271
193.021
6.29058
139.088
97.9775
-370.253
347.365
-35.128
497.002
69.8082
104.845
394.152
1270.11
311.74
-151.191
45.9006
548.461
-393.022
409.006
-226.114
481.824
408.399
607.476
71.5349
-548.833
-464.782
508.998
332.045
-1096.16
291.197
-282.547
-182.122
-244.789
489.682
9.20829
332.811
-390.458
-172.676
-407.621
626.074
325
-692.591
-1071.38
-360.35
-22.721
153.502
-938.639
428.124
-1170.11
59.1382
-716.523
-308.414
-536.096
-393.103
-755.873
-51.4882
370.55
423.964
-226.771
186.858
-345.65
-837.019
729.819
-468.489
791.575
-242.337
-991.722
-1477.4
-503.236
-928.057
-236.039
-367.58
19.0459
337.454
490.597
307.986
-236.254
-340.749
-913.141
178.147
938.065
412.031
733.561
-34.2101
-705.342
55.0832
-462.066
96.2575
616.822
41.4428
-568.316
-623.075
-1002.85
1043.06
371.899
507.64
-1051.97
492.093
-392.666
-623.85
1027.84
128.64
-1038.85
-209.939
811.05
-355.324
-28.0578
-233.618
1114.39
264.321
1360.87
-176.786
-49.1014
-152.664
-359.922
-265.267
-507.861
-333.459
-794.887
1320.58
-65.8157
708.541
-704.206
-403.928
275.622
8.87435
-194.822
828.357
-411.915
81.136
182.06
-366.973
-254.141
-100.986
1011.75
-852.771
160.668
-705.75
399.025
684.595
529.596
63.2598
1286.15
-42.0317
903.827
301.142
422.256
-726.731
23.058
167.677
450.609
89.5406
138.028
940.563
152.544
-958.242
231.77
-433.66
237.654
461.044
519.923
-1245.75
-318.111
-40.1067
161.834
129.311
-960.99
-202.72
-144.018
310.82
1170.32
636.615
-590.488
-93.5835
-654.842
1186.2
-1186.41
-138.75
-294.172
-1023
-22.7249
140.622
-349.482
-907.286
-268.509
749.422
623.492
318.821
-501.852
223.539
-387.161
617.444
-374.894
656.483
-375.142
358.356
689.408
-1281.73
-471.191
-212.079
195.793
528.653
695.64
539.638
-155.111
-167.341
-616.841
903.857
218.07
-1181.17
-758.176
275.573
563.317
564.256
-776.212
497.181
-267.247
-1108.82
409.421
-256.948
722.785
-241.608
-24.7859
610.412
91.5751
-351.135
253.832
599.614
-296.972
660.982
-439.569
12.5337
-100.035
730.147
71.8888
678.412
-653.2
-304.33
-22.7461
-296.546
229.793
-741.931
-730.279
143.349
-749.795
92.9463
690.353
156.243
-214.055
154.612
-268.046
648.704
-6.44309
285.182
370.573
-715.115
-149.753
715.024
-606.594
40.4827
-1379.59
-296.741
-196.694
-491.1
-320.018
676.899
-651.367
-474.388
-89.5056
-577.925
-793.496
538.919
58.0176
-603.641
167.288
-1104.27
1200.4
453.698
-296.238
25.7182
612.134
-96.991
-50.0823
30.3362
889.734
413.904
36.6612
-490.418
-582.526
-650.294
706.603
332.965
3.26272
511.199
430.674
496.267
372.332
-783.748
-435.699
838.25
-330.255
-727.342
-186.629
447.737
168.916
1018.19
-729.51
-210.535
12.0829
569.476
683.072
453.893
881.66
-137.169
630.164
-509.285
-535.526
214.701
-132.714
-63.5252
394.298
41.4196
543.836
199.618
434.285
304.497
291.072
-931.937
-230.712
265.226
212.207
-789.394
-165.056
190.136
-212.01
-518.541
-1054.34
743.752
22.3639
-321.417
324.695
344.124
333.877
636.583
-76.6986
727.337
186.232
184.067
96.0169
-468.393
150.646
-1062.17
-260.114
-292.128
-236.696
539.981
310.485
115.955
103.999
315.389
869.142
-190.655
786.38
304.298
628.148
7.47747
-165.443
172.28
403.734
-116.82
-498.644
-210.444
-89.061
465.991
-5.98589
-346.547
34.6399
-871.312
80.7728
450.855
-78.6146
237.075
-1383.34
638.884
295.022
219.593
794.389
-183.783
-519.212
-400.197
357.277
46.2935
-640.902
894.728
-660.631
1012.5
-756.406
64.4101
735.217
-627.436
-463.905
-1198.42
-5.13687
216.846
-527.697
-141.237
-202.664
95.1984
-277.24
-213.104
534.07
-594.33
871.479
-836.38
-293.974
954.905
-302.831
-184.043
1175.36
-25.5679
-4.81448
-618.758
741.182
1013.96
95.0787
97.5631
-103.196
991.094
206.401
-82.7688
-900.308
-824.379
-955.944
243.886
15.7008
58.3228
1415.79
-456.449
-626.511
16.6001
-796.719
-1050.78
-267.117
307.433
-152.588
-1036.21
156.55
664.753
-959.092
1173.89
468.146
36.6283
954.792
723.213
-406.677
193.296
-543.24
-200.247
157.578
-74.4271
1074.84
491.18
-608.709
656.565
355.215
-265.077
234.472
-1109.51
651.481
648.418
917.963
782.635
200.523
148.517
-490.308
-236.741
942.195
169.671
553.804
1327.21
-550.953
455.202
-1422.1
509.574
305.322
-1108.93
1289.39
-829.603
689.972
101.31
16.989
-3.35745
312.488
-740.544
340.436
1125.38
250.366
327.702
-619.244
-0.146871
-351.091
-253.729
167.295
-231.346
266.509
284.357
284.34
-47.3923
25.3759
782.744
343.336
1012.89
337.441
482.506
-241.169
-269.776
1128.86
76.893
1175.02
-291.096
-211.107
-192.884
61.7879
-559.155
401.568
-109.838
-853.315
-989.884
512.146
-37.4549
564.939
-429.784
81.3989
-194.95
-643.346
191.643
-516.019
-1108.81
468.318
-381.1
129.219
708.29
578.281
-103.507
-287.753
-490.536
-904.863
614.324
431.611
-10.2479
555.646
447.38
148.564
412.579
-659.481
-230.241
-150.119
797.617
28.4087
203.39
435.656
152.728
531.942
267.559
-303.24
-324.202
1090.87
-672.336
-344.279
355.77
130.497
318.714
352.004
366.516
-422.088
395.576
-272.845
314.88
-232.325
-288.537
574.703
96.8241
1146.15
-657.637
-250.333
-757.12
941.205
-1115.58
-166.837
560.159
-544.528
-749.145
536.054
343.821
248.037
162.49
-539.781
575.78
571.528
1577.48
-438.15
612.077
-159.328
223.199
752.679
945.646
-1123.2
-247.852
-48.1853
-461.887
462.77
-36.5082
153.433
-156.828
-601.707
70.2596
-627.141
470.186
-1064.41
362.762
105.751
-1271.79
332.807
-101.853
450.186
1247.46
13.2001
-388.973
-773.351
-303.514
-228.413
-609.825
1048.9
-614.417
-781.524
751.5
-560.619
-598.31
-1070.01
-487.931
252.358
-113.879
-772.411
-847.033
42.9318
-80.8658
992.007
753.713
345.829
-321.745
195.763
-81.7984
439.867
562.462
-37.0875
1123.1
-117.088
474.154
657.026
659.277
-546.124
416.95
-1064.8
32.6131
397.803
-38.7563
406.135
-320.662
-306.76
-120.816
-691.805
814.225
420.153
351.068
130.971
158.203
-71.7911
339.75
22.9917
-647.405
-430.303
818.683
-641.833
666.785
-360.953
22.5518
231.949
-298.652
-214.412
1075.12
204.898
-434.753
46.6969
-534.39
-680.151
338.69
-986.084
-686.548
-79.9771
-417.958
174.821
-136.569
67.2701
-15.8105
-64.1458
345.585
282.197
-211.411
787.528
817.81
-246.455
92.9958
-162.548
157.719
-548.182
270.627
117.028
-548.338
-506.817
-1382.16
-169.934
422.569
-74.5177
124.084
441.129
-88.7806
320.428
-915.035
-511.232
206.595
425.618
28.1606
-576.988
-104.612
823.748
141.949
-928.207
230.116
-66.0267
118.047
-169.187
-141.76
-674.256
-108.203
963.182
-362.956
-241.41
160.891
20.2259
-62.009
553.558
-59.4741
-543.384
-150.79
-600.194
-768.066
-432.932
-582.591
548.547
-659.285
-304.799
-255.947
31.7679
530.636
323.568
425.698
-91.6455
-237.624
769.959
-355.988
-284.29
19.4207
165.314
-561.554
488.276
-634.181
-482.583
-205.55
-1069.22
-13.3228
-208.992
-249.354
-132.852
-673.538
-67.2698
-664.65
1002.43
-206.059
-148.216
655.043
310.73
471.33
386.913
604.941
549.809
169.619
1129.15
-116.63
-111.904
-623.007
-1041.85
-48.2962
-24.4758
-488.264
592.316
-238.633
-1001.91
-883.116
518.821
256.424
-933.817
544.757
809.31
-740.589
107.293
-530.613
-133.768
163.489
254.699
-333.573
-673.735
191.7
-54.0137
-166.467
327.964
304.366
596.304
298.397
231.623
52.3663
-460.857
781.552
-570.502
-161.378
743.323
-495.774
167.786
733.986
506.92
-146.228
535.155
-87.387
971.436
212.45
753.205
-515.243
-335.332
-106.394
159.121
-299.988
-400.577
167.737
-406.929
347.815
300.132
356.728
-20.1082
-217.167
-30.5985
359.546
817.6
1097.48
-175.77
-1375.46
336.793
-1003.92
-28.7786
-445.626
-282.269
476.213
606.053
-468.683
357.738
685.626
2.31473
968.13
-331.815
559.268
-281.159
519.169
-472.817
201.999
-804.498
-605.941
172.395
419.216
-788.702
-1109.84
43.7972
277.703
620.577
-185.43
-22.2613
-349.441
749.796
379.977
-102.284
-1560.14
-820.091
341.833
995.409
-177.995
348.437
1309.04
-199.79
-1058.44
-345.994
-1135.62
92.5241
-856.576
394.356
-1109.81
416.631
805.822
668.446
-564.9
-242.426
495.557
415.719
-53.8523
-100.768
1167.62
1014.9
371.261
373.849
1100.45
-577.674
-1618.35
-494.357
-528.282
229.348
121.476
182.985
612.918
-600.784
-296.653
102.678
227.207
86.8478
-520.797
850.382
922.897
599.838
-524.112
603.358
137.276
18.6141
-68.8298
843.997
457.481
1212.23
-453.696
-261.626
-407.219
605.667
-622.287
-341.701
-642.082
-321.134
470.95
-285.826
-117.536
-489.234
174.358
-188.147
842.959
-525.637
316.859
554.633
-37.0935
-590.373
800.683
-1184.65
-231.467
207.87
-68.5731
-438.303
-692.753
-692.571
727.211
415.486
-5.19187
-8.38944
-375.067
144.335
-951.769
169.175
-171.228
-210.67
-76.2107
381.509
836.709
-693.894
580.669
-997.485
325.311
261.223
422.292
494.984
-1074.89
351.171
44.0075
-995.706
532.341
539.453
984.78
801.814
24.9022
-145.078
-359.05
-73.3841
-51.2074
859.941
-738.455
-873.906
141.976
72.9657
65.5159
518.104
260.526
1120.05
-484.935
-808.082
-77.3922
-843.918
29.8296
-772.84
-158.5
684.559
515.513
-361.895
85.6737
517.364
867.437
-478.202
-673.71
-816.909
-1317.12
65.6736
-685.067
-556.492
-783.111
91.7105
-310.768
-248.122
655.05
107.52
159.396
-188.206
555.994
566.62
-1016.13
-659.257
941.613
175.824
-664.784
-203.438
-74.193
-245.979
-924.198
-239.289
-144.528
-439.724
-476.788
165.951
183.709
-387.776
-512.244
577.02
-216.805
136.223
-1236.43
51.545
-660.118
-383.312
-133.617
1300.96
-763.433
749.271
-1062.88
-232.806
281.535
29.0585
-1020.46
-240.005
-598.4
-245.426
141.406
403.693
160.961
-226.903
-929.21
-185.281
449.22
-71.3058
-252.754
223.854
1188.25
366.947
497.189
-163.816
796.65
217.874
24.0507
-363.575
288.772
74.2924
477.022
-558.816
122.377
674.095
506.538
-635.48
69.9725
194.654
-2.31476
225.826
-193.032
224.032
-162.187
-363.144
-1.71049
-678.468
490.224
20.7638
331.345
260.953
786.641
388.893
-914.053
206.618
-62.3534
-384.565
146.087
1144.54
-401.275
-227.497
-20.218
343.996
-183.305
-1169.45
35.2222
-513.961
-93.6719
512.591
-1020.31
-1306.52
-497.932
350.414
-999.471
241.121
-373.85
-548.735
-177.9
-390.589
368.995
1091.26
380.696
581.306
166.061
1087.29
825.073
596.306
-292.438
-66.415
962.927
490.09
765.904
-78.5169
-64.4805
74.4893
-1123.03
617.96
835.733
-187.187
20.571
895.57
-238.983
-429.444
-86.5676
-336.796
1044.68
341.071
283.304
1449.42
398.663
-326.532
-56.1567
-1251.32
96.5287
-827.916
-490.742
1177.45
-570.928
-277.187
476.893
414.58
-883.877
614.898
848.681
418.119
729.515
480.106
-876.478
191.082
442.477
175.541
-377.219
-539.078
-369.177
682.248
-769.403
-703.649
-252.118
-110.91
-305.102
431.337
-378.764
-1426.73
301.47
635.841
710.119
547.871
1089.72
-364
-561.972
-203.081
294.393
317.04
83.5688
340.017
719.508
-287.911
-1237.19
-854.742
577.156
-457.923
152.692
-332.169
286.24
409.079
-495.473
533.427
-598.298
-811.244
-108.152
-1446.07
25.3503
-12.6262
511.75
420.37
-336.602
102.17
-446.281
324.638
418.591
-419.337
-145.822
-290.148
315.168
934.502
-267.006
-160.793
543.318
-667.904
-927.756
147.412
-69.657
-1120.97
-142.047
1160.5
-1235.71
529.717
576.314
-1255.92
-493.373
-646.041
-184.267
-624.752
31.515
1207.89
213.21
1068.08
-297.419
-0.0990463
-1172.81
15.2266
95.3284
-261.403
131.23
-451.292
1094.31
419.673
-212.406
-136.589
312.678
832.972
-57.762
-234.864
-310.188
157.002
1062.09
128.919
303.842
-501.247
611.231
-730.779
-920.304
-216.597
1094.23
-186.861
64.2306
851.932
-12.5005
-27.0136
-551.242
318.295
-647.55
-69.8378
401.472
-645.869
-399.34
164.953
-144.853
170.02
-366.501
57.9817
-891.283
-621.484
554.108
1009.51
-565.475
-412.513
259.891
152.126
898.174
485.988
-472.154
-53.1781
-1170.03
397.268
-163.489
-937.697
674.013
-550.764
-976.83
-653.497
951.522
-64.4676
-571.106
-306.554
349.588
989.844
752.554
794.921
-1119.86
-599.756
922.445
419.884
1242.06
1058.11
-442.564
41.0152
-150.993
721.895
456.576
-414.078
-23.0947
710.569
-407.589
615.095
194.494
806.072
-244.429
-1029.7
156.242
-34.9024
1108.62
726.307
218.118
-550.696
-427.704
-844.573
-686.902
205.462
813.731
-897.596
665.052
-267.541
256.412
-809.926
1221.1
225.148
-305.294
-397.237
457.272
1008.57
-763.794
-377.405
1056.96
-428.617
473.74
-91.8506
650.558
203.153
-461.686
568.618
758.299
262.867
-584.573
-864.519
-982.105
525.629
161.023
-421.219
-250.074
-335.912
-735.447
-81.1506
-634.33
-537.947
-882.994
42.2354
-588.647
-387.128
-363.268
-586.64
252.804
237.317
341.395
-847.799
-552.81
966.491
544.893
410.146
354.755
919.88
-700.604
475.799
-827.722
-156.177
374.958
-326.168
659.453
-143.811
-1107.43
-171.685
809.855
-612.271
532.09
-1133.2
-212.275
380.574
366.052
36.5453
-140.37
402.272
-851.405
-144.779
28.3817
35.6407
-184.591
597.992
345.493
872.049
681.681
235.839
248.674
-236.057
440.533
-722.961
-1069.76
-163.562
-972.189
-1015.41
-230.432
-756.032
-449.054
204.25
-555.926
437.443
315.709
-90.1107
-55.1432
220.071
152.996
347.444
389.7
148.847
42.6661
-236.45
806.06
-761.031
23.8022
276.077
-778.488
-873.098
-602.382
674.889
-853.762
214.928
-724.933
-661.537
1208.44
406.837
715.418
314.18
-507.402
20.4942
200.039
-117.142
438.389
708.344
-1297.09
630.415
-86.3846
-1201.48
293.966
-230.767
432.42
231.715
479.058
988.412
76.0362
548.91
1022.93
66.859
578.16
432.32
172.767
-232.928
230.289
721.553
-700.382
-282.046
1099.58
-228.085
1008.6
871.024
-544.069
-555.5
-293.564
-219.893
-299.861
-802.746
-781.381
73.4381
567.585
152.588
171.172
-227.742
1019.79
166.64
-498.708
-788.946
256.435
151.681
156.308
-1005.56
-861.95
1232.93
-333.167
398.372
-78.6131
-56.2331
505.293
-564.165
-626.419
-174.638
-263.647
-168.276
-151.436
-90.1915
361.055
238.483
-316.519
698.712
111.328
530.718
287.742
-1074.33
631.238
487.408
-611.599
163.536
457.668
-262.867
-359.85
599.947
107.389
-148.075
374.769
-352.616
424.474
154.016
150.036
324.498
58.2245
154.654
-677.851
-129.74
979.038
318.497
-24.4942
-741.131
543.236
298.151
575.116
-144.049
-451.165
-1408.7
-203.105
37.934
-429.881
143.294
446.908
1036.16
-850.048
496.544
263.393
-463.113
-151.592
-726.125
-353.87
-229.573
383.505
105.175
202.36
702.322
339.824
-17.4076
522.003
30.6726
561.306
-857.856
90.3371
526.576
-215.458
118.839
-375.69
112.685
-54.5823
-36.6323
621.23
551.223
917.715
350.511
-495.037
798.4
-1047.7
-601.151
298.208
683.539
149.876
-66.7477
1012.98
-1219.43
222.006
968.681
-551.276
-1253.4
-138.669
255.341
-88.8484
424.612
1023.56
59.5795
-899.596
-604.173
1125.83
670.543
-562.965
-208.745
-161.185
777.796
311.762
-729.87
-241.12
323.207
341.639
966.532
-488.96
449.839
-165.453
54.897
-337.273
422.009
943.708
175.916
398.847
-348.915
-486.941
-814.716
502.073
-122.652
417.87
-207.438
-463.973
-874.851
62.2539
-1268
401.031
179.857
-325.554
-483.816
561.587
-444.362
18.9933
-388.089
-38.0606
406.104
-801.85
-216.869
-572.023
-962.24
-11.2159
-784.335
204.592
-69.7616
-420.749
711.192
828.502
-112.798
253.651
496.208
-649.135
399.179
711.843
-761.741
1223.17
1024.8
-209.315
350.677
781.896
659.035
-931.431
885.48
306.468
-140.637
-302.119
402.894
313.099
244.879
-62.8289
-596.115
-443.052
-8.89207
609.679
143.757
-396.623
-1035.11
97.9088
-197.802
798.313
-631.629
148.643
122.389
90.6775
166.812
1192.06
-161.457
-911.232
-607.94
-312.67
-1408.47
469.742
-507.269
428.897
-95.9179
367.94
1388.46
-423.286
-158.016
-504.683
-333.759
-157.836
211.057
362.74
198.842
-108.026
202.95
-486.239
440.988
1180.34
-462.656
7.22625
-107.874
-339.659
-606.925
-870.203
1018.3
-507.567
-70.1662
677.443
930.727
510.444
-452.976
966.074
252.505
483.284
-670.654
462.325
186.076
-396.321
-504.524
-0.837891
-266.784
832.796
1.59014
492.909
103.054
179.402
1332.97
85.3191
65.8862
856.495
417.425
910.327
-897.714
-79.7584
-561.681
438.143
313.437
-140.909
89.1632
304.536
12.1147
-160.779
1067.3
-114.931
-757.499
474.67
-36.6138
-43.7852
48.1814
-398.279
517.556
475.98
-474.984
-1026.72
305.007
721.975
275.227
399.219
-78.58
1374.02
-69.4362
-375.511
572.736
-770.975
1210.99
492.808
-113.77
-671.866
460.369
268.41
577.051
-1335.36
-541.146
791.764
103.946
0.0429797
791.851
1107.72
-110.346
-559.788
707.081
-632.047
-732.851
-222.323
365.625
510.663
-438.717
112.081
-259.981
269.551
-1016.95
106.401
351.35
-111.447
-516.158
645.608
832.044
869.511
1260.75
-239.969
385.964
-308.233
-792.022
586.454
-801.586
559.517
-8.40098
149.655
-873.786
287.378
667.297
904.954
-264.632
-600.605
-866.535
-593.553
1076.74
-855.504
-1030.36
-748.234
58.2083
-587.452
151.649
-843.246
-457.746
-356.921
-308.263
152.127
144.213
-231.597
-380.969
676.797
98.5278
-720.343
876.031
-70.5763
-424.787
106.031
-1085.57
95.7954
657.577
-380.78
536.255
-369.243
120.249
377.894
573.173
1424.24
-298.112
-277.288
-501.77
994.371
134.449
-1169.02
-566.596
-50.465
-388.843
357.618
-822.069
-43.7627
93.3137
-367.724
10.5679
241.078
-611.346
585.4
576.43
-25.4141
379.036
-399.236
463.416
-652.29
608.509
-476.392
-518.209
-500.846
-170.17
-15.9829
380.463
-771.457
474.869
-760.136
-277.532
469.197
949.873
-405.873
-614.581
-688.717
-527.051
-972.155
9.52674
-962.545
-440.686
774.902
565.28
994.3
-1571.84
-27.7535
-384.441
-480.66
404.541
-21.1783
152.207
867.185
-110.916
397.552
-1024.4
-144.503
-507.574
312.697
271.986
497.141
-841.016
-270.287
21.6158
470.317
-705.874
-6.61171
472.235
-295.95
271.443
165.066
701.795
481.777
304.769
23.4753
220.655
-621.57
897.641
-211.955
712.249
-365.083
-641.594
-733.736
641.678
-71.4251
-871.549
-4.12189
-1171.96
1101.72
510.135
550.569
-344.453
186.114
-737.178
220.047
-463.579
217.636
34.1775
83.3321
526.976
63.2912
1206.84
-44.5085
-21.9058
754.671
181.073
-569.286
-674.781
-1002.61
-37.7695
-529.936
-1017.23
266.292
50.0983
-170.556
323.217
730.292
399.091
-505.695
1097.94
-659.352
-744.439
213.33
205.173
346.639
2.6194
327.417
-261.673
-414.649
-612.289
-848.988
-533.822
995.845
-1041.68
-258.058
192.954
-1069.49
451.553
90.1474
111.77
133.588
-595.078
-386.438
-458.982
141.642
799.058
59.0485
-663.403
223.72
1201.98
303.529
476.895
-593.563
-177.301
298.884
-665.649
67.4404
-236.18
78.4105
417.691
-604.041
-149.687
-1156.59
381.275
-397.842
519.57
1199.08
-10.9777
-402.803
-350.548
970.443
-806.32
-617.447
244.373
-623.664
-766.627
764.353
1253.84
650.779
-808.302
-699.211
271.837
-577.506
-198.544
132.647
-26.3619
337.036
-828.629
141.148
-866.575
71.981
214.251
310.464
-556.269
76.1428
1187.95
-775.255
-475.296
902.755
-344.193
414.718
914.216
118.838
-96.9026
335.305
534.124
-68.616
145.66
-688.198
-201.854
-531.47
273.397
589.649
-137.771
-815.759
862.074
-526.186
664.168
370.172
298.405
-1436.55
555.566
982.592
-312.615
718.601
-108.836
-838.34
-708.421
-249.325
515.373
170.419
-171.758
766.376
497.295
1020.24
254.173
174.413
212.248
-330.062
1180.21
1292.43
57.4933
-74.5175
80.4531
702.224
-158.079
257.809
-47.9313
-393.505
399.09
809.659
412.202
-713.128
321.335
1097.65
-341.943
819.193
-314.865
657.239
-647.074
30.5426
-261.1
445.986
-52.7297
-312.527
-144.245
-69.8802
201.24
-901.58
-652.264
-331.729
-331.613
-1104.88
327.117
-378.766
40.7432
509.472
-556.177
642.943
-833.476
49.0179
-661.392
-173.434
-0.900158
-499.325
211.243
47.0703
-210.225
56.0938
-969.761
-134.825
325.789
-39.703
57.5474
105.268
517.968
-193.544
682.616
-608.158
129.395
625.072
-94.3821
-420.883
390.334
-119.164
315.872
797.768
17.7299
584.443
337.484
742.136
530.058
-297.299
-291.768
-453.658
20.8803
-416.798
-583.673
26.1202
36.9478
-554.923
-263.775
-304.054
-729.488
936.647
459.456
671.088
297.531
-513.398
941.195
-375.42
-1263.25
-335.453
-55.6338
26.9347
-466.161
636.87
-234.203
-666.178
1002.68
-1621.55
866.172
-1048.45
-54.6711
-422.075
-390.714
-234.193
-414.733
243.651
194.415
-651.227
-155.809
-428.931
-1162.2
231.914
-39.8242
514.761
-227.572
327.675
162.927
-742.37
-58.5742
-170.05
-444.139
-700.364
-632.566
-94.127
184.274
-446.715
-222.925
-287.117
302.788
-355.124
166.385
1043.02
-214.046
510.88
283.922
-208.237
406.015
755.266
-860.788
-241.711
-931.04
720.168
796.436
-7.01368
43.1588
781.824
505.471
411.89
995.681
472.001
185.199
161.998
428.931
-93.1902
343.079
391.11
-1415.28
-27.1978
712.305
225.184
367.748
557.759
119.914
-213.068
87.6346
-1121.96
640.897
-45.0947
-509.662
69.8122
-755.989
-1077.12
-377.26
213.165
549.261
-51.8661
-798.891
174.398
-670.736
490.85
67.1947
135.977
-508.823
-650.861
449.898
-556.482
16.5583
-946.734
714.378
1414.3
307.378
375.095
-735.895
-474.503
-413.144
1302.87
-407.727
-201.07
81.6168
240.367
-1030.92
800.031
-808.588
571.514
700.557
-469.288
223.812
7.30736
-13.2313
-201.423
-104.426
218.637
56.5971
81.1769
3.33918
-243.124
162.873
-709.807
-691.361
-919.76
117.302
-249.551
426.856
-49.2814
124.679
-523.831
327.439
-104.562
100.465
-549.995
-277.419
483.264
-316.948
534.886
172.675
94.7899
-262.952
179.154
516.237
-337.74
66.1279
-370.416
-1255.53
-957.237
400.233
-131.243
121.644
666.804
739.819
702.452
-85.8919
-568.88
-280.328
-926.33
-631.522
943.275
88.7213
550.475
865.974
1117.35
309.206
1070.96
108.498
-60.0967
581.042
-30.7204
191.173
-954.657
431.901
-957.914
722.159
265.616
397.349
788.42
-850.44
-53.6741
-45.7457
-661.297
-1032.97
-962.928
-58.3888
396.307
-193.936
-404.954
492.131
637.651
649.509
445.75
-69.2681
-863.417
427.767
-420.904
-234.908
-514.972
96.9255
-278.621
-262.318
583.022
-561.838
208.565
352.49
84.9187
-160.907
-269.159
232.689
-394.594
1447.73
-24.6377
-472.262
-296.728
-348.621
422.335
-38.7243
213.507
-325.424
912.139
440.545
-279.198
-776.294
72.698
-1044.27
494.106
-270.1
991.309
515.979
274.502
776.281
-43.0775
-346.65
346.89
-328.515
15.0055
488.814
79.1418
-877.432
-927.855
-9.84258
508.581
356.003
357.146
678.269
-138.097
194.036
-359.381
712.317
308.329
-178.831
847.699
-798.751
155.861
575.881
-968.361
782.595
-183.964
936.876
981.104
-443.641
-280.089
-1283.71
-229.803
-301.108
-907.893
-106.751
-972.937
1079.02
-801.83
93.3704
615.413
-727.4
-36.4534
-148.075
-376.531
854.247
-471.997
-829.445
-407.802
-311.064
98.4333
-491.882
-1148.38
-337.41
136.725
-908.986
305.569
-55.7563
340.173
-368.083
-1105.05
-871.338
-151.11
-768.756
-275.302
23.9786
-324.732
317.271
637.638
-213.93
374.235
-187.124
476.665
991.685
-129.528
-120.997
-275.312
169.818
983.113
105.975
-823.478
681.04
-603.519
782.424
49.1402
296.123
100.377
592.746
501.658
-3.69569
-171.871
-191.725
272.423
-619.081
673.702
94.0033
923.208
-1006.68
157.679
851.068
-344.392
621.088
-380.291
-313.797
913.754
-621.811
179.752
460.274
100.185
-319.907
-356.02
-942.543
-299.903
-183.934
238.237
-254.446
-834.881
685.56
-54.989
239.674
424.034
30.6194
-243.64
-471.557
93.0171
-1100.89
-178.691
-328.777
-800.339
705.353
1196.15
323.819
-636.904
-640.7
-356.94
405.431
-1166.93
700.478
-662.645
-435.774
163.368
-130.709
729.293
359.637
-215.353
-492.634
652.025
-119.489
1408.83
412.57
-275.252
13.4726
401.153
-165.138
-12.3697
572.426
-65.5332
-496.907
-268.022
128.381
20.0639
338.321
325.382
-247.057
-38.8517
-48.2961
-955.362
-273.242
14.1162
-789.158
29.082
42.6694
209.546
406.398
-334.158
-165.347
680.499
1027.64
-370.989
603.917
-594.176
-388.307
-824.734
-13.7396
371.805
265.724
971.604
-427.162
35.8942
755.714
260.048
53.8336
116.681
-953.566
-401.284
355.421
395.884
33.9475
-39.7191
-328.982
476.796
671.154
-254.243
-256.722
101.256
-435.944
-260.502
-416.638
-446.253
-779.061
140.703
-45.5254
-350.979
1428.01
-116.119
254.452
364.181
786.715
472.037
264.582
510.29
-60.6897
120.774
-34.4296
-465.279
-439.549
1252.59
-236.981
42.9685
-730.708
583.347
1275.8
334.26
-270.26
897.721
-268.538
-773.498
-774.437
-994.895
320.659
-127.763
992.569
-224.173
1118.27
589.146
-242.379
-915.344
540.66
863.165
-647.049
-674.435
625.196
-274.065
244.968
621.713
284.18
807.691
-688.876
386.507
-407.713
-623.485
356.992
617.779
176.77
888.929
1146.5
1041.73
635.85
149.18
101.528
-1307.04
-14.398
784.34
37.1416
280.354
-83.1212
210.467
-815.635
-179.039
332.855
-394.606
-342.833
-17.7914
304.407
513.491
1253.37
95.0948
151.519
-301.118
447.95
-7.87593
739.725
272.473
-1134.72
35.5803
-506.621
69.2702
-354.436
161.912
-52.2308
386.706
-544.355
756.352
35.5488
-756.126
-337.3
-215.425
-261.081
27.0695
-334.539
-674.727
-219.847
191.664
-24.9934
-998.319
-50.3195
-763.544
27.2111
908.925
331.573
209.851
130.317
200.398
-17.8298
-218.52
-532.274
-95.0399
-141.824
1161.88
-21.3418
180.789
-963.111
-301.501
-420.957
635.302
-637.379
871.254
-1328.6
-1131.04
-6.28702
185.754
-291.9
238.518
905.81
241.296
67.7449
-810.828
-646.768
388.264
-630.637
696.661
301.771
-1055.7
-163.954
667.693
-1204.2
-346.896
15.0163
456.972
-308.817
216.793
662.199
-122.834
-790.87
347.486
350.537
259.04
-144.386
-407.428
467.441
-408.438
-172.992
12.1194
-1002.07
614.321
129.392
321.063
945.044
-574.93
-265.431
193.812
897.331
-566.331
-27.6442
903.204
-323.453
206.72
-257.293
-448.541
571.579
-329.86
-1108.48
-1271.84
-606.81
522.976
-1133.98
248.996
226.513
-598.466
-173.65
587.93
-312.872
1031.7
15.8427
675.079
633.885
583.841
-148.171
-608.499
421.728
-809.969
-612.67
-429.588
222.534
745.127
646.988
-174.94
-689.835
587.364
-355.697
-711.464
183.568
521.126
-125.451
-298.463
78.7139
-1239.87
477.231
-71.1638
-1134.16
1192.67
733.531
-97.4528
-562.472
-639.33
-1011.38
293.392
295.895
-956.455
34.2974
397.554
565.388
475.885
257.022
361.9
-42.8657
80.9404
-288.311
821.607
671.569
626.918
704.72
-5.6006
-465.22
-8.13737
920.747
-42.5187
-65.5267
14.0056
306.751
1012.96
75.0604
-195.317
83.1861
1150.75
151.111
-820.363
673.87
445.006
-647.618
-599.084
-686.975
-454.336
-1012.65
-671.963
-1063.07
869.59
205.652
-791.92
-66.2283
-331.902
-99.9048
-652.967
-643.027
322.552
292.42
-527.753
-38.6017
379.437
-478.648
428.169
-153.311
432.587
-117.398
-496.82
419.975
988.733
367.566
-1264.93
300.077
744.205
-215.474
-482.212
311.44
-239.309
-661.789
232.628
-80.6397
-2.18664
-363.697
-168.492
345.447
-73.4272
518.92
-17.2035
-339.956
675.644
244.775
-820.385
-224.056
387.214
-318.709
-721.401
-143.642
315.108
243.64
254.144
-891.512
-265.297
476.529
-546.672
-750.108
-28.716
783.89
-85.7559
600.677
275.22
-24.6701
438.163
928.964
331.689
568.107
677.966
-60.5005
-1016.55
-962.136
272.838
570.331
282.737
292.734
479.099
-412.143
543.156
867.69
-221.92
1101.42
185.95
14.3071
576.692
-132.04
349.625
372.621
-457.854
199.907
-713.919
116.134
-62.8691
625.507
352.671
258.612
348.239
1176.1
-102.234
579.62
12.9591
-677.275
280.629
-1135.85
416.6
548.246
887.514
-599.918
-97.4715
86.7494
-120.523
288.825
-530.472
-331.929
173.266
-820.552
-954.961
-478.851
-464.179
-1390.1
-309.861
156.976
69.796
1289.16
-1326.53
-362.954
-234.717
284.711
-582.841
159.858
177.123
-558.314
-415.141
193.696
-492.905
433.027
739.299
-759.572
-573.404
851.079
-313.376
-341.269
212.084
191.167
502.49
688.499
-223.204
643.911
683.835
831.405
887.494
40.2814
-283.276
-351.245
-57.6089
-916.379
1358.25
133.735
-714.779
275.556
542.999
1344.68
175.234
-232.797
-125.477
-10.6861
795.532
-597.705
-149.864
69.5764
-19.5329
555.172
-674.509
1507.61
46.833
159.027
654.862
-626.121
1025.28
-485.589
-1057.07
-403.143
-164.9
505.177
-24.7757
-832.448
265.601
-515.514
-462.019
366.203
-210.673
550.377
1364.39
184.32
784.592
247.259
217.889
-119.674
280.531
-234.752
-131.945
433.956
434.053
-55.1692
1163.63
665.021
-685.527
269.864
-749.232
369.143
570.51
-164.963
225.95
-1037.69
-175.764
15.886
-453.792
1216.74
517.313
-553.303
1253.43
0.307753
142.325
76.4349
-748.959
-1035.49
-420.922
311.381
114.277
-431.982
459.086
-724.843
555.722
-624.259
264.08
364.491
152.739
-57.2975
-72.7911
269.094
354.676
235.53
25.1452
1052.44
194.757
-442.907
624.763
-658.335
-930.481
-712.914
303.609
-94.2099
125.265
-860.495
-55.3184
1179.18
-90.1503
-561.238
-1109.99
702.289
-233.183
412.18
99.8115
-916.178
265.001
-79.1234
704.175
302.886
930.513
-346.414
-828.31
599.96
-848.835
-370.791
-699.379
-114.31
339.651
507.458
-714.699
775.419
631.109
396.686
-750.927
93.9934
466.483
511.271
337.209
-97.6983
-217.282
-745.105
1225.6
-189.303
38.949
52.655
585.855
-552.902
1238.79
515.006
-306.297
-297.092
-281.932
289.357
444.757
58.7714
-28.2719
-400.486
-590.132
332.619
293.607
444.548
1023.56
411.696
-571.153
960.388
564.93
128.136
161.969
130.37
280.061
233.741
36.7491
-1037.04
-450.619
156.576
-428.437
-585.025
-484.04
-438.029
51.6635
-338.844
555.919
-333.312
-147.154
-476.494
-13.7156
-333.939
444.519
-74.7582
58.5137
-903.242
108.71
374.034
510.704
-850.658
-47.1799
382.452
103.321
-13.904
-632.647
275.966
-751.544
260.684
1.50018
37.0477
25.7332
-1005.18
-284.642
-394.821
-1067.64
-350.935
-788.75
-696.113
-644.257
-455.049
-223.078
83.7676
-8.90877
92.7248
-826.714
256.717
1140.09
630.233
489.171
758.631
6.67233
231.882
-292.193
-356.747
206.158
345.56
-193.878
114.061
-268.152
610.897
-261.088
-295.028
184.756
239.43
34.6204
1007.12
-228.755
612.006
-738.055
728.21
-128.234
-488.483
-412.689
-191.773
475.063
-163.639
-472.202
968.067
-481.422
-228.049
80.8933
351.072
53.2654
545.254
31.9049
47.0109
725.43
-83.1467
1077.03
480.029
746.218
-297.713
-466.396
286.617
-14.3224
-434.775
905.789
-120.033
981.035
308.487
-692.628
100.848
-2.31488
847.486
1060.38
-286.519
154.354
439.166
1307.03
-755.158
324.479
-587.463
649.171
-834.026
-240.794
-882.172
-181.881
-41.4599
392.102
-663.699
-163.841
330.14
-94.1069
-163.602
552.779
-818.076
854.157
-170.689
287.88
64.5428
1036.63
-775.477
-611.864
421.421
438.206
-463.057
520.056
-1062.5
414.582
541.125
76.5001
549.433
-561.438
115.237
-826.661
520.987
174.811
-426.183
-654.478
546.689
663.5
-262.687
-161.241
183.494
531.38
661.644
-414.693
-930.348
-171.936
-164.437
65.1201
-359.064
-250.067
-502.713
-469.206
-572.975
473.616
-95.9862
-194.665
-907.989
39.4625
140.274
-222.718
-720.032
-296.404
550.663
-69.575
-273.337
324.619
-371.915
-297.178
630.172
283.833
-108.764
300.193
211.126
-945.492
440.019
174.922
682.918
-13.7113
-1212.65
-39.6483
-4.55606
-160.935
190.007
-605.581
657.595
-67.5519
935.008
-916.951
-453.098
-538.664
994.764
-259.11
353.612
-1287.55
-1065.49
187.665
-342.53
144.336
-569.783
873.912
-164.606
-643.356
537.029
-522.592
166.854
365.276
-188.406
-1.25756
303.335
90.6565
515.661
327.437
251.617
-505.917
0.525839
-327.896
-556.057
70.7049
-625.46
-667.193
-573.917
-302.209
-30.1871
-1127.47
801.354
-257.387
-689.7
5.10101
-367.16
517.957
-864.716
-321.53
-130.388
653.416
-1185.43
466.739
610.987
-613.847
-1041.69
-744.423
482.205
-85.3466
1016.63
121.709
-549.544
-111.043
423.966
-183.358
-272.702
691.361
-302.214
-445.256
594.902
418.812
317.999
-843.813
525.019
900.61
-17.5028
677.012
1478.77
288.183
-499.723
118.663
1243.61
534.616
699.095
784.894
275.239
-36.3848
377.437
-551.26
645.174
-136.407
-523.682
-122.731
-539.154
-313.148
-846.147
-842.591
-207.035
238.567
254.657
-411.575
620.371
931.77
332.661
182.488
179.447
-385.167
-133.348
-812.225
142.233
-241.283
546.435
632.912
342.171
378.216
604.995
-442.742
-339.081
289.94
-248.191
-417.725
340.022
210.44
-715.794
176.85
221.128
-650.134
673.417
758.406
370.244
-261.59
-338.44
-315.26
21.8306
-903.138
-106.267
4.38419
111.075
1186.07
1518.04
494.64
617.657
-499.944
780.325
-770.851
-518.82
-272.024
-1408.81
42.9018
-0.204936
36.184
89.1171
795.9
-830.549
-555.378
-357.056
227.665
123.815
29.1992
-377.726
342.907
794.572
-169.873
-892.145
1000.13
51.6355
43.1884
-343.218
-1089.65
-166.66
797.277
308.402
-139.714
1001.28
-1052.07
138.45
-394.669
398.635
-624.587
581.536
492.134
662.036
-1036.58
56.8041
-257.618
50.6116
-412.72
-550.18
-1246.93
283.04
-984.828
157.917
8.6441
-618.72
-962.207
-918.684
-48.1878
-434.207
-191.39
54.5804
329.898
-40.4485
-287.333
-101.73
-402.986
-84.1047
108.751
185.155
6.06557
-1.42069
100.54
881.505
424.765
-247.219
95.2083
259.192
-725.947
-281.722
-735.348
1179.23
-221.411
-1051.06
-424.946
-1080.04
644.254
-952.645
-305.797
-538.767
-1063.35
-273.996
-731.916
120.294
292.767
447.228
-836.537
-589.624
-628.888
866.405
218.784
1088.67
-725.09
-570.043
549.439
241.352
-501.813
-1184.35
847.474
1.20628
120.796
-672.778
325.865
-464.854
688.298
329.334
-253.969
101.989
-119.223
266.348
151.022
-664.498
80.2352
-431.986
725.992
633.338
545.284
-38.7535
814.131
467.282
-190.187
168.58
569.307
-82.0062
-1573.68
255.308
-255.779
623.204
117.773
-134.323
-1292.62
1292.1
55.8944
-131.977
-298.592
-864.48
469.501
908.228
744.236
1199.53
-182.327
-277.462
-747.528
-686.404
-251.562
1259.24
-83.5753
-550.374
1392.96
-351.659
347.516
-83.593
578.343
-939.067
19.419
-20.13
-488.711
-67.9259
-346.772
230.491
-908.37
202.96
-478.29
-1120.93
796.177
-463.162
407.957
-355.196
-632.513
-323.947
280.961
-620.649
958.426
1008.55
0.763482
95.8782
456.24
-376.829
-407.911
313.401
-81.2946
-968.576
722.504
-670.915
-633.986
-1333.52
-777.537
154.999
200.306
517.456
216.428
102.673
-293.469
232.532
218.773
943.324
75.5912
-177.268
424.737
-803.459
-186.036
13.0496
-137.701
-99.4933
-34.5477
-453.511
492.509
433.751
438.407
-864.372
-689.177
-1036.5
-10.2045
550.821
-394.578
568.574
-369.637
-188.314
-127.158
904.223
-245.986
554.324
306.759
1326.77
-61.3285
-37.3646
854.121
-424.259
488.172
320.154
41.6826
498.406
214.246
419.882
-1154.47
997.938
-233.171
-215.117
372.823
68.7071
286.237
-639.391
1074.48
413.277
726.392
268.226
828.398
567.346
1371.25
-797.613
-18.0741
-103.818
-338.981
-832.837
-27.0502
-413.838
-380.511
-308.441
8.13283
-212.707
186.357
-284.988
-114.595
-191.171
170.528
-139.425
-175.827
-325.962
105.284
463.837
-40.1205
4.73151
355.61
214.777
-656.426
-261.036
-148.676
-327.253
-738.684
-45.2507
882.969
-1.76529
464.841
-523.651
345.568
23.8427
-561.328
375.487
1089.95
-369.908
-1283.79
671.393
222.291
-175.711
-877.975
111.298
-1165.95
-572.916
383.904
217.365
-700.735
318.483
184.59
-268.715
303.56
-85.9121
-978.419
76.7823
347.76
301.759
118.26
-196.93
