1155.17
23.868
-925.144
-86.7398
-667.829
361.309
288.52
532.707
-624.485
-967.144
83.5089
-121.016
-126.089
-680.348
1.05727
-83.2631
118.173
167.706
-181.431
-809.147
-156.481
-738.071
491.471
82.9807
434.577
346.475
-883.093
-1078.28
-467.351
-306.229
-662.726
-958.676
474.426
301.166
157.479
-479.086
-548.74
-410.69
16.4145
-536.167
74.5174
-116.945
-6.77946
-570.188
-960.38
307.958
390.88
-74.9241
927.161
-406.665
1018.23
480.75
191.174
-669.776
354.285
-1096.33
-808.955
-1267.28
-1342.53
18.9077
-419.439
-113.461
245.473
662.672
1079.85
451.068
665.548
518.363
328.53
-311.618
-83.2877
-996.05
164.858
-569.169
653.865
-186.004
-380.768
1263.74
322.947
44.9471
-114.963
-598.473
1035.81
-227.633
199.597
340.37
-556.568
-854.978
648.123
625.681
756.735
-333.121
368.6
-588.442
106.509
258.148
-116.772
-689.319
288.542
-118.369
-361.792
-694.629
600.761
155.465
370.824
-360.191
-0.642002
168.763
602.931
457.017
-431.671
-5.68426
89.5549
782.325
205.345
-1296.98
-649.985
585.405
398.509
-633.292
1228.09
586.722
-412.622
-186.466
158.31
-71.1636
-21.1556
-135.252
27.8223
612.099
-174.189
487.004
211.345
275.667
482.753
73.1376
1324.1
178.831
-15.8223
-960.994
-1145.51
-891.263
-284.965
-178.813
-788.735
736.446
521.465
267.777
331.064
-316.835
476.374
-1077.18
12.6527
-297.703
-221.881
559.055
349.688
83.2428
-231.138
996.332
644.266
-719.214
-640.129
-409.194
0.581154
713.095
72.2886
58.827
59.621
112.943
-529.868
70.9578
298.369
-487.575
-594.389
-962.54
225.399
136.59
-323.193
457.951
-509.573
-692.334
361.318
-1090.84
-345.9
-571.659
738.549
-627.359
66.7771
-453.602
-727.233
-367.388
725.638
-65.6579
783.753
-403.756
-231.37
987.102
-425.505
-72.4584
-780.315
-467.345
-240.28
19.6837
-61.824
772.578
-203.935
-829.69
1178.21
-794.146
471.413
-611.126
-88.2701
-277.46
-836.598
-186.659
-519.229
-59.5152
-642.603
395.277
1058.55
510.383
429.112
-390.234
392.84
957.735
-127.791
23.9105
-774.623
-44.8707
-158.504
-1064.8
23.7406
-1014.16
-194.651
-42.7267
692.953
-143.113
133.255
357.738
-451.517
-776.546
-776.658
-893.017
-62.5133
963.898
-505.359
-548.767
477.354
-1189.09
498.27
206.024
-497.085
247.638
394.126
490.139
858.889
-357.516
-263.347
-251.84
-765.488
-93.7694
210.806
84.78
1131.57
138.684
-14.3136
-368.216
408.794
-15.3988
-113.473
-450.008
277.237
529.752
857.389
888.294
509.834
-477.656
237.141
-185.319
-417.588
622.201
-343.276
661.657
-145.597
-150.849
897.207
263.199
1206.96
196.16
1010.78
477.247
919.273
361.812
398.438
-224.075
-14.528
944.554
862.78
321.671
-201.92
-543.289
-106.859
-135.873
-23.8759
141.466
64.8619
95.4367
-78.8468
-532.779
601.981
1004.02
-526.384
-943.937
543.266
656.213
556.374
153.041
-328.357
-132.356
-941.344
-675.399
75.1697
674.905
47.2122
-105.649
-571.696
488.522
711.342
396.71
769.333
-121.161
-328.616
-315.714
-122.278
-18.2435
-475.201
1126.41
1189.97
-196.382
-930.369
502.263
-508.298
1109.05
-512.513
-1015.66
-39.8215
1230.53
-824.307
461.14
6.82664
-111.417
-657.211
549.514
1.28158
-177.761
-931.35
38.8676
234.136
926.748
-115.508
350.364
1006.65
242.446
1020.55
-307.748
188.754
-1031.06
1016.16
-932.852
-288.426
-309.929
273.451
-5.01747
995.276
-921.799
-225.207
-53.9428
-300.947
308.508
6.68773
-686.642
-970.554
311.838
323.494
-105.912
1241.13
349.511
-264.583
1338.56
147.646
486.703
-653.388
-933.126
181.868
27.2959
-723.207
-428.672
-321.993
227.929
-670.384
284.134
88.1748
230.722
302.064
-71.9279
296.428
-30.9566
231.778
366.303
-516.238
-824.718
283.523
-848.737
-12.762
-670.907
-284.858
545.495
-446.727
752.721
91.4608
-280.915
851.931
-588.757
1012.59
-230.346
-608.025
9.48832
352.656
82.5238
-452.227
442.143
-118.292
306.014
-51.9346
754.108
567.197
-444.136
541.028
-1122.89
-1132.4
988.123
-657.928
-532.505
382.193
247.462
382.232
595.995
158.442
551.393
614.976
-509.199
365.64
653.746
-503.689
571.332
-541.827
11.4222
-153.31
-738.351
-149.463
244.588
-211.644
-1295.32
427.462
-491.962
511.265
44.1468
-70.1862
-588.734
872.918
510.507
-1033.05
289.316
722.056
-632.016
-1253.24
-232.969
-726.865
-446.784
-487.501
-326.103
-451.254
153.248
403.832
7.30499
1313.27
251.974
990.28
694.899
651.274
-1252.48
-76.1939
-507.42
-124.168
403.964
-290.658
-284.402
-708.734
1034.35
553.793
64.5012
-19.2735
1299.64
249.692
-125.484
79.7808
356.262
381.543
-362.124
-276.294
171.092
-374.321
-417.27
56.1731
-583.42
-23.3117
226.021
313.151
-482.115
-157.081
110.985
340.681
-1134.08
-160.401
594.396
-522.398
914.733
322.409
-673.462
80.7455
-978.909
-614.394
227.424
-321.417
937.7
428.463
471.306
779.142
441.216
533.99
753.705
-195.171
-194.998
-692.765
7.41298
-744.958
-961.81
104.448
114.391
-51.0775
364.336
81.3153
-278.751
229.728
273.586
-128.289
-93.8935
-807.327
1152.45
-69.7223
-486.517
-305.054
886.461
660.102
240.957
-812.174
509.466
-198.578
266.472
771.102
-461.955
-181.738
492.432
-515.714
102.53
537.462
732.083
814.453
437.387
48.929
988.785
-520.513
-787.346
-1253.13
307.578
557.102
630.164
1102.98
-65.7785
386.94
669.58
186.278
-245.611
1370.84
1065.08
-466.835
-333.99
-256.607
-124.176
120.87
142.592
614.493
-295.516
161.872
-172.182
-669.841
-349.893
-806.814
-487.515
-321.767
-982.061
-1191.5
677.157
21.2877
343.152
159.101
-279.89
894.492
92.7133
493.324
-129.477
-245.547
428.019
458.343
-827.983
-557.542
-361.045
620.664
26.4443
373.484
51.9791
-472.37
-633.01
-698.671
286.768
-250.894
-341.754
396.312
-1232.78
-617.043
193.607
-124.277
18.9264
875.576
-777.059
62.6867
644.115
368.202
368.847
190.444
535.684
-245.111
-186.322
122.316
533.551
116.167
455.24
-28.6474
-132.437
-184.246
-193.988
-338.269
35.0843
879.628
-682.487
69.4218
-179.854
4.66496
-577.035
-218.964
972.829
-7.51016
-822.629
-893.585
1045.42
-503.699
32.4543
720.575
-106.075
-366.203
101.935
647.998
-916.464
-4.45729
439.826
-264.021
275.84
1105.1
-15.1727
81.2333
-746.53
620.592
1289.5
-584.199
142.039
-210.298
-144.817
465.477
663.854
-36.7734
-26.1047
-838.519
789.326
47.4294
-773.457
-1246.54
-388.413
770.068
-286.732
212.08
332.586
-544.455
-982.64
704.116
18.9723
213.81
-1057.38
8.694
94.9426
-47.1006
181.987
-56.2381
-1043.95
250.469
28.0305
-345.827
-399.795
573.578
0.332425
301.08
183.174
772.246
-642.274
371.25
-1059.85
-214.237
13.5628
-107.116
332.138
-108.981
2.5261
-619.34
-287.883
489.956
675.919
-140.926
-930.303
-510.223
119.069
-31.1692
-344.677
259.588
35.9983
-651.888
-695.96
-1209.56
1094.01
176.647
415.306
472.149
-1062.74
712.739
775.05
-7.99739
-75.1938
744.1
646.13
-361.361
-329.459
758.912
-380.071
362.07
-203.309
816.588
184.648
-1300.35
537.061
223.659
-880.022
-625.815
315.815
229.364
279.596
639.219
-839.945
527.787
-600.853
-612.632
46.4537
-649.297
-743.325
16.7797
575.303
311.339
-391.805
663.584
476.674
214.8
-81.4185
163.183
-1.63967
-403.963
-306.412
-205.907
-403.548
554.595
317.713
-72.531
868.998
280.068
-521.429
-184.236
450.54
-532.404
-407.326
-322.374
355.29
237.262
-28.2997
208.512
740.19
430.925
-125.492
108.838
-635.177
250.984
-112.572
584.532
552.501
-6.81845
-954.639
488.921
-175.098
-30.7766
987.704
322.465
-731.154
385.606
227.914
-1038.59
-23.5274
193.305
786.484
-495.814
723.293
872.612
-286.705
-386.7
-140.375
197.58
969.706
473.058
24.639
625.345
193.823
518.23
464.21
-755.338
271.585
130.722
-1058.57
-693.311
-543.752
-1189.77
535.003
-445.713
-141.052
132.628
186.328
29.0337
-32.0573
-902.167
349.738
-476.537
163.737
-512.379
-254.515
-51.6977
-350.488
-503.443
547.483
-134.007
-169.143
-203.513
-1010.59
613.055
599.047
342.91
-682.759
240.472
196.967
-1365.86
-632.112
-179.281
17.3893
-205.254
244.114
-168.045
148.292
-1130.96
-97.0954
45.4162
170.9
53.5185
-602.135
242.437
101.335
431.009
289.897
-663.017
-88.2414
-92.9495
121.823
351.366
-699.064
-781.124
-203.194
-261.177
-174.275
-517.277
-1017.5
-338.193
-425.504
386.296
-450.638
-1010.45
-126.787
-27.5636
-55.6797
-463.728
-542.561
113.441
528.983
351.254
-808.48
308.998
-191.253
315.456
-433.071
588.859
1373.87
-383.215
-470.886
911.685
-563.481
-437.418
-244.585
622.362
742.167
-204.165
-285.236
128.233
-26.0297
-210.233
-344.879
516.22
-77.2212
-568.436
348.29
543.69
-503.165
-566.69
69.9192
-878.458
311.046
178.208
873.569
-170.25
504.543
82.5401
-126.864
-428.603
-652.513
363.78
580.95
-47.0456
1296.39
-593.699
1074.91
-119.763
-1081.2
13.505
-437.543
-495.266
223.913
-301.288
248.164
167.606
185.343
-575.308
41.6145
376.794
-597.502
849.01
-660.557
346.194
-415.767
459.87
-359.837
-803.904
-1409.72
26.9007
544.622
116.47
81.2938
-285.541
998.328
658.279
387.735
-223.848
-466.982
103.53
-473.435
89.8102
-593.578
-204.15
1209.98
243.433
189.587
68.5071
-396.976
496.598
-65.2176
-557.868
-27.3355
-642.423
59.7772
-1099.18
203.32
-588.04
-361.504
564.853
-157.754
269.152
-29.8726
147.209
-360.089
579.388
236.922
622.31
485.403
-361.145
567.807
-321.369
-987.593
63.0902
556.503
-145.694
-30.7321
-219.751
192.672
-274.2
-736.375
85.6664
371.582
-201.815
-77.3069
392.049
-728.571
424.612
-218.698
1150.32
-556.018
176.061
-268.411
413.58
510.866
1188.73
42.0529
236.034
-445.191
629.579
237.428
235.615
-594.361
420.879
-335.167
-431.907
-121.505
-7.28272
-90.4543
-84.6759
-519.101
-152.493
-544.396
473.497
530.826
-83.7064
-532.117
93.4037
387.367
-232.409
1179.04
785.482
-359.742
-983.652
-1005.7
285.686
-1114.91
-1201.53
-542.856
737.901
578.573
490.159
650.669
-711.37
-977.584
-109.541
414.836
724.274
481.568
-24.0735
801.643
48.0894
544.776
-231.032
-448.689
378.028
-230.514
42.9115
776.326
731.736
-149.573
784.902
-397.785
501.124
-178.69
94.2038
312.377
-502.084
-556.906
1490.93
-621.516
60.9953
-1380.5
-53.5858
-32.8418
-145.12
6.70866
-891.145
395.589
-1016.08
-746.46
230.633
-12.5912
-449.192
-110.271
972.815
-492.893
-216.431
-241.435
-597.403
-1093.84
-380.313
-423.359
24.266
-817.262
-1196.98
269.607
-232.584
-536.661
1274.71
-534.422
-365.051
489.246
-549.872
583.99
-73.5091
210.909
275.648
638.91
-672.75
406.061
866.594
-483.913
2.29328
376.183
-165.526
598.473
-325.119
622.132
-305.074
606.374
301.968
-386.828
-233.591
-318.408
-40.1792
-1461.34
203.872
160.923
693.699
-916.117
493.235
221.988
523.748
-590.771
-357.846
-272.195
869.12
151.677
920.269
-87.4486
-15.1584
-718.009
-92.8714
-934.513
-1220.29
-379.212
412.567
-1113.75
1.32755
-459.935
-240.785
-631.354
1026.13
-209.475
-37.8175
-239.771
1322.61
19.2704
-423.535
1015.28
152.479
-696.563
-728.701
161.105
129.623
-954.246
222.322
449.294
138.717
-130.117
319.933
-661.082
-1173.15
-33.187
-349.652
-509.324
649.436
346.398
-1289.47
-466.707
536.793
-625.083
-15.3333
-438.453
-742.229
152.009
-154.841
-502.172
-580.516
-654.52
335.417
0.759192
429.334
-727.916
15.831
453.245
897.235
-128.926
555.537
-928.642
-226.843
178.158
-220.549
1004.15
107.937
866.935
293.994
616.185
12.0052
-363.986
283.199
786.06
41.3
1003.85
-637.499
-468.27
-220.276
-844.47
-288.572
-98.864
979.412
236.171
-458.976
-270.168
289.291
-149.009
-1037.55
159.972
658.55
-409.527
-209.545
1067.33
653.629
-494.663
-1413.89
-826.686
247.433
171.34
279.853
340.821
-285.333
399.254
88.5114
-647.161
-93.797
456.577
344.206
134.771
-435.083
-235.835
1150.03
-660.439
-164.319
542.394
243.609
565.084
-1121.4
-40.498
-616.637
350.836
-87.594
-759.774
1062.76
-779.298
37.6778
1120.7
394.344
-311.397
307.536
-73.9767
-682.665
-65.4394
-139.361
56.7325
-180.562
-538.861
-504.7
877.181
417.328
-138.136
-106.844
-237.936
-152.103
-654.878
38.6491
-249.42
-293.898
-260.963
-674.245
308.874
-492.349
-236.357
-749.533
-351.481
-674.334
55.8816
-149.609
814.321
-27.1922
-329.472
-465.918
168.043
-1105.55
-108.395
-180.632
-1134.19
-848.185
430.943
1170.75
377.378
-525.067
228.104
116.851
11.3018
-270.667
-640.028
-118.607
836.64
-429.632
727.222
167.795
-161.798
-61.351
396.462
589.934
-995.717
528.927
542.144
793.729
-484.829
-846.893
35.1885
-347.534
-1312.8
-566.636
559.703
930.27
-928.695
-236.303
-381.851
285.51
-239.583
-232.127
-934.006
-562.834
118.323
519.233
-365.176
2.91285
319.415
745.703
1142.64
-185.535
-1017.47
-505.318
586.002
-72.0725
-64.6016
-1140.37
822.851
886.053
-98.293
1063.29
-495.586
473.348
179.349
431.661
171.982
-548.087
-377.364
-377.462
1092.55
-324.862
28.6772
429.593
-339.434
406.765
136.95
-75.2761
-129.545
5.05532
-269.531
-140.278
160.292
598.79
-555.037
-73.9543
-382.953
-633.362
542.238
-571.787
900.809
-479.963
919.099
1250.25
-162.805
707.853
138.245
-28.3795
817.433
-893.402
253.076
1219.3
-398.251
466.144
538.037
154.986
-883.478
910.997
-152.469
674.837
-618.106
352.196
-158.523
-838.233
-180.31
607.23
238.69
-1072.39
-979.661
-767.869
-76.1533
136.918
801.769
-770.777
38.5792
-863.981
-589.807
-859.241
224.217
199.303
-100.685
-1210.98
1011.58
181.392
876.849
-796.318
69.7778
1017.02
-800.755
155.298
-74.052
-256.752
1348.62
226.618
-1070.27
-629.435
151.254
457.489
-377.416
371.386
-364.338
-746.694
-214.126
-421.539
125.283
-33.1081
97.2479
112.404
540.101
-503.793
685.133
-66.6066
-134.399
-77.106
-572.049
-718.933
-247.674
-366.807
509.757
-193.024
62.631
175.842
-480.11
-979.854
-70.6781
640.58
-143.092
-429.44
625.079
153.2
101.407
-198.671
152.728
126.668
-157.649
-316.562
-1412.73
428.124
-323.094
212.305
1171.8
513.939
954.843
484.411
13.214
-88.239
322.727
478.173
-473.019
-89.5113
-377.056
-786.115
100.519
782.176
-631.736
-208.301
-263.622
835.459
556.491
-885.534
269.133
-250.433
-241.067
129.596
378.386
1439.5
-271.663
-563.298
-42.7239
354.9
25.3511
-614.158
617.564
-503.578
382.327
-767.427
994.097
-1567.82
-33.2416
-394.948
398.567
-511.53
-850.76
-285.715
694.039
-735.51
638.512
-861.379
1116.98
182.046
-748.954
59.5075
-754.07
998.89
-674.566
212.446
302.554
-224.325
237.774
-804.391
-703.331
-24.4923
143.066
-87.7705
-693.072
366.884
559.172
204.814
1283.35
66.8923
330.032
-310.648
-651.53
34.7094
-316.426
-144.634
-643.026
-327.981
-820.28
-654.648
-175.924
-498.574
200.808
-210.81
-37.6204
45.7247
512.604
141.662
-431.537
381.361
-465.818
-402.811
25.0452
-379.667
-1618.7
875.207
-72.6179
-381.333
-157.53
-1170.39
510.288
-728.775
-70.308
796.506
46.9755
-1406.09
-206.475
-1129.75
628.943
-40.8008
-521.559
-746.595
-670.989
485.451
718.246
1405.27
-408.821
-211.398
791.699
697.954
-719.532
-700.16
323.035
301.209
-1247.06
391.437
675.787
940.168
852.755
1076.97
112.257
-70.3913
-30.0444
438.228
-1042.56
-76.6202
437.037
-73.47
-872.021
-282.811
-264.893
76.4284
1450.68
-20.8127
-476.867
-339.212
-347.722
88.5501
-868.449
505.905
-815.453
952.269
-1289.69
-247.794
-963.498
-54.7873
-138.957
-835.691
88.0855
-487.787
-1100.8
-161.665
-780.258
320.742
-823.417
614.835
189.083
405.836
-805.845
-648.628
-438.826
335.668
329.247
-49.8644
32.4886
395.695
669.015
-376.804
266.207
-30.5583
-447.987
-42.0755
781.005
513.836
-474.298
1242.08
-722.58
-765.096
-216.171
-912.108
-668.464
-412.198
637.396
-1323.62
-14.3733
1268.45
-13.7785
-510.66
-357.542
165.312
-204.459
-335.98
-217.195
224.175
-19.6154
-222.665
-542.014
-99.7049
638.399
-648.621
194.629
71.4086
-806.885
694.645
29.474
-115.433
341.584
125.409
892.946
-327.811
-1150.96
215.727
-180.137
24.041
681.836
621.986
-146.787
-615.406
418.036
-693.732
-707.252
87.8894
-1227.65
271.492
-49.9361
93.0508
662.529
8.54243
-473.736
918.65
71.6824
84.7199
-1014.01
-1064.86
861.745
-100.038
283.11
-41.3749
-474.937
437.511
745.971
387.722
-336.602
-717.508
-146.099
244.339
242.188
-887.773
-270.841
-759.063
799.084
429.279
276.529
280.87
-225.158
189.835
365.06
-475.287
-48.0528
634.647
355.842
-100.562
12.6332
-1153.16
416.63
551.744
-590.565
276.989
176.451
-492.015
-304.065
-1322.3
-492.02
851.097
834.66
-285.835
-353.733
1357.48
-114.189
790.134
-395.413
-830.644
253.693
773.05
223.969
437.459
680.015
-750.647
372.494
229.787
12.6174
137.1
-752.08
-1039.83
-48.2767
336.499
238.302
-79.5376
-863.691
775.45
627.718
-192
28.2671
-34.1028
285.525
-414.739
-478.62
-867.375
-628.671
256.799
-1022.82
-399.192
-1063.2
-341.499
177.475
-740.3
-495.75
470
-478.808
78.2528
760.932
652.116
-237.332
-681.413
-168.462
291.747
-784.805
426.062
-1070.87
517.403
-248.691
-156.856
-424.935
-937.389
-162.486
-267.94
-473.503
-94.853
33.9812
144.952
-387.568
611.888
289.808
-10.5249
347.653
-640.951
355.566
233.316
-657.71
-34.3126
18.8877
510.007
610.148
-761.955
700.318
893.907
-48.2115
-547.198
249.47
923.152
172.271
621.12
381.542
-428.75
-257.537
-427.718
-254.968
-345.331
115.099
240.461
-280.185
-1405.76
805.073
788.623
-886.673
45.7163
800.937
130.979
-389.398
596.226
496.092
-995.74
-919.532
-445.954
57.3599
-93.7262
-396.756
-716.436
-278.413
-1092.72
-1058.92
630.75
296.153
-594.193
-130.742
139.232
-208.013
264.702
611.276
470.449
-188.873
1262.25
-85.145
-555.219
1391.49
222.831
-1118.29
805.102
-314.482
284.774
1.17607
457.971
-379.59
-962.149
725.66
206.166
-285.449
210.487
-812.278
-195.494
-406.407
311.663
-60.0672
316.922
44.981
-235.954
361.063
735.454
827.069
-157.277
112.544
-651.881
-151.621
-45.7808
477.526
344.405
379.551
1103.26
-172.441
110.795
-1166.81
387.694
232.041
318.434
341.083
122.165
