1174.92
16.8762
-918.259
-83.5759
-671.698
349.833
273.838
532.233
-613.561
-971.124
91.2111
-124.979
-129.678
-680.289
-13.8375
-90.4272
138.569
183.198
-176.555
-805.22
-162.907
-733.061
489.754
103.113
441.934
349.227
-874.179
-1075.81
-470.895
-309.406
-666.299
-954.216
480.967
308.687
155.757
-480.917
-549.405
-399.548
19.2208
-538.448
63.9814
-129.879
1156.92
5.97915
-573.95
-966.099
305.201
387.896
-80.7417
920.713
-398.656
1015.37
477.75
197.023
-658.616
355.653
-1109.99
-812.425
-1266.06
-1342.62
19.6978
-411.013
-108.507
248.169
668.028
1073.65
435.458
668.137
523.087
335.31
-315.257
-77.8744
-995.532
162.034
-572.413
654.141
-166.663
-373.267
1272.35
322.656
56.0169
-109.955
-602.991
1046.91
-217.458
204.239
349.349
-567.385
-852.743
641.096
624.604
773.718
-321.953
374.015
-581.004
99.8584
278.324
-130.895
-703.163
297.795
-125.509
-350.668
-691.426
607.35
140.611
375.421
-0.885893
593.029
470.069
-440.842
13.6981
86.4625
776.842
198.209
-653.191
582.446
408.668
-624.698
1215.86
594.988
-403.653
-200.981
159.326
-60.9438
-24.5593
-128.928
12.8737
611.431
-171.894
498.125
231.818
286.824
488.187
84.2623
1307.92
173.456
-23.6345
-966.402
-1140.5
-894.739
-299.066
-167.939
-781.962
733.772
532.221
277.704
317.384
-325.647
469.93
-1091.09
19.4085
-294.635
-219.588
554.226
346.067
86.1151
-226.069
1005.79
650.573
-715.319
-620.162
-423.37
-1.46221
719.169
83.3868
60.7576
79.7118
123.418
-509.726
64.0154
297.971
-488.491
-593.969
-969.292
218.52
144.713
-319.862
462.603
-515.026
-681.496
317.25
360.199
-1088.28
-352.352
-575.033
748.462
-630.384
86.7553
-460.524
-707.406
-357.184
730.135
-56.88
771.216
-397.687
-229.681
997.003
-411.695
-67.726
-774.978
-457.338
-234.324
29.0645
-60.518
-755.939
776.577
-202.201
-819.742
1162.07
-796.54
464.428
-601.323
-68.2182
-257.387
-839.943
-179.452
-518.708
-71.3427
-638.615
388.542
1042.88
503.389
414.083
-391.975
387.502
951.384
-127.623
44.4575
-775.303
-51.8234
-155.003
-1057.29
21.8436
-183.824
-42.4378
700.854
-132.133
130.743
366.285
-452.86
-765.549
-776.35
-907.057
-59.6306
961.009
-619.103
-502.062
996.482
-550.896
470.413
-1192.51
506.627
199.562
-496.572
238.047
387.59
499.351
859.179
-337.116
-252.718
-255.386
-760.435
-83.2903
195.954
88.3734
1140.99
159.161
-3.89016
-370.975
401.858
-22.6159
-118.387
-453.072
286.411
540.906
868.52
881.762
494.688
-472.604
239.31
-200.39
-424.27
642.85
-345.055
658.135
-156.239
-150.363
881.292
283.455
-879.597
1212.6
192.989
1016.86
481.756
916.516
373.112
418.62
-213.697
-17.6397
930.485
856.915
318.979
-196.643
-538.964
-108.097
-147.019
782.779
-849.282
-6.97017
-937.511
130.06
66.5306
95.6608
-67.7801
-522.19
615
1001.2
-529.86
-942.395
542.028
652.789
546.179
149.612
-308.468
-133.318
-940.239
-664.564
80.0775
659.095
52.3512
-118.733
-568.992
495.436
708.264
393.34
789.867
-111.178
-320.003
-295.362
-111.937
-13.3012
-473.321
1123.54
1187.38
-200.187
-921.928
499.345
-507.103
1108.47
-515.447
-1018.49
-30.4968
1239.92
-804.421
454.221
27.4431
-126.365
-666.292
563.508
-2.29699
-185.524
-923.586
46.8053
236.939
928.912
-105.499
342.916
1016.45
244.995
1018.46
-303.663
186.005
-1034.64
1020.8
-939.822
-281.443
-313.396
277.663
-6.80913
997.899
-928.286
-220.212
-60.9485
-289.875
304.909
10.3486
-698.485
-965.872
322.821
328.599
-570.224
-103.083
1237.78
349.919
-267.863
1337.04
152.425
495.805
-649.384
-913.052
176.876
38.4412
-735.496
-429.994
-314.065
225.34
-666.306
274.094
84.9068
242.806
300.969
-78.4462
293.603
-24.3736
252.009
377.184
-513.489
-827.992
281.705
-849.019
-1.91326
-673.926
-281.021
543.402
-451.002
756.818
96.4045
-277.003
856.654
-595.675
1020.21
-222.844
-596.881
13.291
348.722
79.0931
-466.701
451.928
-125.148
304.796
-47.2714
758.983
-447.18
537.569
-1111.86
-1129.06
989.322
-661.311
-547.075
368.797
231.828
385.209
597.85
163.75
559.443
629.366
-513.051
362.83
658.389
-501.345
581.779
-534.601
21.5106
-152.046
-729.581
-164.552
232.212
-206.943
-1296.12
438.564
-483.283
512.585
42.0783
-69.6236
-583.902
884.109
503.576
-1030.93
286.917
715.041
-643.641
-1246.95
-245.063
-720.46
-461.383
-490.892
-322.634
-455.219
164.332
391.252
11.4997
1311.24
249.196
1001.03
682.092
656.058
-72.2699
-514.206
-138.673
412.622
-292.678
-283.847
-705.149
1044.82
560.328
64.0138
-13.4025
1301.41
242.581
-120.728
76.5361
369.683
387.279
-344.137
-272.946
174.876
-376.473
-417.201
60.2661
-569.848
-23.5506
237.056
324.401
-483.752
-153.994
104.355
350.721
-1127.99
-145.403
578.881
-526.461
-680.256
89.9529
-1181.39
-976.951
-594.385
238.526
-318.125
932.415
425.919
478.608
784.947
447.696
545.001
750.607
-187.023
-197.991
-692.013
11.2684
-725.003
-951.47
97.936
118.99
-45.2446
371.518
85.2355
-285.442
239.676
293.865
-142.672
-91.6702
-814.417
-810.568
1155.91
-84.8805
-485.476
-300.171
896.981
657.339
261.328
-815.455
528.338
-205.841
266.86
779.155
-453.697
-166.816
491.182
-507.303
99.6405
530.447
733.546
800.701
443.598
50.5243
992.854
-523.967
-780.62
310.209
553.874
631.209
1100.33
-72.5965
397.79
673.736
170.972
-248.84
1372.77
1062.23
-472.128
-323.903
-250.767
-104.094
128.243
137.912
610.874
-308.711
159.086
-161.928
-665.484
-353.112
-786.867
-481.722
-314.321
-964.186
-1186.12
674.95
20.4771
352.397
168.763
-282.875
897.999
80.1415
503.648
-136.651
-239.16
429.35
453.45
-824.944
-552.192
-356.801
614.412
36.2316
370.299
54.8913
-464.602
-636.528
-687.57
281.339
-263.529
-339.009
399.115
-1223.77
-624.192
191.163
-120.997
16.1635
860.121
-759.616
72.2027
367.354
372.798
186.621
539.752
-233.946
-179.108
115.326
536.169
109.173
452.041
-31.8255
-138.75
-183.809
-206.684
-339.223
39.1105
864.737
-663.929
80.537
-175.14
24.7818
-576.648
-208.104
972.751
1050.04
-10.4938
-812.204
-893.308
-506.84
52.6588
722.886
-96.9524
-373.169
106.342
632.757
-907.241
-0.0647595
448.538
-256.952
280.167
1099.4
-12.7405
88.6544
-743.268
627.228
-581.252
153.216
-213.778
-159.932
468.763
667.784
-27.8268
-28.9844
-831.407
773.354
58.4912
-763.601
-1259.42
-403.293
769.346
-288.998
209.294
326.493
-550.555
-982.571
714.449
26.4793
207.044
-1070.18
28.635
97.231
-54.1926
186.723
-68.1151
-1044.09
235.898
36.3082
-339.266
-413.031
557.919
8.17733
309.518
1406.58
179.695
757.358
-642.36
386.123
-1063.58
-210.253
11.0799
-122.333
336.458
-112.837
13.603
-599.752
-297.186
476.447
686.235
-135.576
-927.366
-514.139
130.19
-28.7302
-335.496
267.254
44.4864
-658.991
-677.951
-1223.16
1078.73
173.826
401.394
481.549
-1064.25
714.749
786.072
10.964
-82.4782
754.42
651.505
-363.43
-327.15
769.667
-375.814
372.455
-195.561
806.164
194.467
-1304
541.464
224.078
-864.038
-622.865
312.556
235.77
278.247
647.536
-832.277
530.951
-585.063
-601.509
42.4528
-655.608
-747.326
21.674
579.418
331.414
-398.705
665.443
464.882
213.068
-76.2126
166.945
-11.5497
-418.73
-320.555
-198.303
-407.507
314.302
-63.1945
790.69
862.4
270.796
-527.09
-167.393
458.458
-527.243
-402.813
-303.229
366.419
241.686
-17.1139
193.066
759.406
451.18
-107.207
119.131
-628.739
253.61
-112.295
586.536
562.162
-6.10316
-943.564
485.594
-172.965
-30.8193
981.912
321.689
-735.21
387.96
219.032
-1026.01
-12.3561
806.742
-510.242
730.863
881.691
-289.979
-378.805
-143.842
182.616
977.404
482.827
11.4836
624.605
179.033
514.403
468.136
-737.963
277.448
137.035
-1061.08
-694.813
-532.912
-1179.68
533.31
-446.871
-134.623
131.316
197.497
26.1549
-29.4038
-906.538
346.266
-491.138
156.048
-492.3
-244.402
-41.8749
-354.389
-510.118
544.657
-148.987
-172.781
-192.867
-990.987
609.976
603.469
350.617
-674.283
251.551
185.251
-1353.06
-611.998
-176.695
23.9437
-201.079
255.253
-148.124
133.582
-1128.47
-76.4784
56.4988
181.975
59.9863
-607.839
227.043
98.4955
427.794
286.093
-659.201
-95.3817
-89.6257
118.47
349.54
-691.209
-777.784
-193.411
-261.803
-171.094
-496.862
-1012.1
-327.263
-429.115
386.479
-454.048
-1006.1
-136.759
-34.2833
-51.7265
-469.484
-539.801
123.26
525.149
352.492
-803.443
316.439
-194.342
312.275
-429.771
596.486
1373.18
-369.284
-474.08
917.574
-577.523
-444.62
-237.935
618.593
743.445
-200.319
-288.925
125.179
-27.5942
-199.064
-357.348
514.199
-73.2308
-572.498
345.825
527.941
-498.086
-555.791
82.3554
-892.59
314.949
173.976
883.262
-176.126
513.044
94.5212
-129.806
-435.814
977.636
-650.847
357.44
590.978
-35.9725
1291.05
-582.728
-111.572
-1077.1
24.1103
-437.491
-484.749
240.733
-304.822
241.312
161.329
183.008
-579.802
62.0178
376.684
-586.41
836.322
-657.102
355.81
-408.043
456.995
-354.07
-809.955
-1399.11
35.6655
541.6
1094.08
115.935
70.4962
-281.194
982.24
657.829
386.389
-222.731
-457.728
112.11
-462.401
83.1392
-595.914
-207.782
1230.28
236.572
183.91
83.2212
-388.05
493.743
-69.5139
-560.897
-15.4479
-646.228
68.4482
-1098.17
191.079
-577.976
-363.939
558.012
-158.443
273.062
-18.8008
150.006
-348.936
576.544
236.724
631.893
492.703
-359.248
571.014
-316.505
-990.573
48.7828
563.909
-149.486
-37.6393
-214.536
192.251
-276.136
-739.617
95.9284
390.367
-192.168
-72.4393
388.867
-717.754
429.255
-207.458
1159.68
-561.381
172.893
-257.948
400.554
504.331
1183.57
45.3493
233.006
-441.573
639.611
234.329
244.783
-580.518
420.146
-329.565
-431.004
-117.079
-6.93474
-93.9917
-73.7192
-519.203
-149.892
-545.812
-1430.83
476.146
523.842
-81.2539
-788.59
-522.433
90.3237
384.204
-237.425
1172.47
771.673
-357.954
-966.789
-995.56
296.78
-1204.06
-546.61
748.041
599.091
493.59
647.134
-702.2
-972.488
-98.6126
405.366
735.393
486.369
-37.7053
802.534
53.7428
564.936
-221.747
-438.229
374.336
-245.54
40.0921
769.89
735.206
-147.5
781.954
-390.206
504.534
-181.386
79.7681
317.883
-505.151
-556.188
-611.381
57.768
-1378.36
-69.0379
-32.883
-138.649
-6.38064
-902.087
406.735
-1016.51
-749.677
235.43
7.4383
-442.018
-99.6368
981.511
-502.174
-207.808
-238.629
-587.344
-1085.21
-387.295
-429.716
40.9823
-811.953
-1188.38
279.324
-228.699
-543.66
1283.55
-237.215
-528.991
-354.55
493.978
-553.808
580.351
-62.3578
215.883
272.21
649.223
-671.141
402.412
871.887
-486.97
13.4778
383.922
-158.589
591.986
-314.443
624.828
-285.467
602.59
305.721
-371.138
-229.632
-308.368
-31.8062
-1472.5
157.335
690.759
-919.587
501.046
206.559
528.661
-589.119
-349.092
-286.762
872.718
158.381
927.328
-77.4391
-12.8549
-717.646
-96.1777
-944.332
-1227.9
-371.042
409.178
10.0751
-466.042
-235.011
-621.688
1027.21
-209.142
-28.8425
-234.36
1321.86
8.30124
-412.511
1012.41
161.38
-703.279
-725.438
166.948
137.521
-957.564
231.198
460.349
131.563
-144.557
313.171
-654.133
-1186.94
-21.9868
-348.707
-501.134
657.185
357.554
-1281.93
-469.343
538.976
-617.631
-22.5238
-439.517
-728.191
156.912
-148.741
-491.066
-580.877
-649.227
334.462
4.02058
430.432
-728.731
12.7426
456.256
881.202
-132.297
543.286
-931.667
-230.016
189.323
-211.288
104.71
870.214
305.033
627.333
8.35412
294.302
793.76
45.9562
1013.2
-626.603
-462.858
-213.486
-835.65
-303.369
-102.319
990.335
244.592
-455.726
-265.994
309.566
-151.973
-1034.79
157.117
664.054
-405.956
-199.517
1074.2
652.889
-489.259
-1419.71
-828.8
251.451
168.036
286.637
344.435
-289.166
402.673
83.8598
-642.242
-104.091
449.663
355.104
130.671
-419.994
-231.604
1145.57
-656.467
-165.235
537.865
247.344
575.119
-1123
-35.461
-627.727
361.979
-102.33
-773.901
1048.39
-781.351
43.6416
1123.95
397.464
-307.011
-70.6391
-686.274
-80.474
-135.443
68.0118
-160.289
-546.029
-506.012
425.058
-141.133
-106.725
-240.852
-148.498
-658.919
33.735
-238.307
-282.136
-247.228
-663.9
311.866
-487.198
-238.541
-740.947
-331.305
-672.327
52.9607
-145.498
817.187
-27.2947
-330.191
-473.443
171.699
-1109.29
-101.587
-178.687
-1134.87
-854.154
415.219
1167.58
375.43
-528.087
230.518
120.773
19.5047
-260.898
-619.997
-117.668
843.782
-435.85
728.398
168.976
-168.99
-76.733
381.041
582.865
-995.762
-996.18
534.664
540.33
801.094
-484.938
-842.729
31.6545
-362.432
-1316.27
-556.945
556.224
940.837
-924.953
-238.448
-385.81
-763.876
281.764
-239.211
-227.196
-928.504
-557.742
123.115
505.997
-362.406
0.0519861
330.537
1146.94
-182.145
-1020.99
-497.216
595.653
-64.1867
-78.9635
-1120.7
837.914
896.294
-87.2151
401.062
-489.706
477.94
190.419
441.827
176.603
-538.187
-369.573
-376.448
1089.65
-330.086
25.8686
422.522
-335.462
417.864
148.152
-68.6799
-142.6
14.6655
-260.683
-135.518
157.493
613.404
-551.967
-68.7966
-364.439
-622.2
553.305
-564.767
898.984
-471.219
923.256
1243.98
-151.689
712.921
158.349
-35.5104
814.453
-897.244
256.106
1222.16
-397.319
473.202
525.085
161.724
-882.266
919.154
-155.527
658.971
-611.566
368.187
-138.031
-851.961
-183.781
600.225
235.893
-1069.07
-972.986
-756.717
-90.5622
148.071
806.997
-761.43
23.3001
-870.788
-602.943
-853.054
217.217
199.878
-84.2879
-1200.63
1022.15
174.868
872.716
74.4996
1019.15
-789.613
152.302
-54.1449
-264.263
237.741
-1073.66
-609.254
165.68
458.891
-357.724
375.831
-353.251
-741.889
-200.966
-430.492
145.417
-15.3273
92.2948
119.534
550.443
-494.307
684.883
-65.9461
-137.862
-89.4091
-900.097
-562.074
-730.451
-240.416
-346.65
504.017
-207.943
63.6072
180.891
-483.174
-959.881
-68.9798
661.213
-139.889
-443.524
609.204
145.989
99.5448
-196.513
148.877
122.565
-160.595
-311.601
-1407.34
428.691
-334.335
205.21
1179.67
510.758
965.345
484.624
-1.28491
-80.5269
315.705
476.235
-475.651
-79.1561
-375.621
-768.895
103.667
791.193
-632.015
-222.798
-258.897
832.064
560.581
-874.415
289.585
-265.17
-230.865
122.434
379.195
1423.78
-275.374
-564.829
-48.3999
358.704
10.0403
-610.181
610.826
-500.981
382.863
-760.415
996.724
-1571.03
-27.0535
-384.941
405.438
-506.499
-840.14
-268.22
714.308
-732.422
641.017
-872.148
1101.25
187.145
-737.828
64.0298
-743.674
996.252
-663.923
222.925
299.206
-236.742
-1157.06
246.608
-807.708
-698.136
-26.3275
141.16
-94.4751
-687.155
371.237
556.179
211.769
1291.72
59.7634
323.776
-314.001
-646.021
32.2555
-311.459
-143.459
-649.784
-331.085
-834.033
-659.292
-172.289
-499.286
210.46
-210.313
-38.1708
56.837
517.274
128.843
-421.386
391.101
-451.554
-417.341
36.1915
-376.142
-1619.58
868.289
-52.5019
-388.448
-154.607
-1161.19
515.718
-742.881
-59.2278
797.616
43.5119
-1412.88
-211.076
-1120.94
640.086
-44.2824
-510.393
-753.547
-669.296
491.589
715.079
1413.59
-412.816
-200.329
800.772
701.626
-709.039
-690.44
429.232
326.75
-1256.16
402.446
666.238
945.642
868.152
1072.63
109.16
-60.6482
-28.3817
434.382
-1032.15
447.967
-68.2322
-864.225
-277.573
-261.17
84.158
1447.67
-24.2665
-471.223
-349.217
-345.35
81.4029
-875.133
509.657
936.448
-1282.99
-227.528
-970.471
-145.63
-829.663
99.1792
-491.12
-1104.26
-151.912
-769.507
317.85
-821.227
620.386
182.029
462.618
426.151
-799.301
-637.528
-434.637
339.413
326.07
-39.4394
41.8819
405.62
679.713
-369.979
265.08
-37.317
-444.994
-45.0254
786.029
509.683
-466.073
1251.85
-728.289
-772.116
-222.047
-915.081
-675.078
-406.674
635.762
-1304.77
-17.2896
1252.89
-6.91961
-505.551
-354.609
162.473
-215.995
-333.787
-219.01
209.41
-16.661
-217.473
-532.708
-94.0172
635.311
-637.909
187.876
68.1404
-810.135
697.756
14.5388
-120.785
346.776
130.431
905.429
-329.768
-1131.7
225.886
-174.393
15.2511
676.9
633.107
-146.682
-607.505
422.769
-688.738
-710.614
523.383
81.0844
-1240.45
256.576
-41.9562
80.3863
670.828
-6.05559
-466.007
923.13
77.3394
85.5508
-1012.64
-1061.69
868.876
-98.5669
293.186
-37.484
-478.002
435.044
743.594
387.101
-316.456
-719.546
-142.895
242.996
253.348
-889.204
-264.29
-749.186
783.458
437.574
273.479
291.99
-220.811
186.237
373.323
-63.3861
627.78
347.658
-101.406
12.8524
-1133.53
417.437
549.798
-597.489
288.097
174.142
-476.764
-310.488
-1326.08
-491.394
850.852
831.703
-282.541
-350.085
1360.69
-126.043
796.404
-401.005
-831.671
264.792
783.87
219.742
434.292
664.588
-749.273
370.713
226.241
16.9726
143.043
-747.799
-1034.4
-54.826
356.81
237.077
-94.7195
-859.329
775.207
633.441
-188.168
39.6882
-27.5782
295.823
-428.914
-476.611
-848.484
-632.376
261.722
-1002.78
-393.778
-1066.78
-348.669
185.625
-738.133
-489.253
474.372
-470.016
82.0079
745.712
649.167
-238.428
-661.407
-162.901
288.142
-774.573
423.096
-1062.78
522.028
-263.165
-161.873
-413.884
-931.137
-169.642
-468.154
-96.6421
38.7438
142.699
-369.858
632.252
286.294
-3.60311
354.328
-643.194
364.511
253.877
-506.36
-664.86
-29.4619
4.56301
518.752
612.147
-742.183
693.45
902.903
-37.0937
-550.506
238.003
932.505
183.229
632.189
379.783
607.238
-443.244
-248.663
-416.897
-259.586
-336.249
111.81
-271.304
-1408.47
798.116
795.418
-889.803
51.2561
797.34
137.984
-395.305
581.023
492.94
-985.583
-918.669
-434.853
56.1587
-99.2711
-400.588
-726.552
-280.878
-1077.99
-1062.87
293.184
-588.926
-119.824
150.327
-188.034
257.504
622.409
468.871
-183.072
1259.55
-82.3743
-549.676
1392.35
229.999
-1120.68
798.258
-321.629
281.636
3.10074
456.192
-376.984
-966.218
722.893
217.168
-291.326
218.022
-803.8
-186.526
-392.465
309.204
-61.9817
322.459
42.2053
-232.436
372.136
728.509
828.085
-833.27
-137.279
107.272
-655.539
-147.558
-45.361
464.299
346.734
377.118
1089.42
-174.038
112.56
-1165.25
384.571
216.839
303.088
348.634
118.962
