1175.19
18.2014
-917.069
-82.5369
-670.218
351.229
275.491
533.336
-612.478
-969.618
92.3098
-123.504
-128.037
-678.864
-12.223
-89.1063
138.532
183.572
-175.473
-803.99
-161.607
-731.806
491
103.143
442.804
350.266
-873.067
-1074.75
-469.429
-308.218
-665.295
-953.178
481.821
309.468
156.851
-479.936
-548.419
-398.864
20.2571
-537.462
65.3119
-128.444
1156.87
6.46492
-572.476
-964.93
306.851
389.257
-79.4524
922.038
-397.968
1016.91
478.867
198.133
-657.932
357.173
-1108.41
-810.829
-1264.75
-1341.45
20.9245
-409.841
-107.418
249.209
669.133
1074.97
437.05
669.188
524.194
336.621
-313.609
-77.0311
-994.177
163.567
-570.948
655.192
-166.579
-372.156
1273.04
323.81
57.1123
-108.906
-601.853
1047.54
-216.346
205.619
350.432
-566.1
-851.462
642.392
625.851
774.146
-321.296
375.125
-580.371
101.188
278.373
-129.247
-701.552
298.546
-124.185
-349.971
-690.116
608.701
142.242
376.514
0.186626
594.405
470.648
-439.626
13.8143
87.969
778.136
199.531
-651.613
583.997
409.742
-624.055
1217.38
595.847
-402.552
-199.362
160.38
-59.86
-23.0626
-128.151
14.4876
612.66
-170.847
498.774
231.777
287.454
489.094
84.9328
1309.56
174.782
-22.398
-965.08
-1139.46
-893.144
-297.583
-166.853
-781.348
735.281
532.921
278.396
318.89
-324.428
471.204
-1089.61
20.186
-293.762
-218.54
555.407
347.539
87.1534
-224.978
1006.48
651.669
-714.28
-620.22
-421.892
0.132095
720.265
84.0804
61.8032
79.7482
124.496
-509.812
65.341
299.223
-487.13
-592.89
-968.001
219.845
145.941
-318.987
463.703
-513.735
-680.684
317.079
361.477
-1087.49
-351.035
-573.421
749.558
-629.391
86.8239
-459.195
-707.446
-356.34
731.239
-56.1828
772.697
-396.572
-228.626
997.688
-411.367
-66.6475
-773.899
-456.466
-233.049
29.7452
-59.4622
-754.284
777.543
-200.981
-818.639
1163.71
-795.593
465.751
-600.225
-68.1982
-257.408
-838.468
-178.495
-517.409
-69.9593
-637.577
389.869
1044.49
504.711
415.729
-390.834
388.73
952.612
-126.553
44.3618
-773.921
-50.4971
-154.1
-1056.18
22.9985
-183.049
-41.3706
702.137
-131.512
131.869
367.036
-451.483
-764.764
-775.257
-905.477
-58.2229
962.549
-617.463
-501.019
996.333
-549.472
471.735
-1191.02
507.873
200.894
-495.66
239.376
388.919
500.43
860.423
-337.241
-251.918
-253.751
-759.371
-82.5099
197.591
89.7755
1142.24
159.106
-2.77193
-369.541
403.142
-21.2937
-117.142
-451.877
287.131
541.524
869.139
883.005
496.27
-471.526
240.348
-198.804
-422.937
642.836
-344.053
659.598
-154.925
-149.103
882.906
283.483
-877.967
1214.07
194.571
1018.28
482.849
917.596
373.767
418.694
-212.594
-16.1298
932.054
858.118
320.115
-195.538
-537.915
-107
-145.676
782.716
-847.651
-6.72001
-935.875
131.436
67.4934
96.7255
-67.0501
-521.099
615.615
1002.73
-528.233
-941.06
543.156
654.257
547.558
151.1
-308.447
-132.229
-939.16
-663.482
81.1737
660.699
53.4597
-117.289
-568.144
496.258
709.867
394.821
789.911
-110.049
-319.363
-295.466
-110.853
-12.2076
-472.074
1125.08
1188.96
-198.984
-920.797
500.842
-505.695
1109.52
-514.253
-1017.02
-29.4072
1241.17
-804.49
455.545
27.3252
-124.826
-665.107
564.056
-1.08027
-184.315
-922.469
47.5435
237.885
930.096
-104.371
344.2
1017.32
246.089
1019.69
-302.825
187.136
-1033.1
1021.91
-938.495
-280.706
-311.772
279.069
-5.46008
998.955
-926.962
-219.126
-59.7425
-288.8
306.383
11.7377
-697.146
-964.829
323.938
329.714
-568.592
-102.044
1239.16
350.966
-266.265
1338.65
153.518
496.538
-648.346
-913.192
178.187
39.0965
-734.136
-428.62
-312.959
226.986
-665.025
275.436
86.5023
243.385
302.054
-77.1493
295.114
-23.2642
252.039
378.309
-512.138
-826.405
282.912
-847.603
-0.835374
-672.461
-279.974
544.704
-449.85
757.907
97.5036
-276.142
858.118
-594.345
1020.93
-221.618
-596.187
14.3728
350.169
80.7114
-465.209
452.644
-123.82
306.402
-46.1959
760.093
-445.619
538.939
-1111.07
-1128.31
990.557
-659.697
-545.492
370.292
233.416
386.259
599.385
164.865
560.706
629.908
-511.554
364.339
659.498
-500.469
582.484
-533.389
22.2884
-151.053
-728.59
-162.963
233.645
-205.859
-1294.68
439.233
-482.128
513.692
43.1948
-68.3765
-582.842
884.889
504.858
-1029.86
288.262
716.343
-642.309
-1245.73
-243.679
-719.239
-459.794
-489.681
-321.284
-453.731
165.033
392.707
12.5638
1312.82
250.711
1001.72
683.579
657.175
-71.2143
-512.874
-137.157
413.707
-291.124
-282.777
-703.921
1045.67
561.425
65.0876
-12.597
1302.46
243.903
-119.651
78.1283
370.217
388.385
-344.027
-271.909
175.776
-375.392
-416.122
61.1429
-569.544
-22.4776
237.771
325.047
-482.606
-152.844
105.685
351.883
-1127.43
-145.079
580.515
-524.975
-678.923
90.6505
-1179.77
-976.16
-594.449
239.207
-317.087
933.586
427.566
479.426
786.356
448.529
545.652
752.201
-186.109
-196.433
-690.936
12.3253
-725.076
-950.37
99.2677
120.07
-44.2484
372.809
86.2963
-284.111
240.834
293.889
-141.163
-90.703
-812.765
-809.01
1156.99
-83.3279
-484.407
-299.095
897.688
658.863
261.32
-813.863
528.593
-204.518
267.919
779.885
-453.073
-166.493
492.256
-506.138
101.183
531.768
734.612
802.245
444.7
51.574
993.723
-522.344
-779.414
311.249
555.486
632.251
1101.91
-71.2681
398.887
674.824
172.58
-247.326
1373.83
1063.71
-470.846
-323.345
-249.491
-104.089
129.13
139.079
612.253
-307.275
160.604
-160.842
-664.697
-351.522
-786.949
-480.613
-313.1
-964.152
-1185.06
676.586
21.7777
353.594
169.531
-281.741
899.079
81.5738
504.361
-135.33
-238.397
430.463
454.642
-824.164
-551.101
-355.748
615.648
37.3801
371.79
55.9294
-463.406
-634.895
-686.833
282.565
-262.118
-337.804
400.163
-1222.65
-622.865
192.52
-119.956
17.6884
861.719
-759.547
72.8874
368.618
373.869
188.09
540.714
-233.292
-178
116.65
537.216
110.498
453.626
-30.2423
-137.578
-182.791
-205.266
-338.246
40.172
866.323
-663.881
81.216
-174.068
24.801
-575.337
-207.329
973.872
1050.06
-9.33791
-811.784
-892.201
-505.261
52.6589
723.933
-95.8598
-372.015
107.414
634.412
-906.131
1.00327
449.764
-255.841
281.243
1100.58
-11.5874
89.5467
-742.218
628.579
-579.918
154.315
-212.277
-158.344
469.72
668.865
-26.6474
-27.4429
-830.821
774.976
59.5661
-762.678
-1258.06
-401.765
770.407
-287.596
210.81
327.824
-549.236
-981.705
715.621
27.5809
208.371
-1068.82
28.7033
98.6817
-52.8683
187.814
-66.7289
-1042.95
237.554
37.4039
-338.015
-411.6
559.543
9.06573
310.746
1406.45
180.833
758.942
-641.02
386.58
-1062.09
-209.201
12.16
-120.78
337.537
-111.735
14.3193
-599.746
-295.947
477.955
687.408
-134.464
-926.079
-513.1
130.861
-27.3022
-334.351
268.098
45.5804
-657.665
-677.888
-1221.59
1080.33
175.359
402.918
482.748
-1062.8
715.792
786.738
11.1031
-81.1568
755.594
652.917
-362.349
-326.1
770.347
-374.762
373.16
-194.344
807.579
195.548
-1302.44
542.409
225.138
-863.939
-621.815
314.15
236.875
279.854
648.271
-831.209
532.01
-584.887
-600.797
43.9191
-654.286
-745.837
22.7665
580.352
331.501
-397.376
666.486
466.302
214.39
-75.1065
168.351
-10.2475
-417.146
-318.926
-197.198
-406.282
315.917
-62.0345
790.601
863.724
272.122
-525.79
-167.177
459.307
-526.161
-401.755
-303.156
367.069
243.079
-16.4906
194.668
759.673
451.239
-107.057
119.879
-628.02
254.649
-111.226
587.562
562.883
-5.12306
-942.876
486.96
-171.765
-29.8202
983.105
322.955
-733.954
388.998
220.34
-1025.75
-11.7205
806.876
-508.753
732.173
882.936
-288.79
-377.608
-142.218
184.244
978.736
483.546
12.9408
625.836
180.586
515.549
469.21
-737.89
278.377
138.143
-1059.85
-693.653
-532.268
-1178.59
534.565
-445.905
-133.832
132.398
198.122
27.6961
-28.3646
-905.548
347.745
-489.551
157.31
-492.365
-243.773
-41.2358
-352.901
-508.795
546.289
-147.39
-171.289
-192.31
-991.051
611.461
604.563
351.71
-673.641
252.252
186.647
-1352.9
-612.095
-175.516
24.8909
-200.022
255.901
-148.083
135.127
-1127.4
-76.6155
57.2076
182.683
60.8166
-606.632
228.624
99.6005
429.424
287.505
-658.163
-94.0579
-88.5836
119.878
351.175
-690.035
-777.006
-192.321
-260.48
-170.058
-497.02
-1010.89
-326.488
-427.611
388.046
-452.533
-1004.85
-135.475
-32.9822
-50.6696
-468.258
-538.75
124.414
526.571
354.015
-802.382
317.534
-193.276
313.857
-428.73
597.574
1374.27
-368.953
-472.493
918.668
-576.062
-443.295
-236.677
620.007
744.513
-199.269
-287.43
126.744
-26.4914
-198.415
-355.952
515.502
-72.3646
-571.01
347.07
529.54
-497.304
-555.144
82.8774
-891.112
316.017
175.255
884.48
-174.973
514.284
95.0715
-128.39
-434.49
977.533
-649.782
358.693
592.059
-35.2499
1292.4
-581.643
-110.859
-1075.86
25.223
-436.412
-484.117
241.046
-303.188
242.598
162.549
184.362
-578.662
61.9649
377.746
-585.671
837.815
-655.877
356.889
-407.38
458.534
-352.957
-808.74
-1398.22
36.3822
543.159
1094.14
117.056
71.8371
-280.136
983.872
659.042
387.466
-221.798
-456.595
113.316
-461.755
84.4686
-594.734
-206.585
1230.48
237.897
185.115
83.6156
-386.898
495.244
-68.3029
-559.436
-14.9184
-644.724
69.1626
-1097.37
192.502
-576.88
-362.776
559.336
-157.445
274.129
-18.0781
151.446
-348.264
578.078
238.284
632.611
494.001
-358.015
571.988
-315.431
-989.335
50.3015
565
-148.002
-36.3124
-213.436
193.321
-275.043
-738.07
97.0613
390.602
-191.555
-71.353
390.449
-717.099
430.352
-206.383
1160.93
-560.089
174.474
-257.329
402.032
505.659
1184.72
46.3954
234.568
-440.536
640.32
235.978
245.527
-580.232
421.239
-328.453
-429.935
-115.735
-5.86901
-92.3579
-72.6405
-517.876
-148.849
-544.421
-1429.2
477.192
525.164
-80.2937
-786.961
-521.53
91.8928
385.784
-236.172
1173.8
773.217
-356.548
-966.727
-994.639
297.465
-1202.81
-545.499
748.765
599.105
494.654
648.504
-701.094
-971.84
-97.5331
406.711
736.03
487.479
-36.2273
803.616
55.0655
565.049
-221.121
-437.601
375.803
-243.955
41.6249
771.216
736.278
-146.075
783.439
-389.531
505.598
-180.33
81.4178
318.993
-503.592
-555.259
-610.75
59.3578
-1377.09
-67.464
-31.812
-137.664
-4.92808
-900.827
407.362
-1015.63
-748.207
236.528
7.47833
-440.796
-98.535
982.221
-500.962
-207.122
-237.716
-586.247
-1084.1
-385.973
-428.397
41.2545
-810.711
-1187.96
280.045
-227.65
-542.331
1284.66
-235.563
-528.225
-353.462
495.084
-552.314
581.812
-61.7018
216.99
273.605
649.93
-670.074
403.88
872.989
-485.772
14.1004
385.014
-157.837
593.313
-313.916
625.839
-285.411
604.01
306.786
-370.906
-228.581
-307.522
-30.6027
-1471.28
158.815
692.373
-918.049
502.315
208.163
529.776
-588.247
-347.991
-285.155
873.832
159.676
928.413
-76.8189
-11.812
-716.563
-95.0025
-943.14
-1226.84
-370.357
410.794
11.168
-464.788
-233.895
-621.18
1028.33
-207.662
-28.1494
-233.562
1322.91
9.64654
-411.749
1013.99
162.576
-701.968
-724.39
167.774
138.38
-955.991
231.991
461.042
132.885
-143.045
314.498
-652.922
-1185.42
-20.9031
-347.269
-499.96
658.474
358.181
-1280.78
-468.163
539.989
-616.947
-21.2012
-438.155
-727.95
157.825
-147.625
-490.345
-579.771
-648.144
335.535
5.42325
431.568
-727.279
14.3132
457.307
882.828
-130.794
544.734
-930.194
-228.433
189.946
-210.136
106.3
871.287
306.127
627.951
10.0035
294.979
794.495
46.9903
1014.44
-625.515
-461.759
-212.501
-834.528
-301.85
-100.686
990.988
245.815
-454.386
-264.94
309.594
-150.42
-1033.73
158.654
664.945
-404.621
-198.397
1074.93
653.953
-488.161
-1418.58
-827.301
252.519
169.636
287.501
345.498
-287.955
403.733
85.1373
-641.18
-102.791
450.987
355.815
132.123
-419.74
-230.269
1146.89
-655.43
-164.144
539.036
248.254
575.833
-1121.54
-34.3629
-626.43
362.617
-100.715
-772.435
1049.97
-779.905
44.9517
1125.5
398.5
-305.892
-69.596
-684.8
-78.8739
-134.39
69.085
-160.346
-544.704
-504.513
425.867
-139.575
-105.654
-239.319
-147.597
-657.426
34.9614
-237.607
-281.663
-246.857
-662.825
312.915
-486.115
-237.148
-739.943
-331.367
-671.265
54.5077
-144.146
818.151
-26.2232
-329.094
-472.288
172.603
-1107.76
-100.323
-177.769
-1133.47
-852.951
416.814
1168.9
376.515
-526.626
231.554
121.663
20.6013
-259.772
-620.072
-116.433
844.867
-434.584
729.437
170.155
-167.669
-75.1525
382.662
584.178
-994.631
-994.559
535.622
541.981
801.934
-483.615
-841.692
32.828
-360.905
-1314.69
-556.037
557.693
941.543
-924.179
-236.882
-384.587
-762.232
283.232
-237.737
-226.119
-927.277
-556.666
124.479
507.493
-361.035
1.20229
331.169
731.988
1148.08
-181.105
-1020.05
-496.037
596.372
-63.4447
-77.3244
-1120.8
838.467
897.44
-86.4937
400.901
-488.596
479.037
191.131
442.548
177.687
-537.09
-368.605
-375.493
1090.95
-328.818
27.3908
423.818
-334.414
418.537
149.23
-67.5695
-141.159
15.4676
-259.518
-134.441
159.01
613.929
-551.127
-67.6929
-364.355
-621.522
553.948
-563.55
900.613
-470.115
924.751
1245.19
-150.997
713.943
158.396
-34.2965
816.049
-895.755
257.176
1223.24
-396.051
474.033
526.569
163.018
-880.91
919.977
-153.96
660.579
-610.339
368.577
-138.145
-850.529
-182.156
601.546
237.262
-1067.8
-972.312
-756.02
-88.9269
148.713
808.101
-760.47
24.8959
-869.463
-601.53
-851.839
218.54
201.095
-84.0275
-1199.54
1022.86
176.145
873.844
75.5846
1020.23
-788.905
153.86
-54.0825
-263.074
238.404
-1072.09
-609.368
166.11
459.933
-357.686
376.915
-352.522
-741.126
-200.552
-429.283
145.453
-15.1282
93.5179
120.802
551.143
-493.187
685.939
-64.4587
-136.239
-88.0026
-898.498
-560.977
-729.133
-239.181
-346.709
505.237
-206.348
64.6639
182.001
-481.612
-960.002
-67.5304
661.206
-138.504
-441.903
610.818
147.31
100.649
-195.464
150.346
124.019
-158.989
-310.521
-1406.28
429.865
-333
206.532
1180.38
512.243
966.017
485.679
0.353568
-79.7942
317.027
477.316
-474.644
-78.3706
-374.373
-768.821
104.762
791.91
-630.667
-221.18
-257.828
833.412
561.663
-873.683
289.56
-263.652
-229.755
123.741
380.246
1425.4
-274.169
-563.68
-47.1377
359.772
11.6075
-609.142
612.151
-499.75
383.997
-759.329
997.903
-1569.49
-25.7612
-384.079
406.536
-505.424
-839.046
-268.065
714.42
-731.371
642.03
-870.896
1102.86
188.257
-737.11
65.395
-742.597
997.755
-663.085
223.591
300.692
-235.34
-1155.43
247.371
-806.163
-697.061
-24.9743
142.498
-93.1449
-686.051
372.318
557.735
212.659
1292.57
61.0863
325.106
-312.39
-644.926
33.3876
-310.378
-142.001
-648.452
-329.562
-832.599
-658.02
-171.243
-497.933
211.155
-209.047
-37.0938
57.5199
518.18
130.291
-420.53
392.178
-451.261
-415.843
36.846
-375.293
-1618.36
869.575
-52.4967
-387.125
-153.568
-1160.07
516.825
-741.289
-58.5101
798.653
45.003
-1411.55
-209.842
-1119.82
640.707
-42.6567
-509.723
-752.216
-668.23
492.949
716.667
1414.45
-411.33
-199.254
801.845
702.702
-707.962
-689.338
429.087
327.668
-1255.04
403.124
667.615
946.693
868.694
1073.75
110.731
-59.8371
-27.3789
435.702
-1031.07
448.66
-67.1238
-863.58
-276.475
-260.125
84.9077
1448.96
-22.7721
-470.116
-347.956
-344.3
82.7254
-873.809
510.728
938.098
-1281.83
-227.596
-969.139
-144.299
-828.516
100.253
-489.513
-1102.65
-151.26
-768.851
319.392
-820.412
621.271
183.352
462.495
426.189
-798.192
-636.793
-433.588
340.478
327.652
-38.6654
42.5677
406.326
680.398
-368.864
266.16
-35.988
-443.948
-43.5069
786.95
510.894
-465.4
1252.52
-727.095
-770.79
-220.763
-913.609
-673.983
-405.567
637.033
-1304.83
-15.7707
1254.5
-5.81256
-504.471
-353.41
164.008
-214.637
-332.392
-217.454
211.053
-15.6243
-216.374
-531.781
-92.8997
636.651
-637.083
189.16
69.6395
-808.554
698.819
16.1536
-119.53
347.644
131.536
906.143
-328.376
-1131.76
226.619
-173.601
16.5236
678.075
633.748
-145.61
-606.392
423.872
-687.673
-709.025
523.321
82.4119
-1239.09
258.215
-40.8565
81.8233
671.621
-4.42328
-465.317
924.218
78.2056
86.6107
-1011.31
-1060.64
869.732
-97.5121
294.263
-36.4279
-476.438
436.309
744.789
388.353
-316.508
-718.365
-141.51
244.079
253.978
-888.258
-263.175
-748.084
785.104
438.353
275.043
292.653
-219.752
187.716
374.562
-61.8016
629.103
348.966
-99.8692
14.1063
-1133.63
418.985
550.878
-596.159
288.77
175.77
-476.532
-309.34
-1324.57
-490.32
852.01
833.186
-281.179
-349.045
1361.92
-124.663
797.498
-399.717
-830.222
265.427
784.547
220.927
435.781
666.236
-747.978
371.795
227.72
18.0404
144.367
-746.758
-1033.33
-53.4938
356.836
238.156
-93.1292
-858.29
776.379
634.419
-187.118
40.7673
-26.2982
296.516
-427.297
-475.367
-848.475
-630.901
262.828
-1002.93
-392.675
-1065.18
-347.346
186.718
-736.863
-488.521
475.283
-469.424
83.065
747.302
650.499
-237.359
-661.483
-161.605
289.617
-773.474
424.216
-1061.69
523.13
-261.549
-160.744
-412.801
-930.443
-168.318
-467.058
-95.6005
39.5944
143.893
-369.739
632.314
287.569
-2.49659
355.647
-641.754
365.247
253.816
-504.717
-663.534
-28.1215
6.07945
519.834
613.186
-742.222
694.724
903.79
-36.41
-548.903
239.39
933.599
184.302
632.864
380.865
607.186
-441.646
-247.772
-415.81
-258.347
-335.639
113.409
-270.141
-1406.98
799.436
796.507
-888.781
52.2466
798.718
138.886
-394.186
582.609
494.565
-984.93
-917.336
-434.131
57.241
-97.9966
-399.445
-725.324
-279.306
-1077.87
-1061.36
294.688
-587.665
-119.064
151.019
-188.016
258.817
623.04
469.997
-182.282
1261.04
-81.3351
-548.418
1393.53
230.874
-1119.21
799.531
-320.304
283.213
4.09976
457.489
-375.767
-965.159
724.392
218.245
-290.037
218.793
-802.779
-185.651
-392.14
310.442
-60.9306
323.382
43.7283
-231.075
372.834
729.795
829.154
-831.617
-137.257
108.506
-653.887
-146.502
-44.11
465.792
347.771
378.221
1090.99
-172.922
113.606
-1163.94
386.145
218.416
304.706
349.728
120.548
