1170.77
15.3556
-918.612
-85.0484
-671.049
352.081
276.902
533.806
-614.283
-970.464
90.443
-124.333
-128.88
-680.022
-10.9566
-91.8436
133.795
179.293
-177.636
-804.695
-164.342
-733.221
487.839
98.4723
439.122
346.82
-874.971
-1077.41
-470.251
-310.949
-664.931
-955.696
481.199
309.478
154.123
-479.602
-551.923
-399.314
17.7153
-537.123
66.0673
-127.527
1152.12
2.31892
-573.303
-968.17
306.009
388.484
-82.5431
919.183
-398.111
1016.05
476.138
196.226
-658.379
356.135
-1107.26
-811.74
-1266.07
-1344.18
20.2186
-411.422
-109.53
246.702
667.239
1072.12
438.23
666.779
522.194
335.285
-314.45
-80.742
-994.942
162.709
-571.77
652.589
-171.194
-374.061
1272.56
320.524
55.3794
-109.57
-605.145
1047.22
-218.044
204.384
348.616
-565.396
-852.192
639.658
625.133
769.918
-321.671
373.216
-584.334
98.2312
273.722
-127.857
-700.299
294.705
-126.998
-350.457
-691.44
607.42
143.57
374.42
-2.50061
157.423
595.227
466.602
-439.008
9.23641
87.1205
778.838
196.764
-652.553
583.14
407.96
-624.272
1218.41
592.147
-404.422
-198.079
157.767
-61.673
-23.905
-128.143
15.7517
611.951
-173.43
498.415
227.035
287.148
488.46
84.5163
1310.91
171.736
-21.7586
-967.816
-1141.91
-894.058
-296.593
-168.602
-785.328
734.43
532.417
278.253
319.909
-323.807
471.884
-1088.62
20.1925
-293.588
-221.128
552.677
346.711
84.6358
-227.084
1005.99
649.806
-716.828
-624.975
-420.909
-0.793753
718.4
83.5995
59.224
75.0853
122.702
-514.595
62.4843
298.504
-487.9
-595.6
-971.073
216.988
144.464
-322.649
461.658
-516.469
-681.293
312.206
360.745
-1087.46
-353.77
-574.267
747.821
-629.041
82.1936
-462.135
-712.183
-356.958
729.219
-56.3134
773.675
-398.526
-231.243
997.221
-415.689
-68.8293
-776.078
-457.089
-234.431
25.8264
-62.0819
-752.87
777.846
-201.683
-820.512
1165.04
-795.296
462.967
-601.946
-72.877
-262.126
-839.295
-179.138
-518.149
-69.1227
-640.092
386.984
1045.73
501.937
417.115
-393.563
389.353
949.879
-129.232
39.5658
-774.701
-53.3671
-157.726
-1058.15
19.7192
-183.652
-44.0365
700.758
-131.789
129.14
366.992
-452.261
-765.367
-777.984
-904.337
-59.4148
961.691
-616.101
-503.585
991.48
-550.273
468.938
-1191.85
506.428
197.899
-495.418
240.127
385.971
498.631
857.253
-342.065
-252.526
-254.594
-761.654
-83.1143
198.939
88.5738
1140.79
154.35
-4.45982
-370.347
400.408
-24.0641
-120.292
-454.608
287.035
541.252
868.867
880.272
497.417
-473.716
237.796
-197.639
-425.959
638.119
-343.696
658.774
-154.19
-149.825
884.172
278.811
-876.642
1212.94
193.719
1017.1
480.756
914.873
369.811
414.067
-214.307
-16.9802
933.166
855.387
320.628
-197.558
-540.339
-109.727
-144.9
777.95
-846.324
-11.141
-934.531
132.26
67.7989
94.0692
-67.6308
-522.934
611.609
1001.87
-529.078
-942.343
543.657
653.431
548.382
150.262
-313.123
-134.956
-941.869
-665.285
79.1035
661.929
51.4669
-116.36
-571.84
496.338
709.018
393.987
785.254
-111.716
-323.324
-300.269
-112.667
-14.2942
-472.788
1124.22
1188.1
-201.715
-922.452
499.999
-506.881
1106.91
-516.983
-1017.85
-31.241
1239.73
-809.256
452.736
22.5068
-123.754
-664.523
559.973
-4.27323
-183.708
-924.409
47.4824
238.169
926.841
-106.039
344.894
1013.63
245.415
1020.31
-302.71
184.407
-1033.96
1020
-941.356
-280.765
-312.616
277.87
-6.22581
999.365
-929.761
-221.258
-59.1399
-290.579
305.554
10.5183
-696.371
-967.309
322.245
327.786
-567.262
-104.596
1238.38
351.371
-267.114
1337.8
151.422
495.944
-650.861
-918.03
175.121
38.7228
-733.331
-429.396
-314.849
226.129
-666.389
276.209
85.6528
239.344
302.505
-79.8839
294.263
-25.1679
247.368
376.633
-513.406
-827.256
279.699
-848.772
-2.6281
-673.283
-282.415
543.96
-453.125
755.797
95.4519
-279.825
856.994
-597.306
1020.36
-223.096
-596.661
13.7019
349.354
79.8652
-464.204
452.539
-126.736
305.489
-48.3972
758.179
-446.473
538.161
-1111.68
-1128.32
987.372
-660.543
-544.341
371.294
234.581
383.847
598.366
162.94
559.295
625.816
-512.395
363.489
657.511
-504.126
581.967
-534.89
21.6842
-154.555
-729.239
-161.791
234.554
-206.53
-1295.49
438.816
-483.739
513.014
40.4665
-69.0922
-585.164
881.072
502.123
-1032.53
287.497
713.608
-641.546
-1246.43
-242.839
-720.72
-458.619
-492.413
-322.554
-454.567
164.532
393.648
10.273
1311.97
249.857
1001.57
684.568
655.239
-73.5799
-515.871
-136.12
411.887
-292.104
-285.453
-704.625
1041.94
559.561
62.3948
-12.5418
1300.08
241.133
-121.84
77.2783
366.122
386.488
-348.606
-274.441
175.991
-378.766
-418.833
61.3199
-573.892
-25.1667
237.229
321.082
-485.336
-153.529
102.722
350.277
-1131.46
-149.411
581.854
-525.81
-681.942
90.519
-1178.48
-979.926
-599.211
238.76
-319.634
930.856
426.724
478.812
785.155
448.627
545.435
751.351
-186.742
-197.288
-693.639
9.97069
-729.847
-952.233
96.2605
117.897
-44.9003
371.445
83.975
-287.109
239.22
289.212
-140.136
-94.2412
-811.359
-809.864
1154.88
-82.2349
-487.078
-301.294
897.564
658.003
256.612
-814.712
524.168
-207.295
265.286
779.294
-457.049
-170.825
489.561
-507.731
100.326
529.006
735.037
803.318
442.819
48.9781
993.096
-523.189
-780.923
308.748
554.639
629.682
1101.06
-74.1897
397.152
672.703
173.822
-248.178
1371.49
1062.87
-473.58
-327.401
-250.87
-108.783
128.501
139.632
611.47
-306.356
159.749
-162.661
-664.666
-352.372
-791.728
-482.603
-314.585
-968.814
-1187.35
675.742
21.0356
352.054
168.929
-285.043
896.909
82.4832
503.822
-138.074
-238.412
427.117
451.911
-827.948
-553.205
-358.135
612.915
35.7505
370.95
53.4104
-464.94
-635.739
-687.424
279.833
-261.238
-338.501
397.722
-1224.58
-625.746
191.75
-122.457
16.8288
862.925
-764.173
72.7339
367.893
371.636
187.264
540.068
-233.659
-179.898
113.818
534.775
107.666
452.774
-31.0935
-137.015
-186.255
-204.376
-337.918
37.8575
867.484
-668.529
80.7758
-176.29
20.121
-576.082
-207.932
973.189
1045.37
-12.0675
-815.992
-894.929
1032.69
-506.113
47.9596
721.488
-97.7035
-371.471
105.189
635.828
-908.029
-1.25377
448.282
-257.748
279.05
1097.85
-12.2738
88.9172
-744.809
627.298
-581.208
152.587
-213.121
-157.175
470.014
666.705
-28.2165
-28.3003
-834.835
776.27
57.7831
-763.312
-1257.24
-400.707
767.763
-288.387
209.955
324.83
-551.971
-985.368
714.032
25.7045
205.472
-1068
24.0728
97.5493
-55.6884
185.713
-65.8881
-1045.67
238.976
35.548
-339.442
-410.688
560.843
8.43734
309.267
1401.62
181.349
760.094
-641.779
382.394
-1062.93
-211.595
12.6088
-119.687
335.357
-111.258
13.7758
-604.437
-295.301
478.977
685.82
-136.437
-927.432
-512.695
130.443
-28.4654
-335.983
267.478
43.7304
-660.496
-682.52
-1220.47
1081.54
174.5
403.964
481.214
-1063.92
716.189
786.327
6.55211
-83.9058
754.007
651.722
-365.725
-328.697
769.896
-377.152
369.264
-195.837
808.457
193.743
-1303.3
541.767
222.502
-868.521
-624.41
313.3
234.985
278.943
647.675
-831.874
529.675
-589.384
-601.323
43.0951
-657.037
-746.673
20.6729
580.617
326.888
-400.315
666.882
467.19
213.637
-77.1146
167.155
-9.52827
-415.992
-317.605
-199.087
-409.014
315.07
-63.6409
785.809
860.877
272.869
-528.524
-171.635
455.594
-528.328
-404.105
-307.78
366.706
241.862
-16.7745
195.888
755.256
446.598
-111.595
119.281
-628.106
252.133
-113.899
587.94
562.321
-4.79569
-943.33
486.184
-172.461
-29.4693
980.373
322.229
-736.687
386.479
221.064
-1030.16
-12.0387
802.303
-507.755
730.831
881.485
-291.52
-379.14
-143.063
185.564
977.422
483.447
13.8885
625.126
181.677
512.819
466.998
-742.512
277.739
136.244
-1062.59
-696.383
-532.602
-1180.4
531.414
-445.59
-137.615
129.672
197.831
26.8386
-30.918
-905.199
346.913
-488.387
157.978
-497.128
-244.018
-45.2018
-353.738
-511.829
545.445
-146.188
-172.128
-196.369
-995.812
610.624
602.477
349.862
-673.86
251.748
187.501
-1357.4
-616.889
-176.208
24.2495
-202.377
255.546
-152.739
136.207
-1130.07
-81.4528
56.6846
182.161
57.0853
-609.827
229.765
100.079
428.579
286.707
-660.71
-96.8665
-91.0668
119.083
350.302
-691.608
-780.794
-194.155
-261.232
-172.591
-501.877
-1011.58
-327.09
-428.457
387.075
-453.386
-1006.28
-134.776
-35.717
-53.0239
-471.428
-541.347
122.794
525.768
352.984
-804.693
315.677
-192.843
313.006
-431.288
595.741
1373.59
-373.272
-473.343
916.809
-575.104
-446.13
-238.093
619.207
743.843
-201.686
-288.271
125.891
-29.2191
-198.767
-355.095
514.757
-72.2045
-571.846
343.911
530.749
-497.284
-555.487
78.7722
-890.127
313.758
172.147
882.978
-174.433
512.829
90.9993
-129.188
-437.308
972.726
-652.438
359.349
590.294
-35.8103
1293.18
-583.456
-110.963
-1077.28
23.524
-439.125
-484.419
236.695
-304.032
239.863
163.165
183.593
-581.95
57.212
375.099
-586.264
838.812
-656.58
355.09
-411.312
457.676
-354.924
-811.921
-1398.84
32.5054
542.304
1089.49
113.727
72.6083
-282.483
985.202
658.34
384.759
-221.526
-458.251
111.797
-462.096
81.5168
-597.464
-209.316
1225.97
235.037
185.714
79.3615
-388.517
494.398
-71.0345
-560.256
-19.0128
-645.57
69.0603
-1101.12
193.397
-578.733
-365.506
556.514
-157.094
271.86
-18.639
150.296
-348.68
577.22
237.306
632.057
492.646
-358.723
572.302
-317.642
-992.067
51.3421
563.159
-148.836
-39.1967
-215.484
190.643
-278.402
-738.926
95.4009
386.156
-195.548
-73.486
389.598
-717.464
428.293
-208.164
1159.49
-562.824
173.623
-257.598
403.009
502.733
1181.99
43.9457
233.713
-443.065
639.79
235.136
241.678
-584.6
421.699
-330.431
-432.607
-117.017
-8.52894
-93.2017
-74.4355
-518.629
-151.416
-545.206
-1427.84
474.74
522.389
-83.8417
-785.639
-522.16
91.0394
384.932
-238.905
1171
774.292
-357.737
-971.359
-995.272
297.007
-1205.55
-548.829
748.67
594.417
492.358
647.726
-702.98
-975.779
-99.3306
407.485
735.7
485.496
-35.2477
802.943
53.7507
560.458
-225.098
-437.893
374.978
-242.797
40.7662
768.33
734.058
-147.241
782.602
-393.449
503.301
-179.909
82.8146
317.084
-504.446
-558.841
-611.049
58.5075
-1378.48
-66.3389
-34.4927
-138.314
-3.9873
-900.149
407.106
-1019.28
-749.032
234.465
2.81944
-442.279
-100.254
981.686
-500.346
-207.269
-241.327
-588.102
-1085.79
-388.736
-431.133
36.8582
-812.153
-1192.16
276.169
-230.067
-545.256
1282.96
-234.156
-528.232
-355.206
493.078
-553.153
580.99
-62.0763
214.987
272.816
649.809
-672.735
403.054
871.104
-488.503
13.8181
383.169
-157.872
590.398
-318.008
625.182
-290.052
603.207
304.496
-375.341
-230.985
-308.14
-32.1249
-1470.65
157.982
691.525
-918.907
500.915
209.392
527.845
-588.07
-349.862
-283.913
870.481
158.32
926.589
-80.8063
-14.3803
-719.287
-97.7328
-942.544
-1226.4
-370.505
409.947
9.32221
-467.922
-235.84
-625.289
1028.82
-208.749
-28.2872
-233.517
1320.31
10.4247
-412.348
1013.14
161.037
-705.016
-726.979
167.862
137.758
-956.843
231.383
460.559
130.114
-142.014
311.612
-654.424
-1184.35
-22.6578
-348.413
-501.533
657.102
357.883
-1281.46
-470.894
540.35
-617.093
-23.9812
-438.926
-732.369
154.207
-149.55
-490.895
-582.499
-650.3
332.843
4.22338
430.884
-728.399
13.46
453.875
884.14
-131.64
545.666
-931.02
-229.284
189.686
-211.758
105.45
869.069
304.388
627.676
9.16191
294.542
793.898
46.3298
1012.98
-627.337
-463.811
-213.15
-836.202
-300.806
-101.555
990.609
244.328
-455.669
-267.314
304.921
-151.275
-1036.37
157.796
665.14
-405.912
-200.08
1074.34
651.299
-490.225
-1421.86
-828.352
250.264
168.787
283.813
343.193
-290.687
401.409
82.0273
-643.486
-102.072
448.176
355.284
131.307
-424.148
-231.562
1147.62
-657.954
-166.871
536.305
248.485
575.291
-1122.35
-36.4211
-625.709
362.287
-99.4455
-771.468
1051.11
-780.715
43.6189
1124.51
397.838
-306.57
-72.0712
-685.627
-77.6604
-136.775
67.3083
-165.103
-547.53
-505.569
425.255
-140.43
-108.334
-240.177
-151.228
-658.265
32.2292
-238.101
-285.818
-251.132
-664.601
310.484
-488.273
-237.935
-740.595
-336.128
-673.907
53.6511
-145.417
817.503
-28.9062
-331.821
-471.742
172.826
-1108.62
-101.726
-177.52
-1134.66
-856.148
418.011
1168.14
373.787
-527.446
229.013
121.861
18.7423
-261.442
-624.845
-117.143
843.039
-437.7
726.883
169.462
-170.419
-74.012
383.953
581.443
-997.36
-993.266
532.059
541.14
802.038
-484.366
-844.233
30.0977
-359.849
-1315.62
-556.668
556.867
941.415
-924.169
-237.846
-387.318
-760.854
282.406
-238.831
-226.788
-928.747
-558.868
123.221
508.497
-362.276
-1.52715
330.922
733.41
1144.76
-183.602
-1019.75
-497.603
595.814
-67.29
-75.9667
-1125.59
834.385
895.799
-87.0503
396.038
-490.58
476.974
190.597
441.988
175.54
-538.945
-369.25
-379.042
1090.2
-331.552
26.5329
421.083
-336.846
418.109
147.462
-69.476
-140.235
14.8581
-261.112
-136.634
158.155
609.818
-551.007
-69.7167
-368.968
-621.952
553.719
-565.043
899.767
-471.995
923.67
1242.46
-151.469
710.465
153.744
-33.6845
815.199
-896.591
256.507
1221.04
-396.776
473.415
527.552
161.66
-882.165
920.053
-154.813
661.824
-611.81
364.313
-142.959
-849.614
-183.001
598.79
236.486
-1069.2
-972.472
-756.502
-87.5832
148.375
806.21
-761.112
26.093
-872.285
-600.646
-853.331
215.727
200.394
-88.4351
-1201.37
1022.74
173.411
871.115
73.4433
1020.67
-789.417
153.004
-58.7184
-262.49
238.006
-1072.94
-614.181
161.896
457.366
-362.345
374.769
-353.097
-741.135
-204.778
-428.673
140.791
-19.6087
90.7858
119.404
551.009
-494.867
683.314
-65.5364
-137.084
-87.1311
-897.286
-562.832
-728.386
-240.641
-351.468
502.505
-205.154
62.04
180.015
-482.466
-964.819
-68.6626
656.498
-139.727
-440.612
612.084
144.562
97.921
-198.056
149.52
123.201
-159.897
-312.694
-1408.66
429.173
-332.235
203.751
1179.84
511.407
965.586
483.058
1.70886
-79.8636
314.236
474.591
-474.28
-78.9762
-375.088
-773.442
104.088
791.358
-631.43
-219.901
-260.073
832.644
559.501
-874.26
284.835
-262.61
-231.457
121.006
377.643
1426.69
-276.9
-566.409
-49.8711
357.507
12.7219
-611.652
609.3
-500.456
380.682
-759.999
994.64
-1570.48
-27.1185
-384.701
404.67
-507.632
-840.89
-272.592
709.823
-733.97
642.391
-870.228
1104.12
186.292
-737.652
64.1406
-744.38
996.907
-663.701
223.404
299.855
-234.474
-1154.12
243.544
-807.02
-699.268
-25.742
141.737
-96.1105
-688.072
370.153
556.879
212.03
1292.68
58.2962
322.12
-313.29
-647.003
30.6588
-312.549
-143.119
-651.479
-330.42
-831.68
-660.754
-173.691
-498.699
211.017
-209.772
-39.7989
57.0692
518.4
131.225
-421.15
390.385
-455.623
-414.831
36.4746
-375.16
-1621.09
866.84
-57.1904
-389.904
-156.12
-1161.99
514.925
-740.107
-59.0566
796.103
44.1639
-1414.47
-212.574
-1121.75
640.422
-43.5016
-510.131
-755.188
-670.887
491.682
715.816
1414.59
-412.165
-201.023
800.064
700.509
-709.747
-691.209
424.24
327.915
-1254.52
399.195
668.435
943.251
864.598
1071.02
109.878
-60.4483
-30.8688
432.643
-1032.88
444.748
-69.1176
-863.79
-278.535
-262.583
84.8658
1448.22
-23.6131
-472.12
-347.283
-346.896
79.945
-876.618
508.497
939.495
-1283.42
-232.363
-972.136
-147.283
-829.199
98.4738
-490.361
-1103.5
-151.467
-769.219
318.534
-824.149
621.455
180.553
457.67
421.526
-800.182
-637.38
-436.008
338.197
326.801
-39.2685
42.4165
406.204
680.237
-370.786
266.605
-38.9258
-446.525
-44.3624
787.196
511.496
-465.568
1252.1
-730.306
-773.626
-223.497
-914.435
-673.508
-407.573
636.304
-1309.58
-16.6266
1255.76
-7.70796
-506.65
-354.106
163.149
-213.838
-333.598
-218.431
212.424
-18.1559
-218.432
-532.416
-94.8313
635.887
-637.696
186.426
68.7955
-809.406
696.522
17.4211
-122.263
347.803
129.524
902.247
-329.161
-1136.52
226.025
-173.565
17.2063
675.344
633.407
-148.294
-608.304
421.844
-689.957
-709.95
518.558
79.5081
-1238.28
259.57
-42.7256
82.7399
671.645
-3.0908
-465.454
920.829
74.5238
83.198
-1012.06
-1063.26
869.862
-100.128
292.471
-38.7898
-477.292
433.174
745.369
387.633
-321.257
-721.095
-142.734
244.528
253.672
-891.811
-265.096
-749.955
786.49
437.748
274.189
292.256
-222.081
186.884
373.107
-60.6461
626.301
349.688
-100.875
13.387
-1138.41
417.988
548.159
-599.119
288.346
174.89
-480.966
-308.805
-1325.42
-493.011
851.32
832.35
-282.433
-351.542
1358.72
-123.829
795.643
-402.451
-831.345
265.184
784.105
218.196
434.942
667.623
-748.715
369.069
226.888
15.7813
143.054
-749.25
-1035.56
-56.5097
352.162
235.442
-91.9522
-860.799
775.686
630.883
-189.534
39.003
-27.673
292.606
-426.02
-476.08
-853.162
-631.729
260.82
-1007.77
-394.706
-1066.07
-350.126
184.87
-737.588
-488.587
475.515
-473.437
80.7119
748.476
649.739
-240.754
-666.256
-162.954
288.787
-775.334
421.488
-1062.36
521.093
-260.279
-160.233
-414.611
-930.571
-171.132
-469.136
-95.1972
39.7266
140.667
-374.306
627.675
284.451
-4.39014
354.322
-642.562
365.179
249.054
-503.343
-666.385
-29.4098
7.11694
518.024
610.673
-746.957
691.99
900.122
-36.8619
-549.751
240.23
931.855
182.525
632.428
378.14
602.431
-440.443
-248.4
-417.631
-261.08
-339.633
112.56
-271.739
-1407.82
796.692
794.667
-892.228
51.5956
797.935
138.254
-393.686
583.767
493.72
-985.288
-918.091
-434.686
54.514
-101.107
-402.733
-724.686
-280.261
-1082.42
-1062.21
293.841
-589.07
-119.663
150.541
-192.696
256.082
622.727
470.497
-182.252
1260.2
-83.8879
-549.829
1394.09
230.248
-1120.03
796.797
-323.143
282.36
0.603999
456.747
-376.467
-968.553
723.547
216.476
-292.771
218.786
-803.434
-186.276
-396.466
307.272
-60.5164
319.774
42.8698
-232.332
372.338
727.06
828.484
-830.207
-141.933
105.773
-654.727
-148.863
-44.8277
466.791
345.242
375.493
1092.1
-175.651
111.024
-1165.27
385.292
219.542
305.986
347.876
119.697
