1030.17
261.577
-404.535
183.905
326.021
457.913
-232.892
-277.075
-544.281
-18.0652
323.455
-513.168
-177.868
-344.024
-526.621
366.57
693.657
-52.0399
-142.801
-367.496
48.8873
293.234
-813.925
-170.878
-467.78
770.495
-143.015
-548.657
-714.494
725.141
-43.7252
1030.74
421.249
-239.494
-4.92941
0.630516
163.855
252.09
188.509
638.671
114.204
1394.81
518.585
319.954
-144.621
8.32219
804.401
809.003
-409.978
416.867
-615.367
974.971
98.9727
429.429
-414.167
1284.28
-1048.87
-516.668
-527.749
-2.40527
929.572
570.963
1245.65
38.4746
1162.03
-474.648
-363.714
356.585
616.786
1264.59
906.454
728.242
-557.966
33.4836
-566.656
-784.27
63.8856
-722.122
772.28
-520.92
1224.14
-342.153
1469.04
-66.6624
804.596
263.329
-19.1055
910.838
1059.48
915.532
401.533
761.878
-360.433
784.531
-487.38
-63.6008
357.168
526.377
978.91
636.568
6.99921
-337.576
-540.336
14.3793
441.682
-304.019
144.112
-98.8644
1037.66
942.154
-128.383
-982.741
150.902
213.505
446.764
-610.952
1533.89
418.263
77.5371
35.8817
214.491
-291.82
-112.492
157.757
358.498
-452.999
571.605
-997.323
10.1245
-485.293
344.145
1104.69
-619.585
203.788
276.214
-712.395
1193.55
134.883
-1146.33
847.371
1535.73
368.812
910.089
176.802
379.055
599.278
-685.943
1006.83
680.93
-273.349
300.397
407.222
451.355
110.995
422.752
-452.476
-220.62
-262.359
786.831
1048.1
199.116
549.75
-506.385
-235.662
496.294
-233.514
534.517
1136.18
670.936
-84.0035
353.669
-713.723
167.772
80.1023
438.602
1079.2
643.897
-459.443
-301.655
-84.1595
205.66
-87.7447
-375.18
1283.53
67.1367
-58.725
-381.946
-148.97
796.881
746.727
-358.77
994.974
-319.94
147.402
379.924
214.693
975.876
-196.184
827.211
-672.604
-310.13
741.278
-439.009
-48.6849
-173.389
55.3874
705.07
-765.101
756.966
604.124
589.17
-196.726
483.687
-239.208
-65.821
768.425
-299.333
979.403
-130.486
402.958
-54.5999
378.624
116.8
372.644
247.421
729.59
-71.4029
-464.377
-50.789
-229.631
1114.37
-379.949
73.9554
258.125
-459.551
211.836
-380.86
413.732
138.14
930.456
-889.442
-827.763
232.629
-733.507
5.83785
297.43
-712.877
990.627
426.181
38.3955
308.256
-617.797
409.327
-870.449
-23.1464
1304.48
-240.717
363.359
4.37563
150.799
248.329
3.30586
1051.87
456.201
-517.688
-371.971
-43.8912
-113.163
-512.544
219.707
261.468
254.04
929.372
-402.021
-338.088
558.696
362.499
39.568
410.972
-418.038
568.181
-651.303
-144.177
-482.549
141.587
-138.041
-528.066
-68.6357
-760.635
278.572
393.367
1179.5
-61.3755
-177.556
811.948
-189.277
-208.375
1283.22
581.626
456.056
-418.357
812.681
443.29
-214.779
920.815
-60.454
164.113
-138.414
349.163
-20.393
476.784
-121.702
305.716
-514.728
596.336
976.011
-548.745
150.689
842.279
758.014
312.304
-559.697
-768.518
-210.066
-308.321
346.138
712.542
-94.7268
1290.29
-372.005
-493.761
489.465
1264.7
-91.3215
1330.74
58.4724
529.615
256.033
98.6644
-9.67045
639.988
1211.83
272.694
91.0667
-94.4162
-389.182
541.707
1366.81
572.514
310.373
1603.17
640.559
5.89407
264.51
-62.7832
16.5164
-535.991
235.29
-751.897
616.558
864.802
298.997
919.673
611.575
172.487
-403.004
-179.319
-223.402
-143.783
-38.0725
1331.29
39.401
-851.54
1020.19
461.255
255.981
401.744
-1.54331
-147.021
589.629
18.3886
940.723
255.278
360.949
-615.405
952.47
640.097
503.423
528.039
-40.9866
-540.477
-158.047
-201.111
-424.593
-254.073
1428.52
176.394
656.823
-268.774
525.617
-898.571
13.8676
958.425
598.783
-194.844
-616.412
515.503
-1078.86
54.9464
113.49
1365.58
-326.07
-197.565
747.78
111.811
-551.858
-637.918
629.955
328.238
1021.54
701.808
-189.077
466.85
-76.7717
-61.4298
-860.719
908.613
-63.9838
359.374
198.822
218.016
-422.844
443.554
-422.049
186.096
-476.905
556.246
-82.8933
567.88
870.118
556.062
-587.009
1493.89
360.006
501.948
412.787
39.3179
499.512
855.556
-61.7572
990.638
1580.98
103.556
125.549
46.486
1767.6
544.553
226.497
525.528
171.396
185.096
-15.4288
792.836
-101.076
-555.94
207.282
-271.135
-555.285
-25.955
183.062
1165.4
-195.311
-238.796
695.493
-247.634
561.831
399.163
-255.85
1120.49
769.09
279.451
-277.139
-75.8386
677.524
113.987
-323.152
742.913
329.829
1081.99
205.075
-546.303
-39.6414
427.524
859.982
130.8
-50.3701
961.208
-327.411
657.048
-107.271
155.314
527.582
627.246
767.094
43.0799
413.855
-534.534
396.656
-6.86603
238.662
-133.388
16.558
938.997
956.199
-256.802
-316.9
65.0747
110.297
1291.89
-730.773
-215.334
555.184
46.5275
-290.014
-415.879
1051.72
1010.98
-793.275
-516.066
584.255
1167.65
-275.096
922.212
76.3053
1212.82
-216.358
209.948
374.524
646.413
180.518
-456.523
-339.177
52.6425
114.311
562.812
373.913
502.648
-320.833
787.068
790.289
-513.378
764.996
394.113
-778.312
448.066
214.307
-111.684
-127.329
970.563
-86.0721
702.139
245.716
-314.742
410.697
775.849
-104.177
418.822
1139.51
166.076
1186.57
-884.85
-149.291
1471.67
-87.9641
47.5303
-219.896
915.817
147.498
113.145
206.539
317.016
333.065
328.72
-724.627
685.204
-97.6334
842.33
240.357
35.6159
845.958
72.0672
-550.017
-479.078
-155.412
-437.063
565.938
62.7215
170.954
466.613
781.793
323.377
417.321
-682.008
-935.36
241.265
457.445
-767.857
-554.302
248.874
369.405
120.52
1039.3
324.368
513.749
962.741
422.882
1431.53
431.05
1142.53
-750.993
-82.6173
334.334
-978.786
750.04
243.777
-177.352
-202.695
1248.06
477.806
763.272
-372.723
1727.14
702.805
-59.747
181.19
-134.288
1188.71
4.60539
669.76
34.716
-215.899
-260.199
443.081
-71.4413
-1268.31
625.836
282.488
-208.702
-244.173
-125.892
676.68
-238.791
100.896
659.104
750.884
1314.68
-18.0755
1113.06
254.344
-63.2942
-32.0103
196.623
621.665
-426.061
570.929
-346.942
1107.01
771.112
223.926
758.628
1015.58
590.195
-262.056
42.737
-155.497
15.64
-376.474
-448.026
-78.997
598.895
508.67
294.476
-266.866
-1081.93
645.658
281.138
546.052
449.16
1587.72
-162.238
61.8381
-762.923
503.431
547.542
726.62
-676.115
609.548
617.913
302.628
-1043.44
503.316
-192.203
-214.736
42.1483
-1064.25
966.954
161.198
-236.762
316.864
-151.477
720.647
1134.45
-20.4839
119.707
557.501
138.871
-435.789
45.5986
316.405
138.882
343.689
252.549
-83.7973
-149.213
342.566
801.92
314.828
-567.456
89.3367
388.938
-283.779
473.222
103.13
807.824
1124.99
1103.18
1305.88
492.251
288.097
624.917
1376.09
-7.65816
253.244
1308.08
-342.113
1132.37
929.521
504.783
809.461
588.404
-477.161
-570.427
-285.962
-214.621
754.603
-988.796
-658.407
562.731
-341.18
448.431
353.079
-28.7866
49.5402
287.827
-397.454
1341.27
-580.218
69.1279
460.041
1267.21
45.3997
936.338
223.956
14.5854
792.838
458.783
173.284
1026.27
43.6251
-918.757
424.076
-66.961
-74.5859
315.504
1138.38
634.113
-834.216
124.776
697.63
179.313
-78.381
90.5937
298.183
-177.686
-768.794
942.345
194.742
463.139
668.173
875.982
-286.451
304.405
-265.424
582.547
156.931
-142.011
-111.914
261.33
1110.6
41.9238
-49.5812
185.829
790.329
-176.094
965.389
-762.075
-142.448
327.679
-496.129
246.586
87.7029
1016.94
-225.806
1115.52
270.03
-176.21
798.695
905.308
-753.958
252.004
267.309
-283.998
126.536
299.566
-252.423
-220.679
43.6308
562.348
-604.505
-854.873
557.428
129.254
331.135
249.012
-95.5087
849.286
-475.193
-853.882
991.457
-217.917
568.468
59.879
184.145
766.319
395.696
-1074.98
-466.573
649.616
-58.678
-452.422
396.246
522.421
50.9322
-19.8605
743.063
125.092
721.325
-611.325
204.517
82.1521
325.442
924.395
983.057
105.132
652.333
662.645
-492.834
-396.991
-78.2631
369.726
-949.879
1363.33
492.819
281.878
595.718
807.7
487.649
702.975
627.08
-222.98
564.501
-332.565
116.708
-214.261
-182.5
722.343
-86.2262
730.992
-2.39781
170.374
221.503
-181.144
1045.03
-513.611
7.07482
62.7815
-437.181
-302.568
694.865
248.552
269.045
854.651
598.827
-791.673
782.991
-490.347
322.289
107.477
-53.9791
1172.2
269.333
581.829
662.324
-21.5153
-643.204
457.807
-1.54877
-649.706
-132.923
377.159
835.132
900.753
128.561
1661.9
-657.996
-173.471
1189.83
-487.357
163.629
-788.964
477.054
-197.372
247.539
-168.417
1034.71
338.719
-353.676
-553.17
816.311
927.669
568.932
-120.614
-289.158
-82.4798
11.5842
-39.7172
114.556
-310.383
-318.67
566.534
-508.384
