1174.06
19.0976
-917.815
-83.4
-670.033
352.51
277.374
534.035
-613.645
-969.359
91.2588
-123.324
-127.316
-678.795
-10.5013
-88.3342
137.122
182.699
-176.402
-804.153
-160.945
-732.307
491.898
101.725
442.911
350.733
-874.078
-1075.32
-469.283
-308.106
-664.762
-954.055
481.242
309.366
156.552
-479.456
-548.021
-399.549
19.4073
-536.972
66.4898
-127.097
1155.47
5.82076
-572.309
-964.122
307.618
389.285
-78.4356
922.964
-398.334
1017.31
478.702
197.149
-658.618
357.495
-1106.82
-810.205
-1265.04
-1341.53
20.7815
-410.664
-108.349
248.35
668.139
1075.89
438.68
668.317
523.264
336.276
-312.867
-76.957
-994.194
163.931
-570.807
654.52
-168.005
-373.155
1272.36
324.522
55.9922
-109.273
-601.131
1046.94
-217.396
205.502
349.303
-564.995
-851.565
643.099
625.749
773.344
-321.945
374.149
-580.692
102.211
276.954
-127.39
-699.849
298.408
-123.328
-350.673
-690.417
608.474
144.033
375.589
-0.283413
157.895
595.655
470.161
-438.667
12.4421
88.247
779.222
200.343
-651.056
584.434
408.558
-624.552
1218.85
595.924
-403.61
-197.623
159.721
-61.0023
-22.8158
-128.251
16.207
612.537
-171.593
498.14
230.368
286.843
488.578
84.2683
1311.38
175.862
-21.4082
-964.354
-1140.35
-892.524
-296.16
-168.002
-781.692
735.577
532.22
278.02
320.346
-323.467
472.257
-1088.19
20.082
-293.562
-219.276
555.553
347.716
86.2947
-225.912
1005.79
650.625
-715.137
-621.633
-420.476
0.710571
719.226
83.3856
61.0525
78.3293
123.325
-511.221
66.2506
299.117
-487.126
-593.318
-966.939
220.758
145.315
-318.834
462.776
-513.142
-681.369
361.404
-1087.54
-350.31
-572.811
748.424
-628.882
85.4014
-458.202
-708.862
-356.971
730.314
-56.5316
774.112
-397.521
-229.286
997.009
-412.297
-67.5728
-774.836
-457.067
-233.489
29.4833
-60.1106
777.957
-201.138
-819.701
1165.51
-795.173
466.586
-601.318
-69.6162
-258.822
-838.298
-178.978
-517.481
-68.6964
-638.449
390.816
1046.19
505.537
417.584
-390.951
389.689
953.01
-127.047
42.9579
-773.901
-49.5752
-153.896
-1057.13
23.7265
-995.569
-183.757
-41.8975
701.696
-132.113
131.723
366.838
-451.459
-765.486
-775.629
-903.899
-58.2393
962.962
-615.64
-501.822
994.942
-549.394
472.587
-1190.81
507.307
201.961
-495.335
240.551
389.939
499.277
861.299
-338.645
-252.599
-253.052
-760.293
-83.2065
199.403
89.7346
1141.66
157.698
-3.80473
-369.447
403.768
-20.4832
-116.216
-451.741
286.84
540.932
868.55
883.47
497.864
-472.458
239.531
-197.195
-421.852
641.427
-343.536
659.755
-153.772
-149.212
884.633
282.067
-876.186
1214.18
195.101
1018.27
481.925
917.252
373.434
417.273
-213.675
-15.8433
933.61
858.393
320.889
-196.479
-538.805
-107.302
-144.477
781.314
-845.868
-7.82724
-934.073
132.687
67.9197
96.1776
-67.7932
-522.216
615.191
1003.11
-527.575
-941.266
543.906
654.428
548.81
151.325
-309.866
-132.572
-939.599
-664.655
80.2421
662.385
52.5216
-115.929
-568.037
496.278
710.486
395.028
788.497
-111.04
-319.687
-296.871
-111.996
-13.1395
-472.207
1125.51
1189.5
-198.791
-921.76
501.101
-505.691
1108.88
-514.121
-1016.86
-30.5148
1240.61
-805.903
456.408
25.9237
-123.315
-664.203
563.504
-0.220553
-183.377
-923.43
47.3179
238.273
930.842
-105.364
345.278
1017.4
245.795
1020.63
-302.731
187.016
-1032.76
1020.95
-937.603
-280.924
-311.112
279.03
-5.45713
999.547
-926.139
-220.057
-58.8142
-290.003
306.567
11.6584
-695.95
-965.715
322.894
328.769
-566.803
-102.87
1239.24
351.556
-265.693
1339.28
152.589
495.804
-649.218
-914.598
179.236
38.4515
-732.909
-428.599
-313.981
227.716
-665.417
276.633
87.076
242.912
302.723
-76.497
295.408
-24.2574
250.622
377.296
-512.317
-825.891
283.736
-847.556
-2.00963
-672.321
-280.855
544.667
-449.106
756.99
96.5708
-276.021
858.239
-593.331
1020.2
-222.243
-596.886
14.0518
350.3
81.3623
-463.771
452.334
-122.848
307.005
-47.1195
759.134
-445.181
538.983
-1111.8
-1128.43
991.408
-659.086
-543.9
371.731
235.028
385.384
599.745
163.912
560.203
629.339
-511.317
364.629
658.57
-500.304
581.777
-534.057
21.5933
-150.66
-729.056
-161.345
234.986
-206.188
-1294.6
438.572
-483.01
513.426
42.9948
-68.4978
-583.753
884.777
505.482
-1030.4
288.268
717.08
-641.125
-1245.94
-242.413
-719.868
-458.175
-489.473
-321.471
-453.515
164.329
394.082
11.6567
1313.41
251.019
1001.32
685.005
656.242
-72.1074
-511.818
-135.684
412.585
-290.662
-283.286
-704.084
1045.69
560.379
64.6339
-12.6135
1301.6
244.719
-120.576
78.6908
369.649
387.39
-345.391
-272.772
176.044
-374.8
-416.543
61.3436
-570.513
-22.9435
237.049
324.699
-482.708
-153.088
106.715
351.007
-1127.86
-146.032
582.32
-524.767
-677.848
90.2982
-1178.03
-976.152
-595.862
238.53
-317.934
933.713
428.324
478.802
786.306
448.583
545.141
752.791
-186.646
-195.997
-691.383
11.4314
-726.489
-951.45
100.347
119.147
-44.6776
372.4
85.3968
-283.05
239.942
292.473
-139.7
-90.3662
-810.895
-808.591
1156.08
-81.7952
-484.934
-300.023
897.339
659.209
259.908
-813.328
527.465
-203.704
267.315
779.157
-453.418
-167.446
491.82
-506.984
101.577
532.581
735.233
803.761
443.678
50.8667
993.185
-521.695
-780.097
310.391
556.131
631.49
1102.47
-70.2886
397.761
673.906
174.276
-247.031
1372.95
1063.92
-470.296
-323.829
-249.925
-105.506
128.573
139.922
612.31
-305.927
160.918
-161.976
-664.748
-350.981
-788.36
-481.56
-313.74
-965.579
-1185.98
677.317
21.7234
352.845
168.831
-281.042
898.168
82.9139
503.643
-134.551
-238.537
431.081
454.831
-824.186
-552.041
-356.641
616.058
36.4597
372.025
55.0704
-464.138
-634.219
-687.587
282.906
-260.81
-337.99
399.294
-1223.64
-621.942
192.539
-120.822
18.0202
863.379
-760.975
72.4959
368.53
372.957
188.256
540.268
-233.937
-179.005
117.533
536.35
111.38
454.175
-29.7139
-136.716
-182.34
-203.948
-337.778
39.2703
867.935
-665.307
80.5403
-174.992
23.3837
-575.396
-208.039
973.643
1048.65
-9.35402
-812.511
-892.52
1033.17
-504.761
51.244
723.071
-96.9528
-371.183
106.494
636.302
-907.152
0.0889603
449.126
-256.832
280.325
1100.77
-11.8218
88.9959
-742.963
628.351
-580.146
153.204
-212.02
-156.73
470.122
667.95
-27.4506
-27.0564
-831.221
776.733
58.3773
-763.231
-1256.82
-400.27
769.845
-287.538
211.119
328.894
-548.514
-981.54
714.774
26.5442
209.332
-1067.58
27.2804
98.7958
-52.0025
186.887
-65.4616
-1043.12
239.448
36.334
-338.542
-410.26
561.306
8.50635
310.114
1405.06
181.614
760.542
-641.046
385.858
-1061.87
-210.091
12.8283
-119.247
336.618
-111.019
13.5944
-601.166
-294.944
479.416
686.564
-135.407
-926.441
-512.5
130.196
-27.2549
-335.274
267.496
44.5008
-656.801
-679.315
-1220.04
1082
175.722
404.403
482.009
-1062.64
716.365
786.083
9.77629
-80.3715
754.751
652.881
-361.759
-326.816
769.673
-375.655
372.928
-195
808.889
194.399
-1302.05
541.944
224.539
-865.295
-622.544
314.724
235.865
280.461
647.552
-831.585
531.122
-586.107
-601.52
44.0762
-653.511
-745.626
21.8357
580.704
330.078
-396.383
667.058
467.621
214.367
-76.0455
168.322
-9.12334
-415.55
-317.146
-198.217
-405.996
316.564
-62.9095
789.202
864.64
273.29
-525.155
-168.343
459.367
-527.096
-402.658
-304.582
366.433
243.002
-17.094
196.34
758.553
449.82
-108.358
119.152
-628.281
253.793
-111.737
588.104
562.155
-4.6592
-943.568
486.999
-171.948
-29.3165
983.34
322.868
-733.548
388.145
221.469
-1026.8
-12.3399
805.492
-507.322
731.808
882.355
-288.666
-378.337
-141.555
186.026
978.429
483.247
14.3209
625.716
182.117
515.524
468.296
-739.319
277.879
137.146
-1059.6
-693.703
-532.9
-1179.77
535.478
-445.457
-133.866
132.033
197.518
28.0834
-29.1854
-905.038
347.942
-487.945
158.346
-493.776
-244.324
-41.5754
-352.688
-507.701
547.001
-145.74
-171.059
-192.802
-992.466
611.685
603.641
350.635
-674.14
251.548
187.929
-1354.11
-613.503
-175.726
24.4047
-200.919
255.267
-149.504
136.647
-1127.97
-78.0155
56.4928
181.97
60.8568
-605.764
230.209
100.317
430.123
287.592
-659.019
-93.2058
-89.4526
119.954
351.865
-690.842
-777.035
-193.433
-260.515
-170.918
-498.421
-1011.09
-327.202
-427.35
388.517
-452.242
-1005.37
-134.383
-32.3068
-51.5647
-467.354
-539.473
123.512
526.676
354.351
-803.299
316.473
-192.632
314.395
-429.55
596.479
1374.03
-369.879
-471.967
917.623
-574.673
-442.421
-237.183
620.105
744.208
-200.154
-287.195
127.217
-26.762
-199.052
-354.668
515.464
-72.1923
-570.8
347.974
531.202
-497.377
-555.781
82.3
-889.696
315.109
176.24
883.8
-174.149
513.697
94.5494
-128.311
-433.635
976.137
-650.35
359.706
590.875
-35.9832
1293.61
-582.796
-111.16
-1076.38
24.1686
-436.827
-484.734
240.05
-302.496
243.218
163.498
184.375
-577.936
60.5562
377.18
-586.425
839.25
-656.041
355.732
-407.652
458.929
-353.904
-807.846
-1398.84
36.191
543.627
1092.72
117.707
73.0317
-281.037
985.669
658.902
387.062
-221.425
-457.562
112.609
-462.39
85.4855
-594.679
-206.421
1229.19
238.815
186.034
82.7872
-387.794
495.513
-68.0603
-559.305
-15.4751
-644.467
68.8629
-1097.33
193.828
-577.967
-362.783
560.216
-156.939
273.222
-18.8115
151.521
-348.933
578.462
238.742
631.888
493.61
-358.16
572.423
-316.358
-989.031
51.7796
563.917
-147.795
-35.3741
-214.374
192.832
-274.43
-737.688
96.081
389.442
-191.937
-72.2823
390.989
-717.747
429.426
-207.582
1160.37
-559.498
175.002
-257.923
403.445
506.656
1184.77
45.5219
235.03
-441.402
639.608
236.738
245.377
-581.235
421.921
-329.399
-430.456
-115.953
-6.41066
-91.6601
-73.8125
-517.914
-149.638
-544.384
-1427.38
476.327
525.991
-79.972
-785.183
-522.096
92.3773
386.314
-235.746
1174.65
774.734
-356.554
-968.156
-995.205
296.783
-1202.51
-544.836
748.469
597.692
493.757
648.55
-702.132
-972.11
-98.7017
407.91
735.413
486.547
-34.8137
803.332
54.7718
563.642
-221.474
-438.213
375.967
-242.353
41.9844
772.173
735.369
-146.032
783.664
-389.781
504.701
-179.706
83.2834
318.015
-503.159
-554.98
-611.367
59.9116
-1377.53
-65.8974
-32.3003
-138.112
-3.55528
-899.763
406.782
-1015.44
-748.052
235.598
6.05853
-441.43
-99.627
981.51
-500.007
-207.498
-237.486
-587.334
-1085.13
-385.178
-427.665
40.1877
-811.263
-1188.66
279.848
-228.535
-541.358
1283.59
-233.689
-528.346
-354.601
494.154
-552.084
581.962
-62.3481
216.056
273.67
649.589
-670.632
404.047
871.984
-485.627
13.4981
383.934
-158.013
594.3
-314.461
625.459
-286.835
604.115
305.884
-372.028
-229.469
-308.147
-31.3153
-1470.29
159.017
693.028
-917.703
501.835
209.845
528.839
-588.039
-349.045
-283.461
874.433
159.288
927.311
-77.1937
-12.5931
-716.957
-94.9329
-942.214
-1226.18
-370.732
411.445
10.0808
-463.829
-234.841
-621.745
1029.06
-207.441
-28.5114
-233.593
1322.25
10.8482
-412.484
1014.53
161.831
-700.883
-725.138
167.814
137.791
-955.524
231.325
460.35
133.699
-141.578
315.445
-653.592
-1183.92
-22.0649
-347.173
-500.769
658.046
357.575
-1281.07
-468.1
540.504
-617.316
-20.3799
-438.147
-729.036
158.035
-148.587
-491.078
-580.072
-649.081
335.088
5.38785
431.333
-727.124
14.7999
457.795
884.605
-130.532
546.1
-930.032
-227.911
189.362
-211.039
106.855
870.38
304.994
627.358
10.7576
294.307
793.783
46.6121
1013.85
-626.656
-462.701
-212.953
-835.527
-300.37
-99.9783
990.35
245.169
-454.6
-265.835
308.178
-149.996
-1034.34
159.033
665.17
-404.853
-199.419
1074.21
653.415
-489.103
-1417.82
-826.989
251.609
170.229
287.602
344.599
-287.729
402.84
86.1213
-642.095
-101.667
451.853
355.099
132.254
-420.815
-230.509
1148.02
-656.3
-164.485
539.132
248.549
575.114
-1121.43
-35.2973
-625.297
361.996
-98.9903
-771.038
1051.56
-779.807
44.618
1125.9
398.141
-306.181
-70.4663
-684.631
-77.2107
-135.28
67.8861
-161.756
-543.843
-504.217
425.228
-139.135
-106.146
-238.968
-147.399
-657.204
35.285
-238.311
-282.315
-247.712
-664.023
312.042
-487.05
-237.1
-740.395
-332.778
-671.871
54.9157
-144.339
817.722
-26.7051
-329.413
-471.451
172.885
-1107.44
-100.804
-177.436
-1133.46
-852.08
418.461
1168.89
376.189
-526.501
230.708
121.9
19.5361
-260.769
-621.483
-116.57
843.77
-433.599
728.639
169.96
-166.884
-73.5694
384.413
584.954
-994.842
-992.814
535.908
542.743
801.995
-483.656
-842.562
32.8996
-359.412
-1314.1
-556.599
557.868
941.186
-924.265
-236.385
-384.307
-760.393
283.399
-237.532
-226.458
-927.882
-557.598
124.312
508.935
-361.157
1.16042
330.607
733.885
1148.73
-181.972
-1019.62
-496.831
595.646
-63.5803
-75.5027
-1122.21
837.909
896.491
-87.2257
399.508
-489.544
478.111
190.412
441.819
176.763
-538.174
-369.083
-375.167
1090.91
-328.325
27.7145
424.507
-335.298
417.871
148.042
-68.5591
-139.804
14.8023
-260.368
-135.367
159.321
613.328
-551.02
-68.6307
-365.78
-622.2
553.414
-564.201
901.324
-471.157
924.967
1245.55
-151.69
714.355
156.977
-33.3527
816.647
-895.546
256.85
1222.34
-396.156
473.424
527.989
162.625
-881.055
919.985
-153.492
662.281
-610.949
367.724
-139.548
-849.186
-181.492
602.354
237.296
-1068.26
-972.702
-756.724
-87.1207
148.086
807.106
-760.976
26.5417
-868.612
-600.219
-852.488
219.405
200.946
-85.1101
-1200.68
1022.51
176.719
873.764
74.6583
1020.87
-789.624
154.305
-55.5053
-262.175
1336.01
237.75
-1071.64
-610.775
165.347
459.164
-359.108
375.994
-353.265
-741.247
-201.325
-428.339
144.035
-16.3355
93.8305
120.329
550.78
-494.202
685.326
-64.2194
-135.577
-86.703
-896.841
-562.062
-727.968
-239.772
-348.12
505.566
-204.706
64.0301
181.064
-481.169
-961.41
-67.4129
659.796
-138.589
-440.156
612.543
148.099
100.393
-196.189
150.512
124.152
-158.368
-311.451
-1407.2
429.677
-331.814
207.36
1179.67
512.463
965.355
485.051
2.17305
-80.0329
317.868
476.959
-474.113
-79.0608
-374.501
-770.249
104.461
791.189
-630.684
-219.445
-258.749
833.438
560.746
-874.433
288.15
-262.174
-230.813
124.459
379.567
1427.15
-273.969
-563.771
-46.649
358.865
13.1631
-610.015
613.065
-499.903
384.664
-759.681
998.635
-1569.03
-26.1486
-384.691
405.49
-506.355
-840.155
-269.344
713.007
-732.094
642.544
-869.85
1104.58
187.319
-737.842
65.2366
-743.803
998.039
-663.739
223.138
300.912
-234.047
-1153.66
247.258
-805.792
-697.995
-24.9669
142.492
-92.1162
-686.999
371.399
558.188
212.11
1292.64
61.9209
326.167
-311.747
-645.869
33.2612
-311.309
-141.852
-647.366
-329.241
-831.253
-657.53
-172.121
-497.939
210.789
-209.151
-37.5183
56.839
518.452
131.657
-421.147
391.014
-452.258
-414.397
36.2021
-375.165
-1618.19
870.246
-53.9129
-386.314
-154.395
-1161.07
515.837
-739.664
-59.2371
797.849
45.2343
-1410.6
-209.5
-1120.81
640.11
-41.9842
-510.39
-751.193
-668.799
492.755
717.235
1414.56
-411.124
-200.442
800.67
701.791
-709.164
-690.401
427.691
327.99
-1254.24
402.835
668.864
947.156
868.111
1073.65
111.224
-60.4947
-26.9699
436.757
-1032.23
448.398
-68.0639
-864.06
-277.414
-261.003
84.716
1448.94
-22.5323
-471.062
-346.906
-345.02
83.5494
-872.973
509.818
939.969
-1282.67
-229.005
-968.094
-143.25
-828.795
99.059
-488.922
-1102.05
-151.744
-769.501
319.792
-820.362
621.478
184.199
461.097
424.772
-799.144
-637.545
-434.476
339.575
328.188
-39.3678
42.1807
405.987
679.985
-369.835
266.82
-34.9895
-444.721
-43.1951
787.264
511.816
-465.81
1251.86
-726.248
-769.922
-220.183
-913.452
-673.263
-406.512
636.961
-1306.25
-15.4572
1256.22
-6.81894
-505.404
-353.604
164.379
-213.414
-332.436
-216.987
212.891
-16.482
-217.312
-532.318
-93.8487
636.661
-637.748
189.773
69.8952
-808.062
697.926
17.8767
-119.078
347.809
130.601
905.897
-328.33
-1133.18
225.878
-173.651
17.586
678.202
633.124
-146.092
-607.386
422.942
-688.594
-708.432
521.917
83.3748
-1237.86
260.036
-41.9066
83.171
671.54
-2.6289
-465.671
924.761
78.3208
87.1346
-1011.37
-1061.3
869.839
-98.1729
293.093
-37.3211
-475.99
437.248
745.671
388.25
-317.919
-718.315
-141.596
244.746
253.367
-887.928
-264.144
-749.148
786.962
437.679
275.517
291.999
-220.655
187.914
373.976
-60.2019
629.962
350.091
-99.469
13.9956
-1135.04
419.396
550.51
-595.148
288.104
176.448
-477.649
-308.523
-1324.31
-490.794
851.821
833.404
-281.33
-349.916
1362.74
-123.403
796.443
-399.134
-830.072
264.874
783.878
221.067
436.011
668.094
-748.061
371.44
227.921
17.1269
144.075
-747.637
-1034.27
-52.4079
355.421
237.764
-91.5061
-859.167
776.205
634.744
-188.003
39.5867
-26.7249
296.261
-425.566
-475.504
-849.898
-630.732
261.894
-1004.34
-393.618
-1064.51
-346.532
185.64
-736.977
-488.748
475.576
-469.831
82.1721
748.927
650.499
-236.802
-662.894
-161.972
289.802
-774.554
424.062
-1062.06
522.203
-259.825
-159.97
-413.955
-930.775
-167.462
-467.998
-95.0078
39.7151
144.699
-371.083
630.897
288.537
-3.50592
355.326
-641.66
365.005
252.41
-502.88
-662.646
-28.3545
7.5541
518.699
612.335
-743.638
695.328
903.909
-37.0924
-548.324
240.658
932.452
183.105
632.196
380.505
605.781
-439.996
-248.339
-416.946
-257.986
-336.018
113.993
-270.999
-1406.8
800.234
795.429
-888.289
51.8149
798.779
138.35
-393.427
584.215
495.253
-985.578
-917.378
-434.866
56.8778
-97.0101
-398.722
-724.329
-278.788
-1079.17
-1061.08
294.961
-588.147
-119.787
150.327
-189.435
259.569
622.43
470.746
-182.341
1261.27
-82.1593
-548.912
1394.36
230.309
-1119.06
800.133
-319.422
283.729
4.49915
457.444
-375.937
-964.585
724.66
217.055
-289.436
218.662
-803.213
-186.237
-393.077
311.331
-60.3198
323.604
44.0549
-231.233
372.135
730.453
828.855
-829.743
-138.676
108.872
-653.144
-147.398
-44.2258
467.228
346.92
377.984
1092.54
-173.141
112.865
-1164.24
386.656
219.985
306.444
348.659
121.091
