1091.4
349.838
-338.462
256.663
400.578
566.696
-152.373
-196.02
-427.817
66.5931
441.287
-428.393
-81.7172
-242.908
-430.142
471.412
753.541
67.0167
-79.6343
-281.716
129.45
399.243
-739.202
-82.1547
-397.537
839.887
-57.1466
-492.368
-660.921
790.329
66.008
1122.32
482.506
-156.539
59.6479
56.4523
253.127
305.031
264.353
744.375
196.058
1472.4
583.539
376.01
-70.2236
64.9328
910.57
891.885
-323.134
512.161
-561.039
1069
167.331
497.996
-316.973
1394.31
-963.348
-454.335
-437.54
80.0706
980.806
652.926
1315.45
140.6
1278.09
-419.152
-299.701
446.413
702.864
1316.45
982.117
825.431
-469.779
91.6272
-456.965
-693.461
169.525
-612.019
848.875
-409.526
1338.83
-272.027
1585.83
10.2202
921.96
353.146
92.0284
996.925
1162
1022.82
497.2
830.917
-243.623
851.375
-406.981
32.8684
440.236
630.465
1046.29
750.134
96.4331
-273.838
-437.22
122.02
498.686
-210.231
232.207
9.95473
1125.89
997.914
-71.0955
-882.02
208.97
310.865
515.2
-505.216
1606.14
507.772
142.317
121.549
303.16
-221.244
-44.4765
210.511
418.188
-384.695
655.918
-930.226
117.514
-412.973
463.395
1206.76
-530.845
322.771
366.953
-654.442
1285.41
225.126
-1091.42
957.577
1594.98
436.893
984.264
236.343
466.725
653.866
-587.651
1124.14
741.831
-201.717
364.458
467.535
521.286
220.702
499.643
-373.314
-156.653
-143.783
880.996
1112.61
283.233
664.758
-389.332
-155.152
613.772
-119.226
611.354
1190.76
747.583
-30.0499
465.151
-633.462
227.145
131.14
490.294
1196.83
696.427
-370.693
-247.769
-31.8258
259.625
-6.81935
-288.043
1352.21
182.97
57.4182
-275.799
-55.7072
888.786
822.166
-298.914
1084.49
-203.136
232.42
455.157
301.059
1069.5
-118.153
930.071
-620.521
-248.885
796.149
-383.691
34.1102
-68.1422
123.811
819.561
-702.934
808.827
721.548
655.914
-106.92
542.616
-165.54
4.13511
881.71
-181.465
1063.12
-65.9259
477.56
62.8394
490.327
179.507
439.51
328.558
829.735
21.9024
-370.849
21.4906
-156.415
1186.23
-298.473
177.776
324.477
-392.329
277.621
-280.212
479.589
255.701
985.401
-823.876
-736.378
-624.483
61.4514
359.174
-595.841
1054
518.332
157.239
398.392
-549.778
526.061
-803.365
41.4803
1403.39
-140.497
469.738
95.2184
226.09
334.036
73.5833
1126.34
551.717
-457.079
-272.261
38.2489
-46.7667
-450.546
280.262
355.173
370.056
990.062
-340.702
-284.353
625.7
439.734
102.074
470.487
-329.575
637.651
-573.519
-91.448
-401.896
230.09
-42.3665
-463.168
43.4202
-690.604
339.449
460.683
1260.4
53.8025
-89.2919
882.5
-101.551
-150.792
1392.92
660.645
514.23
-326.412
891.29
496.997
-135.517
1021.93
-2.84174
243.829
-77.8322
457.491
56.471
590.148
-14.27
410.303
-451.315
678.796
1091.3
-439.98
230.493
904.498
861.814
394.121
-487.702
-712.638
-157.977
-240.6
428.221
821.476
-6.84311
1342.22
-288.195
-435.716
579.048
1359.42
-20.5466
1436.4
123.721
631.033
322.867
214.235
49.1968
711.168
1285.88
325.834
163.196
-39.2859
-291.651
623.432
1443.18
637.424
370.296
1697.25
751.202
82.0329
362.371
5.79863
115.907
-463.364
295.931
-692.709
732.91
939.472
416.424
980.612
700.714
279.714
-301.753
-68.4338
-149.886
-50.409
16.2702
1407.41
133.21
-768.352
1091.82
534.342
318.463
463.38
104.091
-31.0636
704.047
134.67
1033
308.278
466.599
-512.799
1057.03
703.513
617.857
646.44
73.2531
-452.653
-40.5201
-82.2273
-316.271
-187.784
1526.62
227.645
770.539
-211.163
604.622
-840.999
91.5428
1056.89
707.039
-94.4218
-555.696
570.681
-1027.55
117.359
167.399
1436.71
-245.938
-137.769
852.32
215.595
-497.866
-555.138
726.737
391.207
1104.67
782.286
-113.285
563.663
40.8112
49.7206
-770.163
1000.11
-5.26548
450.779
309.007
272.755
-333.47
500.177
-355.35
287.284
-405.341
673.071
1.99612
971.003
644.572
-531.124
1574.31
411.106
620.551
490.667
98.3098
593.807
973.093
42.0832
1066.4
1695.5
177.26
227.429
155.306
1843.94
607.489
326.905
606.969
238.471
265.103
73.5191
911.378
-28.2046
-461.097
286.279
-166.37
-498.313
31.3946
259.263
1272.23
-136.577
-161.388
755.612
-131.328
1116.84
640.738
469.924
-197.587
1237.47
880.372
333.333
-218.884
18.6879
733.422
165.968
-269.608
795.731
448.796
1137.63
259.086
-479.266
30.9729
485.329
943.355
205.397
24.3423
1077.22
-257.736
755.527
-43.4794
237.19
583.135
683.642
864.699
160.949
530.987
-479.253
498.785
64.3358
345.537
-51.5743
100.138
1006.68
1064.43
-147.261
-203.959
157.571
172.391
1350.17
-674.029
-157.882
648.594
162.389
-232.249
-339.779
1134.99
1122.15
-729.716
-397.862
702.895
1284.49
-166.221
1012.64
137.637
1320.77
-100.836
279.238
450.543
750.75
233.174
-386.888
-281.078
168.675
231.87
668.72
433.531
571.603
-248.727
886.941
864.803
-433.158
878.427
456.074
-682.579
506.417
265.285
-44.8674
-11.6093
1035.27
-26.1441
817.551
348.029
-227.117
482.208
863.946
-22.8538
485.701
1256.11
240.185
1271.51
-788.194
-30.6467
1539.04
-33.6494
163.097
-151.869
969.677
199.217
203.833
276.615
412.958
391.337
437.87
-619.161
777.006
0.914001
914.092
327.616
115.654
943.96
129.89
-454.27
-403.732
-59.6899
-340.427
633.67
130.493
253.76
524.294
842.143
397.103
492.438
-617.538
-860.634
315.78
541.19
-705.568
-437.904
355.982
464.57
183.488
1091.47
402.063
606.539
1067.88
493.37
1515.86
493.855
1219.86
-689.313
-15.1719
418.354
-902.332
862.914
301.899
-102.736
-130.441
1340.56
572.995
880.643
-273.122
1815.72
758.535
0.746339
279.004
-76.9444
1303.14
57.5398
783.244
125.552
-158.977
502.59
30.1627
-1200.68
743.246
375.062
-118.722
-135.045
-48.983
762.705
-168.844
169.44
768.296
836.896
1423.09
41.8484
1196.93
307.482
9.36751
65.548
259.725
740.024
-344.552
686.384
-260.753
1214.5
871.16
277.078
876.473
1120.07
688.228
-203.126
114.389
-99.0205
133.161
-296.583
-360.295
-14.837
671.765
580.38
348.358
-196.667
-1028.71
724.604
350.232
664.357
545.948
1670.06
-66.6925
132.366
-691.257
555.897
617.375
782.392
-572.872
725.446
669.936
418.419
-967.378
554.807
-121.813
-100.654
100.252
-1000.83
1067.56
232.94
-126.434
373.017
-61.7028
809.98
1232.88
67.935
170.788
648.495
205.426
-364.384
106.798
411.761
197.533
411.156
355.208
30.6301
-64.5701
395.455
918.691
410.945
-501.291
157.668
444.582
-179.882
528.249
185.436
916.47
1192.87
1183.14
1411.22
590.862
355.655
701.48
1466.32
108.677
306.28
1378.21
-270.443
1151.44
1249.07
988.792
620.274
863.301
698.32
-407.767
-467.577
-186.316
-117.974
813.972
-884.859
-563.52
669.628
-233.695
551.179
462.197
77.4272
121.64
405.786
-283.577
1424.02
-472.598
172.484
578.796
1320.93
116.94
1011.96
326.806
102.056
859.562
542.991
264.219
1081.43
103.977
-842.455
482.952
-4.53576
12.2553
402.986
1196.95
707.723
-775.619
202.758
780.33
245.349
21.0547
172.953
372.836
-125.478
-660.188
1059.46
258.89
553.36
721.757
929.889
-207.231
362.91
-189.067
676.305
270.101
-35.739
-14.6866
370.726
1182.37
94.052
26.9295
242.352
892.439
-60.4703
1032.7
-696.62
-64.0178
419.982
-431.566
332.458
143.58
1114.09
-155.115
1232.28
372.982
-87.1401
855.976
1023.65
-638.003
366.612
355.581
-214.029
183.109
414.283
-146.165
-143.686
136.798
617.753
-506.638
-772.967
673.292
185.556
403.224
339.09
22.9254
906.356
-360.163
-769.589
1042.41
-100.906
673.41
177.64
284.234
855.664
512.285
-961.965
-384.332
725.065
10.8668
-344.444
458.766
606.704
148.854
93.1682
845.166
191.801
806.613
-549.431
258.675
199.065
403.504
1032.3
1041.69
199.987
718.506
727.809
-387.757
-342.912
-25.2211
442.791
-896.446
1430.15
569.106
335.325
702.549
870.783
543.441
814.346
694.75
-171.925
636.222
-244.173
193.942
-142.984
-120.646
778.889
-21.3246
802.398
91.5639
240.488
331.401
-111.5
1127.59
-410.043
116.479
125.897
-336.002
-209.208
796.853
327.428
321.572
966.836
673.478
-702.298
844.115
-421.576
413.251
172.091
63.2838
1263.77
355.982
677.134
743.601
39.9113
-528.42
575.099
76.3741
-555.442
-14.2051
492.895
929.877
984.906
193.063
1747.3
-590.574
-55.7911
1300.43
-406.73
228.2
-688.825
563.567
-142.429
329.4
-87.5431
1133.27
410.423
-267.102
-482.109
871.811
996.285
630.879
-17.3735
-218.411
-24.7359
78.399
47.2828
203.45
-242.237
-260.806
629.051
-397.466
