1175.63
-852.313
424.434
528.614
-246.974
-561.778
880.952
15.0147
-221.219
963.941
38.5633
228.271
951.853
4.19481
-916.786
-83.0843
485.039
684.207
-382.3
180.761
-671.513
347.807
-369.646
551.292
270.486
-568.27
-973.86
716.906
451.077
157.74
-278.619
-7.57013
256.693
-326.185
-415.843
10.1951
-491.27
-1071.15
-975.646
418.267
531.086
216.738
499.467
1144.69
791.301
-215.91
263.526
-612.165
-970.863
92.3543
933.665
-368.819
-124.822
212.164
-129.646
-196.714
-405.49
872.131
3.55028
-268.236
211.798
-679.388
354.031
141.148
-43.6788
-16.8249
332.336
-10.238
177.941
907.507
-92.1884
373.838
-730.968
139.554
-89.9283
183.773
-79.6915
-175.824
796.731
-805.119
87.1718
1400.39
-426.165
499.304
315.473
-164.555
-731.655
487.915
116.382
786.06
507.181
-435.33
-481.139
-123.598
-641.999
104.267
-2.3635
305.235
-962.103
441.207
787.511
-265.067
368.249
348.015
1133.72
-848.118
522.998
-219.154
-99.0781
-873.264
492.94
-308.84
105.708
195.042
-196.609
-231.63
562.761
-165.644
396.693
-82.8376
-506.533
388.06
-1075.93
-805.64
16.7935
-330.744
317.106
-571.61
-136.959
-470.751
-896.57
135.3
-595.574
-13.2267
786.782
-77.9995
1039.83
-728.13
-423.927
127.776
-231.777
620.025
-604.473
-479.057
981.03
625.26
478.265
192.72
-197.823
-310.393
78.3957
-203.688
457.426
-667.063
-774.462
-458.509
97.5306
-391.434
358.832
547.389
393.19
-296.084
-953.752
422.567
481.693
308.691
-55.3857
-526.532
1052.11
286.801
1165.34
-115.879
-503.665
-362.777
-298.69
-168.967
465.487
-63.5775
-944.578
71.9313
155.357
-1132.32
-880.23
-84.5389
1001.16
-481.63
-367.336
-48.5754
-584.948
190.451
-624.686
-1038.45
-299.494
176.894
-708.265
611.705
87.3822
754.406
862.719
-550.353
-131.498
275.564
-398.691
19.6851
-319.114
-534.493
-1325.39
-215.514
-539.169
419.697
-582.211
856.912
813.181
834.181
-315.566
167.812
229.636
-153.117
62.2149
659.174
-584.135
173.794
20.7299
-132.016
603.053
-376.204
1157.91
429.209
-838.892
-892.185
889.9
-990.4
-1001.49
314.045
-835.687
71.4382
-88.0766
-567.506
613.259
-535.97
6.30124
884.299
-396.18
-158.843
257.032
-573.784
-369.13
487.827
-493.991
182.591
239.478
-967.54
305.213
-133.163
1364.83
-661.673
82.9044
387.988
-82.6391
918.852
213.037
-398.172
-642.643
-865.616
321.57
51.156
-487.315
600.106
-360.227
-88.9132
-687.56
1015.63
-410.057
-846.61
-450.88
658.966
477.235
197.983
-210.688
565.46
403.724
319.748
194.362
866.513
-146.46
-612.451
3.3869
1259.66
-409.651
-657.753
275.207
-327.744
328.745
356.112
1121.44
-1112.62
670.149
-812.135
-544.762
818.035
-686.07
88.3976
-513.621
149.265
1318.27
800.406
300.411
285.386
-666.813
-1133.06
-22.3211
-1264.69
-1343.54
354.846
19.7809
271.093
-409.533
171.892
-43.5514
-448.785
135.475
-164.207
-412.275
609.674
-790.3
-310.427
-621.103
52.6509
154.158
-136.287
-224.606
181.361
-107.756
248.671
778.931
588.554
71.3204
-293.86
-62.1656
-813.022
-76.9494
440.293
122.702
-0.187837
367.926
169.371
423.644
368.331
401.459
325.354
-204.938
669.075
-184.896
-355.984
-94.8906
-91.2456
-757.148
-866.965
-522.694
1203.66
817.077
1071.79
-977.906
432.645
668.719
828.156
-1352.27
-406.079
523.886
336.529
-739.847
562.618
-22.2982
-315.243
-664.761
545.658
209.343
1238.11
-78.4596
927.779
936.601
-995.412
162.299
882.355
-342.694
-1396.04
-572.269
146.709
-456.871
654.377
-165.38
546.81
-709.273
-372.328
1273.17
-213.572
44.4819
321.107
57.5628
-109.589
432.829
705.005
847.972
670.175
-251.206
-719.34
561.869
-898.587
-604.38
1219.68
-193.787
-431.366
135.993
-46.7831
-230.648
636.209
1047.66
-215.924
-124.371
88.8424
645.227
205.22
306.907
310.347
359.175
182.901
-126.1
-329.975
408.398
-286.606
760.658
-130.596
306.245
-904.783
-200.236
58.5759
-195.489
885.726
965.2
350.746
354.134
-126.763
233.343
-699.481
-568.963
204.531
-108.161
469.022
22.3239
-60.2588
-557.473
-852.635
-413.135
532.785
369.322
955.09
217.018
855.677
-797.912
602.185
639.523
55.9915
3.88374
805.808
624.677
-891.226
774.089
-321.137
641.713
-630.491
374.976
439.978
174.648
530.481
-580.975
97.894
319.235
169.222
-204.526
279.536
190.777
251.449
604.441
241.409
-247.646
-1089.62
63.8835
1201.89
-70.9278
194.356
440.277
448.919
354.205
-134.17
-706.07
480.256
232.611
-833.886
-3.40151
297.425
-127.341
372.74
-451.393
-890.449
-349.795
320.377
-384.894
-301.009
-918.459
-749.256
664.106
1135.82
95.6533
-690.103
-346.479
608.395
137.465
86.8704
38.9321
376.183
-575.446
-942.442
-610.315
-955.015
-339.81
765.114
122.186
-731.115
627.127
-1.05447
-415.291
335.547
513.74
29.9742
737.659
-69.8833
200.586
-215.617
-324.944
41.3437
-670.595
260.612
-529.51
-324.966
591.055
-149.286
-680.854
470.104
-173.501
-630.881
613.229
-480.779
607.746
-268.103
-511.024
854.526
-578.757
-421.621
-492.076
-536.755
397.24
374.85
237.098
418.125
104.908
-329.335
165.57
896.143
-136.817
-565.191
-366.611
-663.804
56.9961
-588.227
-66.1471
-86.6
1002.94
327.801
-279.979
-442.23
217.091
-37.9287
-1087.43
-676.028
-1267.09
208.181
-577.151
-369.47
-431.51
67.4151
14.9324
86.6932
-478.757
-671.019
775.125
196.423
226.021
-1278.39
505.391
382.007
288.993
-102.968
-98.3153
-758.071
-209.845
-242.749
1235.86
841.441
437.764
-652.849
-433.212
21.4755
87.48
190.242
-30.8675
16.0346
727.565
-323.437
159.115
805.225
-804.825
263.969
572.199
582.674
-4.64711
410.229
-620.737
494.944
1026.54
114.519
366.196
-471.249
840.477
-330.377
-623.993
177.775
1213.33
-704.578
594.274
230.055
566.047
1075.05
533.991
587.457
241.36
11.446
-624.606
176.295
513.119
109.675
1207.66
214.966
514.647
-223.807
-462.902
-743.194
443.484
-256.431
-168.393
-4.80441
706.321
-662.024
-853.957
110.36
333.731
1375.9
687.658
-201.134
861.656
613.706
511.015
1352.2
-137.729
-611.412
525.13
-402.549
460.782
-203.995
328.12
1053.49
420.9
422.868
189.823
965.193
159.488
-772.992
-59.5553
168.37
168.913
-24.3502
-495.433
-522.115
-128.86
431.969
-1077.77
-614.13
9.88986
-71.6569
350.047
327.325
-564.104
921.244
611.503
16.1706
-171.621
193.628
129.483
498.907
1354.13
400.633
-405.396
-420.521
232.796
-706.868
802.038
299.863
287.585
-166.486
923.097
79.279
76.685
-47.797
-360.484
-914.049
131.315
78.2034
1032.39
-259.441
300.532
314.775
292.904
131.843
546.492
37.0728
-160.321
488.824
-684.846
815.877
503.691
429.685
-1017.98
301.639
-134.666
-681.017
85.0862
1139.1
251.614
-373.381
1304.64
767.616
790.957
193.224
171.425
1086.49
-25.1184
-120.085
-101.079
427.362
-319.617
-968.169
-343.412
-354.599
-189.914
434.288
143.241
-1139.98
-207.153
719.665
-300.898
585.852
481.505
432.732
-815.702
-894.433
-865.064
-234.57
-330.408
462.78
-641.63
-301.364
-166.381
-782.591
245.196
-940.495
-109.306
-781.863
733.989
533.075
530.505
-399.177
-388.235
398.105
-229.337
-851.943
-411.2
278.101
560.318
314.958
-327.054
-159.155
-27.2903
468.296
-31.7917
-1093.3
1007.66
-399.783
-301.073
19.4586
-723.886
139.806
647.672
-478.534
-320.578
986.193
-451.15
-294.969
388.022
-805.739
-481.273
1101.51
-219.337
-298.448
-701.444
553.337
420.435
-1016.89
346.201
86.6052
561.682
-225.315
422.078
-975.405
-451.144
-323.974
-1034.86
-1103.58
500.412
110.506
-1038.03
1006.62
-208.183
-337.452
315.002
-1009
-490.939
409.61
-134.854
-405.13
250.165
-470.355
-601.92
863.299
486.975
1072.37
204.826
651.763
-714.922
264.348
-159.559
111.464
592.367
-301.903
582.656
-1586.77
-238.909
-619.26
137.873
-149.53
564.631
-425.641
-810.947
-1.24153
-801.893
-829.629
-63.3005
235.187
720.352
929.356
1021.53
-135.587
523.879
1283.44
-663.495
84.2434
-441.524
61.0618
945.495
502.538
154.651
-67.6076
523.198
-516.486
80.8833
-372.422
-841.262
1166.96
318.044
-103.688
331.313
124.909
-734.357
-406.464
250.053
696.39
-258.727
292.092
725.683
-508.891
10.7731
62.1442
76.6504
298.052
50.5326
51.3406
-187.953
285.216
90.9544
-518.205
-488.38
504.262
499.943
-427.917
-86.3235
-594.272
-371.499
-327.443
282.565
-753.736
640.018
1135.53
-971.089
371.542
733.346
-448.001
216.65
-111.547
146.129
-320.512
334.235
611.037
553.98
-162.999
36.0286
463.384
-516.645
-355.809
-307.057
-512.75
-406.595
127.364
-286.691
269.565
-98.0425
-199.27
1316.93
-12.1615
1019.72
350.135
299.52
-680.738
66.0473
695.298
317.897
672.953
-94.7245
-32.1913
144.701
919.336
-1234.75
-42.2191
487.884
798.765
357.706
537.088
641.053
360.282
-1088.15
158.238
109.867
1009.54
-141.665
498.15
-354.102
-574.941
749.995
909.281
1022.1
193.86
592.409
-631.121
88.0102
276.101
-665.029
375.848
-462.479
-798.633
219.174
-323.773
-706.461
-356.471
706.073
730.927
-56.471
-619.078
-768.576
-480.002
440.699
-246.62
-594.68
-715.309
325.499
79.336
-185.926
768.849
620.708
-689.984
-672.467
550.547
-272.351
1332.63
494.496
390.104
-384.495
563.266
-438.635
675.561
342.297
132.876
-396.874
160.021
-310.271
-82.6285
37.8113
-754.005
701.963
-175.196
225.143
941.834
-562.101
-626.747
-363.713
-706.241
-810.562
-229.559
240.634
539.723
938.666
456.786
334.067
-261.087
148.856
-273.816
-125.373
-199.829
997.823
-410.932
882.104
-298.024
-900.223
-647.913
639.099
-128.255
-593.628
-186.987
259.869
-67.0018
-331.737
-774.256
-759.837
932.612
1108.85
814.019
-822.432
-1139.05
371.832
-197.026
-456.676
-232.947
28.9023
-60.3968
-199.544
73.4049
234.933
157.353
11.6338
151.163
140.651
53.9663
-442.147
343.419
-219.855
-498.632
-759.227
-561.825
-495.236
1055.8
-31.114
1229.96
775.8
-253.295
820.174
-285.559
-513.684
13.0802
-30.0005
-481.159
607.209
-306.262
0.46666
25.2831
-806.911
-889.592
-731.909
-202.115
-491.121
565.121
431.66
-238.729
-263.512
-818.676
-460.992
887.648
1158.83
-509.014
139.418
34.5955
-316.464
-21.6544
-627.497
-288.558
-797.127
525.003
462.63
-599.768
-628.407
-67.0945
-256.374
441.525
123.468
-292.625
78.6187
302.391
-839.764
-178.929
-455.029
-464.745
-210.719
-178.578
20.1692
643.322
-662.229
611.99
-518.605
-644.778
-242.787
-73.2926
75.9723
-638.137
802.079
-543.789
386.648
1039.87
111.27
-452.09
-651.462
-1195.73
501.6
-78.6929
410.782
957.494
-634.942
287.539
-392.69
-619.184
189.225
386.01
274.743
282.999
599.677
950.245
-127.766
45.2873
346.454
-380.42
-775.184
-525.951
-53.7081
-127.013
661.003
95.176
-1200.82
-155.755
458.158
736.336
-1056.49
20.3292
-993.561
390.998
-182.984
754.067
-288.506
-42.5164
702.139
-884.228
19.9748
1016.69
816.437
269.975
263.102
-1285.28
-23.8436
509.099
294.829
-131.374
460.295
806.629
-1045.17
802.309
-98.6855
130.149
366.416
1103.45
-700.179
249.698
-452.748
208.747
-269.226
35.98
-347.68
-1004.95
-764.747
-776.807
100.401
-825.69
392.78
424.406
-163.743
-1243.76
-522.06
-123.542
290.535
-38.2568
-909.67
-58.7256
8.47555
-149.385
-432.985
441.711
-421.228
-34.9561
961.262
-601.675
261.016
274.176
386.143
278.324
-203.011
-622.275
-882.941
518.798
138.408
-137.982
-501.731
-454.187
-535.168
997.211
-527.174
-720.047
-885.082
741.802
-550.776
468.601
663.867
-1192.28
165.403
212.514
-1234.85
-257.919
508.018
-142.143
-181.746
197.564
659.369
444.952
-497.055
1357.32
-548.89
216.59
483.962
236.273
-78.587
385.637
196.038
-84.4995
-316.973
500.836
-411.501
192.201
127.793
-555.741
1340.59
245.431
-82.1276
312.183
-37.2526
857.302
400.347
376.463
540.615
-374.5
1277.7
540.166
1027.41
-308.392
-336.376
385.434
-297.669
216.988
-546.825
-1120.58
-97.6894
439.41
589.382
-104.342
-352.357
554.118
-694.596
601.964
-251.922
163.447
-255.343
-141.063
560.863
-180.381
-759.786
-146.221
-9.75538
-123.8
-82.4556
192.758
1043.91
-467.251
89.2843
858.276
114.375
-59.1145
-848.168
70.2106
-16.9364
963.614
-480.675
451.123
464.202
-280.82
-617.697
350.444
28.7232
-317.158
1142.37
212.237
-237.154
-622.704
220.795
-28.3845
-629.055
160.099
468.356
-338.052
745.864
360.279
-2.36541
-1428.63
-370.858
256.481
-117.81
497.003
400.347
-648.017
-611.553
-74.3366
-130.733
-173.191
370.662
306.505
-1164.75
-24.4073
-740.452
-267.062
-332.807
-14.8401
1132.82
-665.692
-412.913
-120.151
-596.175
814.149
-30.0568
-903.753
68.7071
-454.112
286.686
255.976
541.601
869.174
-321.677
-205.021
880.528
321.712
431.562
491.95
377.067
498.01
-224.167
-471.885
391.772
-531.995
168.576
-200.699
82.6973
-191.456
-213.689
768.522
-783.873
239.744
274.601
265.533
1234.47
33.3773
845.373
-168.237
-366.653
-350.151
29.2321
40.92
-503.834
-203.122
-553.061
86.9043
-426.285
-846.027
643.912
-106.393
974.065
46.3734
-345.838
93.6289
735.902
-709.677
824.693
469.049
-504.866
755.682
112.111
582.876
658.238
700.084
-157.935
365.221
149.6
-150.272
-424.871
-1211.35
-823.057
245.852
878.244
374.97
-855.779
221.572
-315.898
258.61
284.613
162.083
-753.91
-882.664
1213.17
-122.478
-715.359
215.475
-223.407
193.15
579.471
1017.6
-385.701
424.775
346.813
482.519
962.818
-93.9192
239.088
-999.936
169.107
-306.661
324.837
450.993
916.245
-219.95
372.973
-723.294
801.353
-1282.38
564.374
-235.817
400.019
419.9
-129.227
-212.155
1392.27
581.272
-895.684
355.05
-306.032
721.167
-1005.36
201.175
29.2383
-306.467
1331.54
727.292
562.06
-189.796
-787.725
-387.332
195.183
55.5231
-706.559
222.928
210.631
-17.3971
-526.373
746.765
-224.222
30.6589
180.077
-833.022
927.791
-1007.22
157.945
-253.944
855.915
-843.582
1123.48
317.755
963.161
758.822
-766.36
466.179
792.777
-195.855
579.012
-1040.86
-45.5501
384.994
-538.416
-108.535
358.14
-148.817
783.721
229.882
-852.358
-6.06437
-998.586
114.814
-93.549
-939.369
677.647
-940.621
128.121
65.8242
-763.172
95.6319
702.615
-375.997
-97.3921
55.6838
-848.025
281.321
-37.5895
-310.227
-840.956
-66.8678
553.611
1114.26
695.566
-14.1344
-520.93
-417.639
-917.694
1131.5
614.928
-567.597
-537.753
-388.102
1001.46
83.313
408.457
-505.54
126.251
-529.797
-990.373
77.5178
-13.4633
-1152.36
197.143
-72.1426
-664.053
430.444
-920.408
532.051
-36.8381
539.784
-693.671
-941.143
-514.845
-712.202
-885.501
-23.7063
540.809
1207.49
-890.4
730.72
1174.36
-451.543
142.923
766.196
-282.222
-710.396
-271.751
512.17
-110.451
848.673
-399.004
544.811
570.419
-41.4289
652.904
-468.98
756.611
90.7272
544.203
149.794
-404.514
-832.074
399.969
-307.35
459.386
509.495
-378.107
-352.493
367.168
-871.802
-209.527
-133.71
320.46
-940.563
-663.158
259.443
-57.6237
80.8468
392.274
-327.666
656.148
242.962
198.478
53.151
391.155
-120.902
1378.32
282.717
704.381
983.478
-569.531
-228.534
-281.427
495.238
708.38
-597.099
-1143.75
472.053
-180.31
-56.1801
393.496
278.965
330.486
-898.613
791.086
-109.661
-6.77846
-84.512
-297.783
1135.79
-320.02
-294.567
202.79
314.338
-306.113
-41.9852
-532.514
521.015
-172.537
1007.98
-430.231
-209.386
318.229
1357.52
-1.50135
-556.432
-110.554
-358.941
-12.539
-473.225
19.4377
-57.3217
523.392
1123.78
-1022.78
-10.124
231.625
580.156
1187.56
-201.257
1058.33
589.878
-920.399
313.171
572.077
499.54
-506.155
-326.847
1108.71
-516.492
-1018.31
-193.081
61.0248
231.76
176.302
100.198
-651.593
223.668
-29.2047
1241.29
-1259.45
-803.555
452.399
175.706
444.699
810.28
939.579
-379.338
28.215
-128.879
1015.78
500.372
-667.577
701.833
563.607
-378.679
1097.98
-179.498
-409.175
-42.2788
-3.99034
-186.916
200.669
-1155.46
-922.771
47.0241
-571.977
-348.95
-11.265
548.668
-209.281
297.071
510.537
236.265
-300.39
927.204
-103.981
341.264
-478.879
890.671
831.714
937.394
238.286
1015.65
-129.02
345.395
264.949
245.294
1112.21
1016.91
-303.845
-395.691
-12.4684
252.213
-60.2932
185.388
-1034.39
-596.103
48.947
-430.789
1021.77
156.175
539.454
520.338
674.195
-372.371
417.313
-811.886
374.125
1108.72
443.61
-941.707
222.188
720.546
-281.186
834.87
726.549
-111.182
736.844
-712.04
-118.455
-467.412
-313.33
136.157
-507.478
-324.34
278.544
-6.70995
25.8956
24.0695
996.846
-256.563
-930.113
-203.7
-219.469
-71.8067
-438.08
240.89
-260.481
-319.437
221.409
-62.3418
-164.579
-288.338
305.05
10.1703
-113.076
190.894
650.468
81.507
11.3148
-700.228
-965.372
324.341
329.465
334.904
-781.352
-573.325
-632.715
498.653
-614.233
688.502
-102.671
-166.181
88.6563
-531.037
1237.86
508.042
897.531
348.949
-267.74
1337.16
343.76
153.185
496.706
54.3915
-648.907
-912.374
186.46
174.885
1003.75
480.968
445.317
250.897
39.2448
-737.31
1015.18
-216.325
-544.971
388.143
333.771
271.656
-429.883
65.7129
-313.052
222.63
116.411
225.355
151.299
-916.397
-664.926
-391.535
136.314
90.092
121.733
-885.658
680.674
38.8107
22.0421
272.267
85.0369
242.867
-44.7294
299.895
835.858
-91.2679
-244.012
-1153.5
-365.133
-1276.72
312.561
774.117
-643.642
326.442
426.671
516
-80.0687
-923.464
-451.779
-301.653
65.002
366.216
293.838
-119.736
422.309
-166.66
-1130.09
1182.39
-23.4107
359.141
21.525
457.545
253.169
-5.39433
-912.564
378.694
-260.18
-1463.42
-748.883
226.226
190.487
-515.337
-512.332
20.2254
-816.501
157.223
-1042.84
-685.524
-6.02092
-110.762
-906.08
-1239.12
-295.921
261.717
484.473
-434.067
496.896
44.7414
169.874
-188.14
649.283
381.042
275.088
-827.845
280.008
259.52
-31.0566
137.312
-848.068
-423.506
-337.058
-940.286
-0.425752
-673.779
346.981
-374.303
-85.3973
-212.428
767.933
513.564
59.9535
-410.378
113.476
1054.29
276.911
73.6552
-280.48
-224.13
93.5656
-246.266
118.72
-550.399
824.699
78.4868
-859.242
-651.153
616.266
-291.021
295.845
-357.204
-163.263
-230.989
510.096
543.484
106.752
-774.792
827.363
715.081
-543.976
-596.434
1115.94
486.436
-452.45
-817.265
118.511
757.575
9.04349
-11.2689
97.1812
-277.617
857.266
61.6647
166.139
166.02
509.651
91.2274
-101.264
620.772
-597.651
164.547
-234.041
-1115.11
-734.931
-856.695
460.038
1021.08
-360.974
298.839
517.536
-75.9438
-290.059
-449.887
805.386
-1020.33
-388.985
-1124.88
118.181
-1224.72
-221.419
-585.342
187.761
-285.217
-876.185
284.45
397.893
206.067
-123.714
-656.625
-386.896
-434.318
468.667
565.052
286.395
560.244
57.8734
-337.127
-466.311
1131.04
-153.193
736.433
-596.005
-123.674
686.865
80.8929
-506.492
-327.381
770.248
589.197
210.315
549.085
-624.465
-748.053
-66.8086
588.541
-149.934
13.6046
-1324.13
-253.694
748.555
-593.793
193.292
-827.45
234.653
31.5468
-3.13264
348.827
159.433
-466.009
1234.58
-387.341
975.366
79.1741
-668.428
-469.02
739.685
-1179.65
-72.5853
-469.754
452.206
-391.675
-127.076
109.707
304.944
1328.22
-391.287
-46.5548
-194.736
128.238
759.94
-159.611
-349.469
52.7896
-139.664
893.042
1106.24
-55.0773
564.935
-800.941
-525.167
423.844
620.573
-461.369
482.541
-197.127
-265.126
607.639
1269.62
-446.976
121.35
537.66
33.9034
-139.172
-733.509
53.7258
-575.203
-293.682
-1111.08
-720.063
-185.189
-1128.81
987.455
-257.116
704.644
-661.221
259.422
557.804
-444.977
-113.722
-959.591
-140.89
74.9807
409.463
-499.735
-626.747
-919.422
-452.863
630.876
299.027
-470.88
49.2596
2.38299
-549.753
-425.226
366.408
229.064
425.291
-336.151
-425.114
-225.105
8.17278
207.952
-7.05359
52.09
-271.25
229.724
119.435
339.549
-211.011
524.351
-585.426
-422.731
-239.206
-167.548
385.783
451.11
253.501
59.9258
598.23
476.425
549.083
349.313
563.364
672.938
722.98
-943.089
127.34
-606.934
-422.187
770.633
-232.255
-1088.05
-319.989
-546.997
164.62
-267.891
560.817
-995.142
-139.623
-834.86
-699.993
-1022.32
-481.146
629.474
-391.164
-512.828
-289.92
-544.173
-168.504
1485.83
218.112
-907.952
1121.44
-360.623
363.059
71.4783
659.194
-62.0813
-501.977
381.788
582.638
-78.8744
-1266.28
-135.105
-318.214
441.579
-183.591
-533.157
22.3537
-63.3689
443.91
319.395
431.792
-438.123
284.125
544.256
-0.0482672
-927.841
90.1053
-130.021
-264.068
354.796
-419.017
-161.602
69.7924
-25.9181
-865.248
363.013
185.705
-670.72
-153.062
13.0506
743.579
416.729
-263.562
622.307
-64.7996
675.594
-729.137
-37.5017
-4.85486
-81.8991
28.5135
-401.741
-357.999
-167.307
230.058
208.113
-433.606
224.553
-74.8906
-121.573
-350.675
-36.7217
516.615
-206.64
59.4506
44.2332
104.345
-1295.98
433.53
-240.268
913.767
830.37
439.376
1008.74
804.498
540.352
-1047.96
-35.6105
-481.785
833.777
276.29
48.2756
-643.138
-178.878
474.674
-309.258
792.271
-496.521
255.143
512.873
-703.811
-583.001
173.023
41.537
47.9605
577.29
555.043
371.009
44.9131
-89.2263
-209.743
-1269.02
-992.949
-69.5361
-281.312
596.646
-1257.09
701.036
-230.3
-583.279
12.3023
407.985
-667.722
883.596
502.083
-411.946
671.134
86.6814
-1031.09
287.009
-398.756
713.442
514.163
6.27253
-71.2416
605.256
-645.36
37.8511
518.383
412.22
-226.027
-1246.84
-198.947
166.021
-247.005
383.268
695.677
-47.9069
-719.022
761.22
-464.122
-785.687
462.723
938.052
-492.027
-585.414
486.24
-192.987
-218.579
50.5098
490.994
-321.496
69.8833
216.925
-20.7317
45.054
198.456
94.7274
-455.018
304.037
623.844
-125.321
750.373
-21.5731
53.534
-626.369
-72.3781
311.354
49.8147
165.197
283.341
312.923
-640.094
389.007
-608.857
251.846
12.1582
1311.38
249.445
43.5734
-814.129
-592.138
564.248
261.933
-167.982
235.978
1271.37
396.388
1001.36
151.739
108.185
796.854
-1206.29
679.708
656.912
220.401
-1237.38
-655.556
-71.6689
-269.885
-1052.65
-516.214
-574.501
-24.1889
672.361
-469.041
182.743
-427.452
157.288
291.875
737.428
114.199
-141.1
414.006
-685.839
648.423
526.392
-69.4845
-1062.1
-179.42
-78.6597
-404.691
-1017.34
181.457
395.777
196.733
-130.542
65.5384
-292.281
-1187.49
1256.19
-283.982
1536.49
-705.051
1044.1
-949.11
-466.526
561.512
-899.645
479.879
178.759
-570.483
145.875
275.763
44.7681
-130.363
63.825
-13.4716
-829.513
966.876
426.685
-934.666
-26.7203
1302.02
91.0839
-486.151
672.972
240.793
-120.007
74.7167
473.239
610.153
76.6731
-654.734
172.942
369.84
-1018.6
712.519
388.295
609.036
-604.057
1146.94
-1277.52
-342.846
836.018
61.3951
-272.474
-980.694
174.374
-391.166
502.93
-377.723
239.193
-159.897
-417.495
192.762
-271.598
452.273
80.2588
54.7381
80.1769
59.8777
995.714
-569.006
-23.7285
237.939
528.244
324.289
-484.501
-787.044
529.406
487.434
111.698
-153.806
212.595
188.211
-257.641
1262.25
946.31
-777.811
-571.439
263.398
390.88
102.385
105.982
1142.61
628.082
2.0258
217.167
352.197
-1037.62
-1032.14
334.593
-1127.71
-144.664
575.68
-526.263
300.93
-104.441
-725.055
561.902
65.3059
576.679
580.533
422.894
-630.303
347.466
477.945
104.324
729.89
133.301
994.266
279.666
-121.872
-272.26
-282.579
-99.0639
36.7514
-682.25
394.226
-177.497
419.052
565.179
-553.322
710.854
21.2983
-656.418
56.6213
604.511
950.86
-843.614
-182.579
885.848
1154.92
509.572
90.3451
1054.51
-127.62
-986.719
736.821
-1184.36
73.3623
317.862
-498.384
-977.277
-691.41
-59.6793
-759.699
442.857
89.9918
-280.703
241.815
-593.499
-226.419
535.933
-36.4436
278.874
846.691
-176.773
-816.692
-310.065
32.4145
239.36
-317.702
309.651
171.904
-193.411
931.611
-170.805
-34.6365
-365.789
569.284
152.052
-1005
425.94
479.397
625.527
527.072
156.717
-390.683
190.173
785.764
-217.849
262.542
-688.524
-140.272
868.574
447.458
213.462
-781.219
706.051
545.55
-321.092
-667.565
750.743
-628.554
-555.868
381.951
-570.727
174.152
259.999
413.771
-186.424
170.374
-197.78
440.315
305.383
-250.484
-46.9905
-692.293
404.613
459.959
302.958
450.449
11.8792
105.236
-1040.74
623.978
-277.264
-81.1241
-666.029
29.0217
362.491
-38.7975
-724.145
297.025
-950.366
134.056
281.756
95.9245
116.22
-519.472
-103.325
609.574
71.0403
-840.685
-5.17927
-541.434
-908.91
-341.884
-189.798
-578.704
230.49
119.719
509.99
-176.879
734.83
1165.1
-91.5807
-254.745
-282.717
544.405
52.9237
-377.793
23.3105
429.91
-44.784
-588.622
-525.802
893.038
-155.875
-272.092
-592.946
-1045.96
219.291
-136.342
-529.055
372.805
744.87
85.8727
110.18
-47.4207
728.748
-122.499
687.613
-287.449
781.389
409.319
-701.772
1369.54
-66.5793
-140.39
294.483
529.755
241.159
-322.385
295.012
142.516
-145.075
996.731
-92.6185
693.412
-817.68
381.489
190.916
-17.9584
105.84
-810.361
1156.66
-87.4476
54.5951
-230.912
-553.594
71.1564
900.825
-25.4685
89.801
-369.316
-867.399
271.457
-485.603
219.281
107.823
-299.455
107.579
-1185.48
-279.833
462.193
556.861
897.248
-1036.26
765.264
657.598
518.356
262.393
-815.321
98.6057
554.905
733.478
529.166
-334.973
-375.101
-207.64
-470.163
177.91
266.943
110.682
394.107
-55.5459
-30.0155
466.246
-377.137
360.204
-1125.59
780.044
-1346.44
829.607
-453.66
683.198
-166.072
262.763
712.085
409.015
832.36
-28.3257
37.8055
-564.307
-544.838
170.302
-114.342
491.009
-910.994
-505.814
1072.03
-644.291
-115.573
227.741
265.233
-162.143
-643.159
-958.693
-800.653
397.225
99.8849
1016.19
549.33
-240.648
528.668
272.865
140.672
441.046
1209.65
-768.276
475.526
732.485
-398.448
798.1
-298.096
-223.828
667.369
634.066
396.668
-847.004
-406.915
444.697
-737.909
50.7552
-273.506
18.8666
-22.1486
-685.862
993.573
-91.5179
-295.705
-275.176
-510.175
-613.679
-1057.51
-523.898
321.457
-495.154
-389.829
-411.492
430.035
755.301
-107.879
-370.213
868.656
416.552
-779.166
521.97
-1235.24
-478.716
629.651
147.811
-82.3598
313.234
-382.672
555.427
-821.024
-688.993
-359.351
-412.241
448.953
310.715
-84.2332
89.4767
472.504
553.97
-493.167
-861.321
433.354
-280.077
631.592
353.493
934.408
-865.609
-30.3603
-159.156
-935.466
-96.6202
678.121
131.378
486.288
129.171
93.29
-390.032
1100.49
218.075
-204.907
-74.5297
-182
-442.859
399.329
103.063
-389.517
258.465
-145.146
607.714
91.5519
-334.885
674.488
168.029
227.715
1391.11
-711.521
699.846
540.936
-248.579
-36.3535
-559.536
978.801
-290.494
1373.42
1062.36
-473.687
286.935
32.8057
-360.812
-714.885
-1399.36
-323.718
220.699
475.506
-552.182
299.717
75.2256
-174.394
2.78937
72.1124
-401.53
-563.391
-271.274
-249.39
-103.01
350.361
-375.53
717.158
-129.655
678.863
-690.147
-143.501
-415.092
638.561
-234.973
38.0873
-576.627
128.901
-616.165
-418.39
136.613
910.237
-691.748
610.964
-310.837
-144.573
-291.409
-233.393
159.344
-160.574
-665.405
-352.971
-786.034
-480.924
-312.89
-963.062
-1185.49
1378.24
-1109.36
1135.93
850.051
546.452
-976.704
-131.866
-802.184
646.735
316.318
-364.54
674.994
20.5695
-263.756
353.84
181.192
-410.002
1316.16
-393.594
169.628
665.292
-12.6364
-985.582
882.913
-284.291
867.833
358.358
898.733
-32.9063
-669.334
-823.818
-893.053
78.0021
535.89
-464.209
-914.646
175.809
128.203
504.521
64.3644
-87.6908
-503.089
-617.792
-138.419
84.4128
-250.712
-239.02
289.826
350.017
291.565
-411.773
311.898
173.001
427.913
-32.5873
-946.563
-350.084
575.362
-61.6327
-510.448
1002.85
384.932
452.491
-825.254
603.219
-551.44
347.275
-356.221
316.401
-633.967
1212.52
518.307
-539.776
-15.1496
313.8
613.203
-564.983
-1275.98
-324.563
-1111.29
-653.26
-564.419
-719.602
89.5993
37.7263
370.481
55.3798
-463.144
617.573
-636.48
322.738
-686.683
1227.14
312.209
817.476
-362.742
-491.06
-906.516
-291.88
310.778
-603.053
654.816
-341.715
651.246
-573.467
308.09
-405.505
280.163
-413.707
-572.694
62.0155
902.841
-265.565
735.53
18.0563
-350.522
663.689
-338.918
-369.28
692.738
-66.5347
-202.025
-35.3248
399.669
-287.667
-1129.38
70.2019
337.238
153.863
-1222.95
234.908
213.091
-626.093
-212.316
162.962
191.259
-200.288
-120.497
16.4432
-358.023
-1076.55
-99.8394
857.218
-145.997
734.746
-786.253
-758.391
72.6532
-556.927
623.244
-606.486
-77.8413
54.3949
-106.613
-235.283
15.8439
779.247
433.761
-648.07
367.435
-68.7032
183.786
-477.017
907.513
-399.359
70.9964
-839.092
538.59
277.192
301.631
272.202
37.2331
-767.834
373.504
186.752
-742.245
-339.863
540.295
-233.137
588.556
120.242
-671.835
-178.129
1488.09
113.478
590.904
536.725
113.806
-642.047
596.248
1060.49
-14.1574
-1140.07
283.983
714.272
288.207
411.043
785.572
325.925
-472.916
624.594
-458.264
255.946
390.237
107.326
452.195
-1444.05
152.629
-322.869
65.9172
-139.623
-209.083
-211.745
471.243
249.689
-234.885
-31.6692
-140.041
5.60589
678.125
-273.356
-831.341
-1087.8
-186.273
174.479
-49.0177
242.72
-184.899
719.674
-459.921
-583.891
464.922
-82.9424
-900.067
589.336
-87.9669
690.373
-387.653
-208.751
-912.1
-312.146
2.28969
-800.272
-291.59
-108.341
-1223.47
492.92
449.421
-618.684
52.9101
-670.684
-339.937
55.2885
-98.0243
-302.763
-329.398
39.7518
107.384
328.397
-759.292
-534.154
763.194
861.938
470.821
395.773
-100.232
-102.438
-662.756
-53.9967
81.373
-241.303
-174.434
-739.369
25.9068
-118.205
639.308
1335.8
52.4999
358.768
-576.542
-561.204
-906.7
732.483
617.234
44.3213
271.522
-1210.91
-709.839
752.31
392.875
602.621
523.907
84.5597
131.039
185.306
1036.5
-207.263
491.467
572.155
-373.387
-693.174
314.968
973.031
1034.75
-345.434
-701.496
-580.279
-366.709
-337.871
-312.413
-209.439
422.873
-87.472
1051.2
-163.581
-11.2726
237.443
-372.28
-560.884
398.301
1160.87
-811.619
-476.223
-703.815
-893.854
685.426
-222.679
265.752
802.917
817.679
-266.488
404.314
469.229
140.547
150.03
357.458
-729.38
-506.677
432.816
94.3389
887.661
948.288
53.7358
-251.126
742.035
802.441
-1373.64
-690.567
77.9558
634.107
723.442
-389.036
-317.459
1164.66
-882.524
-95.7105
-374.389
107.05
338.958
387.436
76.5669
-187.099
168.979
-906.301
-502.587
647.718
-361.486
1309.14
0.618854
958.011
532.088
37.1275
449.949
131.253
-312.008
317.404
-256.02
-186.555
-240.103
207.917
305.577
-448.492
-748.409
676.593
-583.968
-637.063
57.3663
-76.6983
-344.839
-1067.34
650.768
403.791
263.37
207.394
419.946
-420.186
976.764
-846.267
577.131
1026.15
-482.661
280.888
-653.023
180.958
-507.347
252.135
1178.81
389.005
603.502
-493.745
363.102
358.187
128.747
1244.72
1098.54
-12.5519
805.483
-54.4154
365.285
42.0204
-548.545
89.3005
-96.8884
-479.097
1286.28
-885.166
651.248
-60.8048
668.149
498.665
-743.061
-266.92
947.018
628.271
1057.64
1061.93
-580.029
635.401
-597.489
154.758
-654.493
519.828
-235.204
918.772
660.033
-59.2384
755.081
-102.422
-319.936
311.946
416.622
-213.552
-120.464
-162.678
554.815
-1103.77
-566.447
-755.523
270.603
468.041
668.52
-1024.89
342.018
237.028
91.3988
109.846
135.661
-253.627
744.987
460.09
182.641
-15.8662
-26.3607
-28.7381
-831.229
-677.996
-690.847
66.8455
402.326
-251.155
83.0678
-1294.9
28.9009
-201.704
-934.777
84.3547
-154.367
464.628
-568.08
210.215
770.245
597.052
1029.92
64.5402
24.9901
-770.042
802.986
60.0279
459.929
-763.039
142.832
-87.7916
-1261.22
-606.257
-58.457
-251.303
169.455
-747.659
506.364
-405.746
769.411
-288.887
461.23
-247.143
-229.694
278.217
132.004
-245.895
209.545
324.496
1409.77
663.888
77.9405
43.5016
286.074
-552.313
-718.267
-983.113
-236.434
-802.649
222.276
-313.795
-147.825
424.612
103.963
715.908
-238.374
27.5738
205.135
-757.995
-252.152
-1071.98
285.821
1143.02
-988.309
-755.731
1102.34
-644.016
1056.22
29.8867
703.345
-195.561
545.375
-696.016
325.357
877.485
97.9645
-56.0308
1065.85
-50.9284
289.477
-639.697
352.026
187.481
66.9328
337.539
1178.99
628.754
413.301
-66.1273
-70.0753
-156.222
-697.105
315.118
929.921
-1044.83
163.45
421.447
-144.006
721.712
1367.24
-369.24
-141.99
37.4996
-509.55
337.565
-337.864
355.76
-121.877
-183.974
-415.129
-649.748
554.811
313.297
8.82733
571.311
1438.25
310.932
1407.38
-817.787
14.7792
-535.116
47.3115
178.478
754.59
-480.631
-201.604
-232.523
436.661
-238.153
-642.249
893.057
386.469
-616.311
-1063.35
-209.676
10.0418
-124.899
976.449
337.186
-717.295
-113.927
14.4937
-598.685
-388.154
554.505
86.4266
-298.654
-1093.76
947.766
621.074
242.076
474
-898.484
-651.508
314.606
680.65
-314.487
687.694
796.948
-586.508
-313.655
-6.51523
60.4816
1182.99
607.683
176.873
687.703
170.685
771.044
-1139.95
-588.543
-6.88661
-153.537
-396.2
-461.387
386.988
-59.2614
713.851
511.569
679.267
-0.320335
-795.759
-134.769
-30.6652
562.669
-8.02428
450.422
146.217
-925.985
-335.907
-515.016
-228.109
81.5971
-649.956
354.391
131.013
133.486
-103.804
-27.9021
179.391
-663.99
1034.02
-353.745
89.6644
-333.992
-430.187
267.99
-165.267
295.93
45.7064
590.984
-109.355
-152.201
753.809
359.788
-295.853
-466.985
-397.481
404.107
-406.495
-660.844
-676.739
-382.005
-171.313
-1225.69
336.458
711.666
1075.8
167.636
310.465
102.295
174.092
954.907
352.102
-840.96
386.578
-757.308
398.898
482.986
-116.055
110.546
1442.19
304.103
-246.649
-687.646
-307.997
-1063.39
417.7
1144.04
963.174
713.757
-51.2158
1250.38
-390.611
786.871
-585.358
736.767
512.246
-101.88
12.1419
69.6045
-84.2502
-794.982
-199.59
-975.402
-680.808
755.877
264.296
156.069
92.8935
-907.077
652.326
-125.956
91.9007
739.218
-364.68
586.446
-374.01
-819.599
-1036.01
-264.908
-52.6842
-1062.8
-807.856
-169.614
-326.946
146.261
198.454
225.606
-54.1097
-1003.06
-443.916
-344.477
272.016
551.97
500.653
880.998
-742.676
521.856
770.486
-375.237
216.02
1323.53
844.329
-276.654
-516.403
-114.392
372.189
555.994
-587.257
508.589
-449.774
280.529
-252.389
656.684
578.649
-360.547
-166.941
336.719
110.365
386.794
-194.129
-575.329
-30.069
524.645
647.797
-149.888
193.241
-647.205
804.035
87.2751
-11.8777
147.027
91.8353
-348.005
-81.4004
-200.161
231.822
663.568
195.906
29.5684
824.106
-1303.79
102.476
-835.558
697.8
357.633
-1059.33
-258.985
-702.615
542.035
-668.941
675.787
-1060.85
179.384
-1051.17
224.148
-862.755
-622.671
-181.303
504.322
113.46
312.691
-814.253
236.813
-120.739
278.393
-484.72
-569.934
-575.363
-357.304
410.08
-115.73
853.871
648.435
250.633
-28.5756
-28.4208
566.835
-165.388
-916.981
9.28442
-502.056
-793.995
-137.822
1025.12
-831.972
531.586
-812.569
-273.771
-1523.99
-583.903
-600.607
570.044
-536.794
-8.38862
108.472
-1535.59
42.5824
-315.106
-351.533
1117.08
-510.37
-657.388
-747.115
64.0157
-448.846
22.4336
308.115
352.781
-631.046
307.945
578.752
-650.86
293.921
152.12
479.72
-578.725
-284.159
332.689
708.202
125.746
-191.58
-267.742
15.3763
-579.253
89.6279
255.757
-490.102
-417.348
-880.747
34.7539
-400.658
1269.75
664.458
-389.617
462.758
768.734
685.75
28.4291
-620.639
531.37
484.81
-13.6404
169.685
269.37
-103.683
72.3824
213.159
-75.4196
775.071
565.442
742.645
167.831
-136.802
-13.2231
-421.421
-42.6501
207.441
-323.651
-197.285
219.99
347.462
530.387
149.661
-408.727
30.1043
37.5829
341.308
-481.97
-337.862
314.391
201.473
-791.897
-544.912
619.349
-606.72
-61.709
791.566
-418.464
1006.77
737.23
-923.318
248.946
860.546
201.083
269.031
879.824
-528.764
152.884
-552.725
200.509
768.192
-166.382
-437.387
-646.791
729.804
-260.864
457.793
-526.515
-69.2265
9.45317
-402.206
220.591
-301.977
367.206
465.678
873.213
242.616
577.856
-16.354
693.715
-764.009
48.2481
-750.402
628.327
-254.585
939.414
-833.569
792.868
-464.464
127.933
698.876
-70.7603
1256.07
-460.011
772.862
421.405
242.139
190.174
-96.6644
396.288
52.9768
582.938
-511.542
760.178
-705.598
474.13
-246.616
-73.1936
452.424
-418.12
-177.797
-106.039
-178.939
-288.424
-424.773
-493.362
-389.777
287.756
1181.09
51.1434
-445.716
-152.476
75.3574
1162.33
-321.864
-972.127
306.015
-397.54
120.029
-43.9692
-628.368
491.955
-221.183
254.105
-112.408
879.494
886.204
-721.962
105.071
585.605
390.78
247.101
472.53
244.469
-118.374
742.838
-558.818
563.044
-1036.86
-6.85313
-27.8203
-245.937
630.182
-148.09
-689.247
-345.397
-1126.65
413.558
-605.256
363.298
140.788
436.552
-296.606
973.161
330.277
-188.16
459.108
-942.687
266.009
-357.679
-143.521
465.701
242.399
-109.833
-508.191
485.685
-410.643
-79.7659
1008.93
474.085
-442.048
-717.125
-805.69
-361.655
831.233
328.849
-172.864
-678.622
-579.998
855.46
-939.171
-1041.25
-31.6219
471.642
-364.497
152.608
980.98
398.096
374.961
321.771
1253.14
-238.885
872.471
-736.631
797.325
-180.228
380.448
708.82
-312.069
388.455
217.323
-233.643
-1024.98
-192.411
704.111
-422.896
203.616
320.689
-17.6906
-11.579
-802.709
1033.83
370.565
-233.939
-156.465
-292.132
-114.754
969.613
1120.02
364.299
324.489
369.28
807.838
-452.958
-275.521
151.911
-2.34272
-633.798
-512.542
-485.596
732.046
883.078
-842.968
-65.8821
-290.978
115.403
933.598
-663.4
-29.3696
-492.178
-319.621
-329.324
402.571
10.714
550.666
345.565
-377.35
-427.883
768.48
-230.241
-1203.73
-495.131
-143.774
294.689
-242.716
484.257
179.489
-766.714
592.146
978.485
765.55
380.83
342.156
483.085
9.25813
-958.852
83.9102
-484.572
-309.436
-256.631
-1206.47
-453.912
748.108
151.925
-214.921
624.677
-1.48559
-280.693
262.982
-259.392
176.447
561.804
-641.207
513.72
-66.2885
310.644
-164.787
332.94
-519.666
388.529
95.9973
-209.631
-970.938
-193.923
-797.438
388.424
1155.76
468.851
-736.727
278.038
-303.838
-1205.77
-376.613
-998.48
-344.31
-75.334
-320.638
-1217.15
-5.10007
138.028
-368.407
-1062.37
-925.937
648.319
-695.662
104.643
-532.11
-1178.32
531.442
-457.16
113.773
502.205
-547.391
395.763
-122.436
-298.207
964.549
20.4303
-620.14
123.851
-155.094
-356.356
-1027.48
-168.301
-447.545
409.994
-485.958
-98.7018
-1347.41
349.549
112.777
-18.4881
-135.047
130.987
-330.152
-93.5927
-915.725
1064.24
-104.303
198.253
-490.347
-493.909
223.314
-401.193
751.093
-37.3309
26.402
1037.37
-609.428
-239.802
-28.993
870.753
-99.7184
-907.241
654.208
1116.62
112.459
-295.18
-539.182
-407.904
-361.478
346.417
-493.85
431.393
1048.94
1191.66
-35.2327
-12.5605
-126.721
154.477
622.031
-491.412
-58.5828
837.854
148.189
-418.517
-518.589
31.11
424.61
-243.678
-968.498
591.489
657.199
720.269
-390.715
-60.9535
-1268.64
224.343
-41.9257
-393.777
-354.194
-781.925
-512.067
544.711
-25.6246
716.811
-657.708
-527.619
-344.901
-968.064
713.766
-815.681
288.423
-374.165
162.679
-151.811
239.54
253.275
44.8319
-45.5925
-172.58
-391.103
-121.941
-192.698
-990.117
610.137
-426.169
17.387
-464.733
604.235
-369.817
351.862
-721.471
-260.942
149.577
-673.568
182.609
252.413
-294.442
-1397.65
480.586
-460.842
183.236
469.203
142.618
-1351.79
-611.196
-379.104
425.398
-176.558
24.4918
1239.06
-109.227
125.203
-383.698
140.362
259.992
273.865
-99.223
-803.947
-146.333
-268.024
-1252.95
803.25
-200.472
-157.143
249.052
55.8641
184.739
-1361.21
-209.807
411.009
491.938
144.819
256.04
-155.859
-154.929
-359.876
151.797
-394.094
540.846
369.992
-1038.68
-775.063
92.0861
633.048
-146.948
620.806
-684.829
-847.581
672.163
-142.92
-414.02
131.025
-332.782
-1054.44
-91.7213
-1128.61
-585.766
-533.038
923.583
-75.7598
384.104
-39.4252
-118.672
660.974
-102.303
1118.49
367.897
57.3777
-970.391
-387.852
698.447
173.601
-1038.63
182.849
91.597
-1009.73
958.825
59.4227
190.473
203.821
-609.432
224.338
625.345
97.3787
463.699
-11.0147
-58.7818
-176.075
427.852
487.124
286.194
-283.459
-658.799
-619.826
-88.1967
65.8162
-97.2096
207.495
-1121.49
289.048
357.599
166.542
519.986
-173.958
78.6544
-530.799
-425.139
2.88601
814.471
-196.858
268.368
-89.1131
118.574
472.57
325.368
194.075
501.321
1448.09
14.1741
349.582
514.432
-689.725
-249.737
77.1616
-778.094
-776.403
-192.127
37.9677
-378.369
-1281.91
-1092.21
13.3899
-311.345
-1162.47
-128.198
481.826
220.511
120.884
637.804
201.341
-261.702
-576.826
-383.243
-690.21
-170.621
535.741
-496.214
-1012
204.085
-326.428
1069.13
-428.875
744.278
998.396
43.063
13.836
1273.14
-368.525
386.763
711.867
311.51
-981.589
-83.4054
7.99905
564.563
-453.781
-1386.9
-1004.68
-77.3984
-349.541
-138.371
879.479
455.932
-630.057
-840.205
964.384
-35.9274
855.685
35.2995
153.853
788.86
1144.63
-51.1167
-471.152
546.73
-539.607
-381.382
-579.126
1015.47
-543.351
121.27
1150.38
-369.877
124.748
475.237
-670.825
525.247
676.235
-1092.82
320.327
622.065
352.935
-802.815
678.187
317.638
-404.528
-1007.17
231.387
-195.321
-88.9314
-50.1613
-357.674
312.433
-455.068
-429.404
-208.379
-241.535
127.875
260.689
-865.114
597.816
1373.52
-85.8407
810.571
-368.534
84.0867
-473.932
44.0992
918.798
125.504
-954.014
-650.58
-579.718
135.724
527.406
-816.307
-125.548
-576.683
-308.006
-369.344
-446.476
-753.825
-236.541
19.2706
183.479
-357.366
-505.902
618.687
-604.053
-363.607
-453.625
-318.013
716.999
23.9694
-467.072
-148.712
1151.88
743.81
-1062.62
-361.582
664.98
-199.759
-70.5672
-110.923
163.247
-206.895
281.9
-960.877
-288.714
-761.056
305.236
125.374
-430.181
-28.0587
-838.108
650.495
107.385
-671.606
887.416
-587.413
115.139
123.196
-64.5681
442.316
9.28418
321.604
324.927
-618.608
616.362
-1251.11
1212.76
43.1482
-198.263
421.484
323.792
281.457
506.526
-237.834
240.437
268.58
-411.617
-305.82
-954.716
-467.991
497.267
348.217
-231.302
-73.1715
-1434.77
-746.236
-631.017
622.913
-1202.85
-359.322
851.304
546.513
-537.141
-655.284
-453.773
-266.599
252.83
514.282
1190.1
-178.22
-1302.64
-540.019
-480.662
-532.79
562.309
679.556
-297.243
256.982
613.492
332.989
891.155
1106.41
327.547
169.671
-75.5663
-1293.22
-163.539
9.71147
-366.123
101.122
-73.559
-688.944
182.096
-241.762
343.473
-724.938
802.599
-572.295
-384.049
925.889
1169.83
-219.117
650.484
-176.287
344.004
-430.587
163.313
525.053
-473.42
-1099.67
1029.4
190.056
915.328
-975.812
-448.023
1295.1
137.999
-218.003
-251.831
-188.94
235.352
773.017
-459.641
528.15
312.546
-1201.66
-498.002
193.277
-554.983
-1218.37
322.384
-1043.05
82.5789
-894.825
97.1722
-226.392
454.94
315.637
418.038
-9.25377
-830.889
-74.0915
663.098
218.908
172.075
-634.173
884.674
-177.358
514.441
-2.88988
94.6731
-129.696
332.217
-437.654
761.482
104.708
757.542
978.483
53.1106
-105.625
-650.922
260.286
-229.746
77.3295
615.904
355.877
-277.001
592.527
731.909
1044.69
-703.935
-35.0716
282.772
77.4814
1289.1
550.466
-329.11
915.579
-54.6883
46.9834
237.178
651.648
-581.368
459.746
693.15
-32.8582
946.91
842.858
803.734
-23.157
-51.5081
156.444
-101.033
-111.223
295.537
-1075.68
1184.16
25.64
119.7
1287.59
446.814
153.708
-79.4507
-437.799
-235.352
37.0967
-483.965
-627.14
-483.345
932.466
276.461
-755.876
640.523
-135.815
-441.561
675.641
241.452
-304.776
-248.341
-216.955
239.781
159.878
183.104
-110.765
235.517
517.283
-727.914
87.1216
282.718
-323.398
-581.201
62.9586
376.715
-479.788
-234.686
197.041
475.591
-585.523
-951.141
831.095
146.37
833.904
-545.341
-657.006
720.885
722.931
-812.062
-111.071
-130.455
178.167
-741.867
154.994
-160.675
-1130.67
-153.025
16.5151
933.028
-450.684
-391.716
1068.69
-196.458
620.655
357.287
-234.92
144.885
-408.108
232.284
1580.66
-17.2361
-545.621
-57.6973
-331.971
-423.634
-614.559
-150.466
-42.1695
390.342
-433.47
-487.204
-193.514
457.247
88.4331
-538.383
-353.262
797.741
-570.284
-197.163
-264.834
1049.57
-293.5
61.9533
-30.4739
-230.387
-811.546
-1398.52
400.683
-301.589
377.815
1314.24
342.561
590.825
322.1
623.184
900.035
1010.65
416.693
862.059
-58.5898
35.4132
238.17
6.01307
-15.1055
541.808
-1.19497
-435.754
-240.98
1095.34
-62.2078
-198.614
-868.54
236.825
-339.492
484.73
114.511
68.6911
-480.183
-280.582
979.033
657.937
-354.838
-223.82
-589.416
386.154
156.352
-395.945
312.192
-282.245
607.175
199.899
-232.585
-222.607
391.697
11.2119
-1040.13
-223.328
-799.271
-799.024
-851.095
-456.209
-862.965
9.91387
-444.919
202.163
-402.478
-541.63
300.745
314.455
-578.617
113.548
99.6947
1088.95
-1309.51
309.95
169.487
-695.94
260.893
670.666
560.75
892.07
585.264
904.79
537.693
-461.597
-142.896
-465.611
-371.264
-783.233
430.687
825.36
-111.789
-506.292
81.1793
-596.876
-576.567
-166.806
669.656
-168.521
-30.282
-452.914
-174.025
-208.817
-6.63137
892.85
398.961
1107.8
1231.17
-339.935
-432.648
-143.827
452.45
234.698
182.499
83.7597
-386.551
979.432
155.952
-575.064
-455.048
-445.117
493.948
552.764
99.7238
548.629
-279.608
216.836
36.2268
63.4864
-70.6246
-105.581
-243.889
-303.711
-550.609
-263.658
-461.52
-1209.66
743.14
-73.9573
434.245
942.957
419.117
-560.762
-534.424
-71.2506
-475.045
-15.2313
248.232
-281.944
728.031
-645.982
68.769
-908.278
-538.787
-233.835
-262.799
664.05
1470.87
-619.704
232.792
-613.034
-1098.52
1223.69
-105.106
7.66062
474.684
188.964
365.406
-1333.26
-449.767
727.216
-576.807
-364.787
-343.095
-222.392
-739.678
224.483
593.33
556.179
-280.388
383.597
-399.364
-784.357
-228.879
203.485
-328.36
525.248
-159.233
817.386
-697.903
76.1156
273.742
291.912
1028.11
-158.726
-17.9002
150.776
-348.099
713.852
-28.4014
-591.102
482.811
147.739
-372.659
-420.662
457.546
411.961
576.806
-158.392
237.047
-302.635
136.581
606.238
632.769
-150.009
-188.235
-1166.71
-317.114
493.952
541.365
194.271
49.8743
-13.165
845.358
-359.157
-616.069
-342.07
602.391
570.234
131.478
268.774
-1211.61
733.791
787.966
476.686
-454.731
1320.54
922.482
94.8434
-435.556
-315.794
-537.873
-422.642
-589.823
-57.7457
-181.181
546.679
-9.23315
403.51
511.764
1350.28
-1007.13
-991.909
46.3299
-607.014
2.06473
614.412
-499.588
565.2
-778.929
-420.336
-149.305
-108.795
902.244
135.737
181.279
-22.0671
-846.883
-256.254
-39.5373
694.798
-213.759
-1122.59
285.003
192.135
305.84
-614.2
19.8658
333.837
30.7538
808.657
329.514
-792.547
946.893
-277.435
-931.801
-988.613
375.223
-483.759
1119.33
-739.384
72.951
-197.318
-200.611
97.4371
-456.268
54.6331
-712.763
391.263
-214.722
-362.706
494.633
180.715
-640.699
286.168
33.0641
-192.138
651.905
458.904
-545.769
-54.5656
-71.6958
798.574
294.794
128.453
389.025
-282.537
-362.57
-716.93
290.781
741.331
440.492
430.03
-236.408
-83.3475
-205.924
334.555
134.716
660.706
605.273
584.892
1161.06
-563.005
-14.2209
1310.47
277.429
-138.781
-105.51
42.3389
771.42
913.025
173.054
-257.188
398.223
-699.413
502.399
-47.4119
-335.865
1202.18
1182.91
-500.522
45.8896
208.295
233.21
-450.452
-441.104
504.066
281.892
640.474
358.9
686.482
234.344
115.522
-528.291
229.143
-184.542
244.439
-481.383
589.257
-91.5412
-501.506
-72.6705
-209.304
-579.631
-639.169
-201.356
291.432
-1122.41
406.613
517.709
419.038
570.466
860.479
-79.557
-328.761
-431.134
-542.277
100.488
300.126
-115.936
148.431
-71.6939
-685.727
-6.98506
539.085
-264.703
150.295
-93.9444
-72.2465
-354.188
-63.7764
-554.2
-161.33
-142.243
-519.096
131.224
-211.92
-50.1107
597.461
-174.806
-104.288
-118.04
151.048
-414.483
-1148.08
687.805
307.073
-149.547
-188.798
-545.697
-367.786
290.784
-500.449
843.2
-736.008
-1433.94
524.842
-931.036
868.683
542.892
27.8678
476.693
1127.75
-267.608
-1048.72
408.386
522.052
-488.378
145.534
330.31
-82.1832
392.002
-791.657
-280.031
-80.8107
249.016
104.032
527.202
19.5089
-1145.75
-458.361
-601.899
-389.954
-1089.84
363.802
1474.89
-366.287
475.896
7.05011
-521.827
90.5106
236.342
384.368
544.509
-899.907
803.661
-24.3888
-238.791
1170.67
-156.195
-472.959
610.195
907.092
-236.898
-1095.59
-216.34
769.071
-820.201
489.77
-911.129
-535.484
-357.017
-965.59
-494.928
-919.975
130.013
955.834
-995.002
412.794
153.313
297.618
421.829
-421.961
705.954
-414.571
519.349
-627.582
-664.827
932.351
254.104
467.733
-797.856
-128.969
371.503
466.45
322.293
-92.6221
-1095.98
-76.7237
-865.886
-1205.43
-264.067
-176.032
331.127
-547.928
269.548
748.254
1035.72
1299.01
600.224
494.254
109.356
340.028
999.772
133.4
647.223
-670.756
-56.208
-932.625
227.751
10.4836
-497.548
-573.41
3.18838
237.563
-57.6889
91.6623
451.918
-262.721
135.301
865.578
901.643
72.4936
1169.98
316.279
-183.444
-273.183
239.504
-701.188
-36.4471
524.709
876.122
-1322.4
-289.277
-280.173
-374.627
-972.447
-36.7248
-853.91
-97.1529
991.276
451.314
403.522
736.152
-563.429
487.175
144.366
-40.0032
756.007
-111.858
16.0161
802.876
-934.119
-269.491
-327.974
722.613
812.085
394.048
-319.175
-339.263
54.946
566.11
411.115
-300.478
-193.921
-739.322
-98.7755
-221.745
-30.2924
639.181
-1227.68
-437.451
610.423
374.457
-248.255
773.326
-825.701
-28.0268
40.3572
853.074
376.85
-136.632
-214.169
64.9486
129.898
-225.705
743.337
-550.648
-85.7941
274.454
-119.266
-169.293
-94.1698
-462.606
-83.8849
767.998
733.184
-61.1003
-24.9564
735.919
-146.65
-1087.23
-311.809
819.517
824.771
42.2776
-71.9294
782.108
679.12
248.983
-581.701
-468.6
528.871
-390.303
28.4811
-973.233
-1464.49
479.16
453.021
478.576
505.198
-852.477
-540.84
277.788
-610.802
448.348
-118.814
151.988
-170.189
-197.403
91.2445
-42.4498
-394.791
-182.337
1057.52
638.119
888.627
-182.465
1150.59
-224.735
-20.1213
-98.7336
76.464
431.823
422.126
-48.0251
318.84
-504.945
-556.97
789.934
-871.102
37.0021
7.39541
-148.202
38.425
-610.594
57.9101
-375.525
-356.721
527.456
-1376.95
-689.058
-264.437
-71.6838
612.167
125.543
164.263
616.513
-33.0247
-231.93
-207.131
-138.172
-639.582
318.562
-94.3359
-254.758
-60.0225
-432.309
1345.11
-606.466
479.637
-219.16
-8.58774
-106.659
381.38
-361.685
-903.566
-148.048
-713.255
844.345
-776.226
-527.105
267.641
-556.034
-274.476
381.31
139.057
1355.31
-3.66688
116.737
725.662
185.114
-596.208
-951.199
-871.046
528.61
-356.056
-820.791
315.776
-178.091
75.1712
-27.0352
-1193.72
-824.936
275.587
13.3527
-420.871
865.008
407.403
-410.154
476.834
10.6288
866.832
118.738
-550.559
-53.1845
319.228
510.546
-1017.09
-749.514
-557.281
109.619
236.204
-546.028
118.168
-698.752
-14.4586
-430.729
694.801
-369.594
-74.5464
-382.9
51.786
-175.987
-1298.84
-707.299
46.9751
-278.173
-125.694
8.61645
145.993
-440.585
198.356
-98.0943
982.366
-158.866
-259.881
435.031
228.589
-262.46
304.523
386.93
340.029
-804.407
-397.71
-280.396
251.392
-273.332
404.725
621.005
937.255
-542.572
162.391
-517.007
-157.137
-503.55
409.423
-927.988
-422.146
-388.478
-207.337
-239.401
38.8242
-586.18
786.515
-347.34
-1119.92
191.994
-575.598
-320.183
381.201
-326.671
-216.74
218.694
-1083.65
-774.665
-242.388
-143.75
-527.529
-336.554
-197.426
186.891
-634.109
215.453
-806.917
-389.084
-905.58
-56.1554
-592.965
-431.474
286.802
185.709
41.828
-810.532
291.304
-1187.74
-446.068
395.589
-223.441
-332.772
386.972
279.032
699.326
-616.793
379.522
-165.527
1001.59
-151.343
391.527
51.7554
-963.276
-629.761
70.6279
-482.389
1017.17
692.32
855.078
-593.059
-216.328
79.74
-228.14
-57.3
-583.06
-294.23
-396.347
-66.6003
31.7678
-3.74149
-898.866
77.8751
874.96
-545.602
-579.471
1162.88
-536.923
-263.346
1285.05
683.075
-470.476
-33.9581
-205.08
-240.521
-528.835
-249.134
29.2852
236.959
823.218
-575.259
998.279
-352.989
227.395
25.6682
-46.1335
243.211
533.654
-365.798
-18.4189
-419.904
494.775
-541.464
721.175
-392.019
-553.59
-624.748
-825.438
208.988
-191.834
445.538
-280.01
-254.065
279.066
849.039
291.296
-292.984
823.111
445.943
465.911
-172.843
59.9531
381.87
227.858
580.453
-384.872
-372.067
279.413
-551.371
-100.235
-61.5504
-386.927
851.837
676.052
216.68
987.834
272.309
649.515
-301.433
70.7789
568.591
-230.871
-502.512
560.626
332.937
-27.3652
109.912
950.642
-671.236
95.5668
-736.895
-1006.55
-856.105
2.35559
334.854
-500.367
1.65442
329.706
533.063
1401.83
402.534
-1132.24
872.988
-488.027
-494.233
486.369
-132.582
801.118
606.409
835.98
14.2358
1039.8
-783.593
122.262
662.426
385.183
-158.409
-695.373
183.602
-205.168
-605.235
55.4883
53.1445
-724.236
-715.538
-749.063
993.756
378.509
590.065
694.625
196.266
-130.499
-314.183
625.288
472.572
-124.051
-604.843
641.306
776.797
-251.21
-284.258
602.686
306.387
418.45
468.588
-641.476
219.828
427.995
396.298
35.48
15.3903
273.917
-370.144
-229.063
-1318.68
620.317
478.952
-718.877
267.659
695.016
242.158
-526.04
-1024.67
48.0812
-307.656
305.348
-986.944
622.17
-941.561
89.784
-637.262
-276.855
-428.436
-30.3635
309.887
-1473.81
179.236
461.371
-154.459
795.6
-801.139
-574.21
641.371
157.497
-961.708
690.851
-919.336
123.303
-621.867
-234.496
706.579
-590.141
-1102.55
-1162.5
5.60447
502.414
510.026
812.502
203.647
-940.502
529.524
-589.421
-347.993
-289.673
250.448
23.2884
115.186
-95.8354
871.221
159.675
928.717
1.12834
592.779
-298.403
554.846
-597.881
1155.9
-10.3401
420.011
-77.4389
-12.5081
275.642
-617.109
781.029
4.88027
162.087
644.077
-718.041
-79.3929
523.708
-377.714
686.048
-271.103
-1072.96
595.888
1266.7
-125.083
446.698
-97.0772
-233.583
360.954
266.185
-763.635
-528.383
-791.127
24.1006
351.282
403.079
179.482
-945.611
192.216
-106.686
-1228.78
-778.725
191.533
4.74421
130.334
100.343
-370.549
338.681
-68.7255
499.813
-16.5506
98.218
388.106
1271.14
304.041
-150.158
42.5521
550.469
-393.315
394.417
-229.59
478.129
409.267
571.287
68.8845
-557.024
-537.228
499.743
333.796
-1093.34
234.051
-285.345
-188.278
-247.943
476.596
11.3131
325.932
-399.905
-174.972
-422.274
554.405
318.974
-698.618
-1083.66
-375.83
-21.0413
142.003
-944.895
422.446
-1192.15
49.3238
-740.056
-325.7
-542.21
-413.97
-787.877
-66.3252
371.819
420.851
-225.927
181.187
-344.974
-845.812
731.998
-467.788
786.224
-308.619
-994.102
-1474.88
-504.391
-928.012
-234.194
-369.948
20.0682
328.306
468.722
254.332
-244.997
-338.256
-912.581
180.6
837.542
407.661
734.083
-39.5441
-707.939
56.9734
-486.816
94.2459
610.54
-17.8885
-592.449
-659.868
-1019.12
974.814
374.431
509.877
-1134.13
486.728
-391.658
-621.344
1025.97
130.398
-1060.17
-208.485
797.125
-458.957
-28.4188
-234.375
1102.82
249.093
1307.61
-221.193
-47.1709
-252.894
-366.963
-265.52
-513.5
-388.447
-800.407
1322.15
-69.1786
705.893
-709.867
-401.964
273.14
6.48496
-200.352
784.913
-411.655
66.171
169.315
-373.714
-284.005
-100.922
1012.59
-855.38
162.826
-705.168
400.122
678.783
523.765
21.043
1288.47
-116.953
905.803
291.716
409.379
-725.223
18.9323
166.772
430.82
33.3285
138.226
933.948
72.7455
-957.39
232.022
-439.608
190.383
461.195
521.041
-1249.99
-323.997
-48.7716
152.008
129.773
-986.314
-202.768
-146.97
311.276
1163.82
621.884
-594.443
-97.0568
-652.686
1170.74
-1189.34
-152.34
-294.45
-1020.17
-20.4283
47.3583
-347.886
-998.295
-271.385
743.92
621.643
309.295
-499.655
210.266
-407.644
619.528
-372.365
658.456
-385.133
358.309
683.913
-1281.79
-470.294
-215.492
182.222
453.389
695.455
538.087
-168.331
-187.478
-617.109
906.888
179.4
-1179.4
-758.004
265.835
530.259
555.305
-788.762
487.775
-350.237
-1112.32
402.78
-263.064
665.795
-251.706
-24.3241
584.483
20.0952
-367.229
251.28
601.589
-311.864
662.285
-439.408
9.79064
-164.964
727.334
69.3248
597.338
-658.053
-305.702
-69.8469
-299.14
232.163
-744.577
-727.173
143.341
-749.998
86.7013
691.255
130.728
-217.548
156.094
-284.211
644.33
-9.85456
285.607
364.396
-795.857
-147.885
701.848
-667.707
41.312
-1382.49
-296.999
-210.614
-505.017
-400.219
677.915
-664.269
-496.393
-87.5808
-587.06
-791.657
539.988
57.1666
-685.131
161.766
-1104.46
1186.95
399.55
-295.515
23.2283
613.881
-103.096
-104.648
-37.0336
856.012
401.483
25.5432
-490.155
-581.394
-648.496
703.017
334.292
4.93777
503.535
430.666
498.637
325.63
-795.367
-438.834
832.059
-366.792
-725.831
-192.705
450.102
170.588
1019.95
-727.922
-209.092
12.9263
544.662
634.465
454.995
878.046
-142.898
631.156
-515.166
-544.475
184.755
-132.07
-88.4355
372.179
40.5224
541.051
140.706
427.833
305.507
231.082
-931.49
-229.86
258.472
212.288
-842.086
-162.537
190.03
-209.792
-520.742
-1067.48
745.444
15.4182
-327.127
321.133
340.504
327.479
638.18
-116.072
726.808
186.743
181.027
97.2628
-475.42
152.257
-1123.17
-274.498
-292.141
-240.143
533.175
307.784
56.3431
104.853
247.457
870.929
-193.171
777.593
306.576
628.031
8.36797
-171.5
156.026
394.85
-140.982
-498.85
-235.489
-107.351
452.882
-4.26143
-343.785
31.5373
-922.491
80.5631
453.38
-78.3958
236.877
-1381.75
629.541
295.129
215.27
794.655
-194.9
-532.801
-400.412
341.877
46.3541
-640.88
883.236
-671.401
1014.58
-857.955
-26.8728
735.025
-625.287
-462.084
-1196.04
-4.02455
210.55
-530.541
-168.288
-240.79
97.3184
-287.065
-213.011
535.735
-596.948
869.023
-834.113
-317.568
919.22
-305.798
-186.801
1156.83
-28.5956
-6.82617
-618.802
738.252
989.595
96.081
71.0075
-102.229
991.11
127.431
-92.5596
-941.625
-824.366
-961.29
246.01
15.4669
60.2163
1416
-454.538
-632.194
-34.444
-825.232
-1053.96
-265.404
310.724
-151.753
-1034.83
157.372
663.541
-959.918
1171.13
465.614
35.0082
912.751
726.171
-404.755
130.827
-545.75
-197.99
152.222
-78.0387
1075.08
488.567
-634.428
656.939
278.76
-271.048
224.318
-1108.38
652.903
648.15
891.728
694.414
194.349
148.284
-488.49
-234.2
943.26
169.268
555.294
1330.29
-562.653
449.09
-1420.99
508.669
248.969
-1107.43
1222
-828.154
676.408
95.9894
5.33764
-2.40882
312.805
-741.599
334.952
1116.3
252.14
276.994
-619.491
0.159091
-354.34
-268.019
168.156
-240.697
260.905
285.946
284.531
-57.0053
25.1903
758.561
345.089
951.59
334.534
485.047
-239.01
-272.784
1125.17
77.4521
1177.03
-290.292
-222.25
-203.776
58.2469
-565.189
403.313
-122.11
-904.042
-1003.15
503.151
-75.6589
564.735
-449.967
81.9773
-249.383
-641.607
123.314
-515.368
-1171.46
450.225
-395.598
130.149
708.646
577.692
-105.753
-306.549
-518.651
-908.051
608.148
415.759
-17.2751
459.165
447.839
101.349
400.958
-668.62
-228.972
-191.066
773.287
14.8146
205.306
433.24
155.063
531.722
257.851
-363.37
-382.412
1015.65
-680.106
-343.649
355.977
130.78
301.628
354.077
341.295
-419.049
388.364
-295.762
236.029
-230.419
-298.271
559.218
98.0484
1143.76
-656
-287.779
-757.091
900.789
-1114.74
-165.634
458.541
-629.002
-749.255
537.034
346.368
246.793
152.841
-542.286
575.991
536.056
1506.43
-438.566
567.058
-208.661
216.278
755.141
939.493
-1122.85
-247.594
-77.0937
-459.666
457.833
-34.6876
155.132
-160.383
-607.81
67.6463
-629.336
470.743
-1064.69
362.75
107.663
-1282.27
332.537
-105.32
447.598
1236.85
-68.6295
-394.984
-776.101
-309.345
-275.28
-616.636
1045.62
-625.502
-781.222
751.637
-559.586
-596.64
-1072.6
-486.606
221.787
-113.934
-779.963
-852.411
44.8917
-83.8931
894.561
748.263
347.656
-325.829
193.102
-125.061
431.046
552.575
-37.0536
1124.2
-129.49
376.933
647.228
653.207
-551.237
407.802
-1091.5
23.77
397.871
-41.8439
405.306
-323.518
-306.774
-195.984
-694.986
815.023
419.965
346.872
123.998
155.369
-70.1201
334.428
19.3627
-653.341
-427.926
812.098
-644.503
663.951
-365.593
23.4158
226.19
-340.306
-224.29
1072.27
190.536
-520.728
36.5755
-554.591
-703.672
339.616
-985.047
-686.102
-83.331
-418.874
161.218
-134.858
69.5784
-16.1688
-81.9227
297.404
275.251
-211.391
790.295
817.842
-332.548
56.033
-159.369
160.463
-558.025
272.814
104.628
-547.877
-505.396
-1437.69
-193.668
320.811
-87.536
47.5381
423.542
-87.0447
322.713
-930.29
-520.827
193.053
425.862
21.3686
-582.593
-112.355
826.452
141.583
-928.404
224.902
-64.1826
117.764
-169.395
-140.923
-672.915
-106.867
962.315
-437.605
-240.588
127.184
20.2904
-68.2667
523.97
-94.1746
-543.202
-149.242
-612.915
-779.546
-527
-582.867
535.415
-658.702
-317.167
-318.147
32.5401
460.806
304.619
400.177
-91.8164
-237.433
755.254
-412.461
-281.749
7.51862
160.896
-564.794
482.903
-637.076
-485.029
-205.547
-1078.39
-68.448
-207.623
-246.592
-141.733
-679.211
-66.04
-662.369
975.441
-207.212
-154.958
637.692
312.426
378.499
387.431
535.205
549.174
164.24
1038.08
-165.477
-109.166
-622.516
-1040.44
-47.0714
-37.9399
-486.466
585.881
-238.431
-1016.88
-901.702
518.622
258.447
-934.556
539.406
797.768
-740.525
100.895
-540.47
-134.719
159.863
248.471
-330.403
-672.341
182.466
-91.1427
-169.171
327.417
280.666
597.007
291.905
231.643
53.1953
-463.363
772.945
-573.666
-167.743
740.386
-495.977
162.359
731.427
503.952
-144.379
526.483
-86.4063
904.112
209.795
753.138
-517.833
-334.465
-120.018
156.467
-300.219
-403.385
124.464
-412.697
344.363
302.524
351.378
-20.5171
-248.738
-69.3964
359.588
817.734
1098.36
-175.85
-1390.71
334.276
-1002.05
-27.4464
-454.629
-282.532
467.594
596.324
-466.121
354.899
687.176
-16.7749
968.438
-330.644
555.703
-283.77
519.91
-474.657
203.84
-807.057
-603.262
171.179
418.858
-808.071
-1109.02
37.0254
274.686
620.359
-243.839
-26.8386
-355.617
739.703
374.596
-100.202
-1559.05
-823.39
338.792
986.127
-179.227
348.247
1303.4
-281.668
-1090.94
-345.97
-1133.84
41.4372
-855.705
373.86
-1112.8
313.864
799.681
662.481
-631.718
-242.303
496.616
412.369
-52.5807
-100.661
1167.65
1015.74
271.532
375.093
1101.46
-578.608
-1618.42
-565.489
-527.955
230.993
120.324
161.968
600.259
-608.941
-304.262
93.463
203.735
81.4384
-531.253
852.6
832.466
516.574
-530.567
600.828
93.974
20.6805
-66.7055
845.784
444.532
1212.59
-457.301
-259.376
-413.097
606.438
-619.14
-342.565
-656.56
-320.149
464.821
-306.392
-117.581
-494.72
164.65
-196.955
845.149
-531.405
316.852
452.511
-42.4875
-622.802
802.522
-1195.41
-230.368
194.496
-72.0581
-437.637
-698.196
-694.975
728.851
382.928
-5.53164
-9.13495
-391.448
142.945
-949.972
169.127
-170.765
-238.976
-79.4168
377.969
749.243
-697.441
581.187
-996.458
319.77
252.232
340.835
488.257
-1075.25
352.262
31.5615
-999.164
533.669
540.342
975.299
800.793
21.9987
-143.723
-407.279
-107.139
-48.2933
862.097
-738.493
-880.926
142.001
65.2669
67.2516
504.976
257.666
1116.61
-484.833
-814.253
-134.943
-842.31
30.7732
-812.009
-161.541
678.318
487.74
-364.885
67.7898
510.837
869.557
-507.673
-676.266
-817.789
-1315.88
47.6518
-690.462
-556.348
-787.434
82.5609
-308.944
-294.311
649.663
101.544
156.483
-290.528
556.346
563.967
-1022.34
-661.477
941.108
173.556
-673.771
-203.668
-80.33
-248.851
-924.787
-238.1
-154.093
-457.375
-485.717
165.097
185.654
-387.018
-577.457
549.751
-222.598
137.977
-1245.42
19.0854
-659.937
-390.132
-137.204
1301.77
-767.077
737.026
-1060.49
-235.158
281.891
28.8379
-1020.59
-238.531
-671.095
-269.671
138.868
397.153
151.169
-226.882
-927.067
-237.325
422.818
-70.0159
-264.984
226.235
1178.17
361.165
496.437
-164.042
790.419
214.341
5.99548
-366.773
288.095
75.3106
418.988
-557.028
124.164
675.202
503.591
-635.083
56.062
196.809
-9.11614
228.276
-195.455
217.652
-186.582
-361.336
-0.693069
-678.235
484.395
22.398
331.19
260.139
768.14
331.675
-919.664
162.782
-85.7584
-441.253
132.148
1145.34
-398.649
-224.551
-27.2508
330.557
-181.645
-1213.59
36.9998
-519.622
-103.314
449.292
-1021.55
-1317.94
-495.74
351.426
-997.609
212.997
-396.715
-554.935
-176.656
-400.381
360.133
1087.44
381.638
582.96
110.66
1083.74
826.304
596.531
-291.677
-64.4893
964.775
476.759
767.627
-82.1637
-70.2798
53.9385
-1119.92
611.591
837.967
-200.906
9.82753
897.774
-238.935
-436.033
-86.3144
-364.224
1035.4
238.306
202.85
1384.03
401.738
-406.569
-112.832
-1256.83
91.1291
-834.024
-488.906
1170.72
-573.873
-287.287
478.714
415.168
-942.089
606.428
843.3
375.527
726.844
474.006
-894.865
191.299
442.712
177.343
-383.34
-537.023
-369.076
672.48
-780.711
-718.276
-264.626
-117.754
-319.416
375.585
-377.328
-1427.11
302.208
590.809
711.799
549.057
1089.72
-373.429
-564.895
-208.728
294.188
319.406
77.3436
342.815
697.172
-285.413
-1247.4
-943.402
579.168
-464.443
153.302
-331.551
288.397
308.908
-504.27
491.254
-601.809
-813.754
-108.54
-1447
26.1411
-23.0967
508.879
420.935
-334.915
1.88876
-445.104
321.516
418.682
-428.839
-145.36
-288.569
301.141
936.307
-272.72
-159.767
533.504
-674.301
-928.988
149.713
-67.7325
-1121.28
-144.756
1155.16
-1238.66
529.712
570.408
-1275.49
-502.643
-652.256
-183.682
-627.834
17.7757
1210.28
205.961
1060.44
-298.205
-3.32931
-1235.16
15.4658
92.8046
-259.199
114.865
-461.118
1088.04
377.85
-214.803
-134.798
309.89
834.113
-62.9708
-235.092
-366.963
157.749
1057.21
101.923
303.883
-525.357
613.554
-738.509
-920.955
-222.434
1088.54
-209.556
61.3374
838.944
-28.333
-24.532
-552.132
312.706
-673.689
-68.0097
402.614
-644.828
-396.503
165.395
-143.495
170.653
-363.162
60.4368
-901.171
-621.346
553.886
1009.26
-563.327
-511.623
256.258
142.05
899.046
473.284
-470.168
-100.525
-1222.23
396.644
-163.75
-935.932
675.359
-571.872
-975.793
-652.102
945.271
-66.7355
-573.609
-310.49
311.789
986.912
739.175
711.373
-1122.41
-613.435
923.751
420.705
1242.94
1060.14
-441.914
-16.5093
-150.829
721.77
450.807
-419.993
-26.6652
711.717
-405.172
615.158
197.145
800.46
-249.811
-1036.4
159.552
-36.9284
1102.52
717.432
215.649
-555.396
-522.993
-876.568
-710.672
199.28
814.585
-897.028
666.653
-270.355
256.451
-810.192
1222.89
179.56
-379.666
-397.223
458.711
999.158
-767.283
-390.652
1036.64
-429.363
473.968
-94.2511
651.472
202.299
-467.028
495.794
758.232
265.369
-590.721
-865.076
-980.543
522.726
163.024
-423.809
-252.474
-333.474
-734.845
-78.7683
-631.981
-542.881
-881.093
36.9172
-595.582
-388.808
-363.496
-592.656
250.236
224.667
341.008
-853.784
-562.809
885.405
538.037
398.441
354.721
918.911
-712.382
475.494
-825.433
-155.335
368.946
-335.868
655.989
-156.751
-1105.08
-244.549
777.171
-610.136
517.363
-1130.58
-246.748
368.323
368.701
-5.1848
-137.255
327.632
-854.031
-169.607
-25.2362
5.1678
-183.714
598.455
334.253
857.879
676.046
235.99
248.488
-235.144
407.301
-745.561
-1067.66
-183.661
-972.382
-1015.85
-235.796
-755.833
-481.095
205.282
-613.674
410.691
314.915
-93.7282
-104.964
209.986
73.7702
347.195
385.102
148.853
-5.04963
-234.349
808.064
-760.933
20.4749
270.24
-783.839
-872.637
-604.959
675.652
-851.608
215.387
-726.545
-666.9
1209.64
400.324
711.932
314.473
-536.928
20.9222
199.961
-123.815
435.855
708.087
-1297.82
631.152
-83.398
-1199.38
263.821
-240.763
416.405
177.587
478.298
987.754
-10.6674
548.709
1022.4
60.8459
568.493
422.691
173.383
-233.859
226.749
711.866
-705.937
-381.322
1099.3
-238.004
998.736
872.16
-563.86
-595.791
-363.02
-217.417
-302.54
-801.81
-779.2
75.2407
570.384
146.554
165.958
-230.253
1018.03
163.591
-504.976
-788.712
213.412
152.515
156.698
-1004.52
-870.777
1205.99
-345.407
398.177
-83.9287
-52.9113
505.072
-567.255
-633.065
-177.163
-265.589
-167.706
-151.241
-90.1765
361.723
238.55
-316.144
699.73
108.913
505.481
265.025
-1073.48
630.955
472.807
-608.498
166.121
459.268
-275.844
-356.564
498.994
106.896
-147.136
376.571
-352.332
403.703
153.731
70.0631
324.181
49.257
143.092
-731.684
-134.843
976.429
321.392
-79.4664
-741.7
530.089
253
577.903
-150.829
-472.931
-1414.55
-200.443
38.4717
-431.862
146.591
436.871
1036.12
-881.374
494.623
261.018
-551.872
-158.111
-726.344
-359.891
-236.807
338.873
106.836
202.94
694.728
334.508
-14.2944
523.424
31.5519
554.245
-859.868
91.1231
493.538
-212.842
120.911
-374.973
102.616
-57.5496
-103.607
529.174
550.781
918.683
331.865
-492.775
800.107
-1045.88
-599.22
298.099
685.025
149.837
-65.3305
959.128
-1229.46
216.121
904.91
-550.062
-1257.16
-137.793
249.946
-91.4417
414.488
1016.35
59.2502
-902.895
-614.084
1037.91
664.491
-560.91
-211.775
-188.92
778.843
306
-732.113
-239
241.014
339.104
966.788
-494.837
447.003
-164.427
53.398
-345.762
423.761
932.033
121.688
373.988
-345.742
-485.275
-813.523
502.891
-121.507
411.002
-210.745
-473.308
-877.645
63.7175
-1270.4
402.257
181.694
-327.969
-482.975
556.992
-441.799
13.4526
-391.368
-36.4825
392.914
-823.657
-227.087
-569.522
-959.154
-50.654
-808.375
205.024
-68.2255
-418.69
688.139
828.257
-121.927
237.998
435.093
-650.824
401.555
695.17
-767.007
1150.33
1022.04
-310.399
349.793
761.045
662.296
-953.416
885.363
309.309
-138.894
-313.762
396.199
314.91
241.368
-65.4299
-605.106
-446.541
-15.4462
606.174
144.22
-400.19
-1033.35
99.0821
-196.279
795.504
-641.3
149.01
122.675
66.4596
123.619
1136.69
-160.399
-921.302
-607.904
-310.875
-1406.77
467.067
-532.57
428.859
-104.992
362.685
1388.1
-423.503
-171.479
-503.692
-336.087
-185.108
173.593
365.306
185.679
-110.787
203.411
-485.906
426.127
1180.52
-520.532
3.85817
-114.058
-354.332
-604.004
-875.396
977.323
-511.915
-88.2806
677.235
830.088
510.921
-458.769
966.147
243.072
484.77
-680.186
462.839
172.358
-395.087
-511.348
-4.48467
-272.961
785.159
-22.1898
489.356
89.6287
181.079
1327.53
84.3753
67.0408
853.831
418.222
895.421
-931.918
-80.2705
-564.712
415.269
313.897
-154.291
83.6929
304.034
-0.71868
-159.93
1064.49
-137.196
-757.308
475.933
-34.7527
-44.0496
17.7388
-400.71
511.241
441.625
-476.437
-1040.68
205.192
678.483
247.58
305.543
-78.3302
1345.92
-75.8742
-375.527
569.77
-767.658
1204.88
462.229
-125.779
-672.206
462.157
262.459
559.681
-1333.46
-544.653
791.557
103.961
-3.77798
792.063
1093.29
-109.703
-590.325
700.914
-631.903
-731.424
-225.801
365.403
508.252
-436.334
72.9069
-258.21
272.293
-1016.88
82.6859
351.825
-126.694
-518.947
637.753
832.146
863.47
1254.58
-240.03
383.946
-311.692
-789.466
577.583
-798.695
561.317
-11.303
140.776
-873.505
290.607
661.236
871.196
-267.599
-603.884
-865.502
-649.796
1074.23
-865.687
-1038.88
-836.335
49.3069
-605.188
145.361
-855.717
-542.14
-383.421
-306.398
154.574
127.697
-229.328
-462.153
670.627
99.9921
-729.206
863.629
-80.7756
-429.539
100.013
-1091.63
92.2129
609.733
-381.012
532.735
-375.484
120.763
379.415
569.717
1420.65
-299.811
-276.464
-510.926
982.006
136.596
-1258.85
-565.605
-49.8137
-394.885
359.389
-902.111
-48.5127
94.087
-367.507
7.41309
235.171
-609.698
582.782
565.426
-23.326
288.422
-402.822
465.946
-662.46
608.966
-477.04
-528.085
-500.887
-176.368
-18.4584
381.367
-785.989
474.905
-760.136
-309.482
429.282
949.958
-409.893
-623.687
-722.699
-619.571
-971.395
0.627633
-962.78
-479.565
775.071
562.081
995.021
-560.465
-1570.44
-25.7317
-384.257
-519.502
406.603
-18.3108
149.744
852.807
-124.433
400.232
-1028.32
-143.985
-505.788
299.703
185.477
499.408
-838.94
-267.048
23.8366
472.574
-705.461
-4.49609
468.642
-336.63
263.641
71.8695
687.862
476.165
300.125
25.6887
214.519
-622.626
888.673
-302.72
715.469
-367.993
-642.142
-732.249
640.117
-129.313
-873.607
-4.39461
-1185.64
1098.2
503.224
517.765
-346.651
187.956
-736.914
221.072
-462.66
183.741
13.8029
-19.2555
516.933
65.0777
1197.6
-43.4384
-47.2936
714.026
159.22
-575.253
-675.552
-1006.65
-43.8774
-529.292
-1017.62
254.913
38.4256
-169.875
317.632
727.735
399.798
-502.88
1070.27
-657.997
-742.182
215.45
192.148
324.333
-36.9945
310.972
-264.461
-413.632
-610.147
-856.012
-536.486
996.447
-1058.48
-268.064
195.526
-1069.03
410.625
79.9148
105.433
109.725
-694.24
-392.651
-470.129
137.131
799.331
52.4245
-663.208
223.44
1135.97
300.207
479.263
-622.496
-175.532
299.378
-691.255
64.3325
-238.746
79.4779
414.64
-607.376
-147.261
-1160.08
380.35
-407.78
513.705
1189.17
-25.0276
-408.422
-356.647
957.065
-831.257
-617.776
246.216
-622.554
-859.631
765.542
1218.95
637.384
-807.469
-697.427
264.576
-577.776
-204.852
134.65
-26.2274
334.587
-831.151
141.255
-863.922
68.3869
207.437
310.713
-565.319
78.3319
1177.87
-780.655
-477.739
871.369
-344.388
411.226
914.933
86.0011
-96.4497
319.094
528.247
-67.3364
147.826
-686.37
-199.337
-562.643
273.596
587.355
-140.338
-818.499
862.023
-535.995
650.118
371.97
298.963
-1440.02
556.397
971.269
-317.277
721.601
-196.524
-844.596
-706.189
-255.012
512.165
158.76
-182.879
769.101
483.85
1022.54
150.869
134.001
212.425
-330.363
1137.09
1291.32
57.9544
-131.981
79.9527
700.216
-158.306
258.816
-52.1732
-396.22
395.605
749.734
409.473
-716.34
321.786
1097.42
-344.836
819.6
-313.807
644.855
-645.259
31.621
-263.897
439.337
-54.2437
-310.732
-142.729
-74.3884
201.297
-906.792
-651.741
-341.467
-330.8
-1130.65
328.469
-384.78
36.7649
496.394
-556.457
621.346
-836.111
39.9162
-660.806
-171.752
-25.3474
-499.177
210.853
-39.8714
-210.22
57.7907
-995.113
-206.758
325.781
-38.419
57.6792
106.943
516.715
-196.42
629.337
-607.322
126.641
618.558
-97.7759
-420.697
392.607
-125.716
247.506
794.218
-57.3541
586.816
334.029
739.146
531.755
-297.6
-297.141
-450.7
14.8113
-419.683
-592.758
13.7909
36.9941
-582.527
-266.524
-335.385
-728.933
892.243
454.131
670.181
298.767
-527.039
932.264
-376.362
-1269.37
-334.287
-104.779
29.4377
-479.742
631.209
-243.226
-664.494
990.24
-1620.84
866.796
-1110.89
-51.4156
-420.355
-390.251
-243.148
-454.213
234.691
184.502
-663.611
-154.199
-431.793
-1160.34
226.077
-37.2898
516.728
-227.272
279.986
156.813
-745.62
-58.3331
-220.834
-442.394
-706.446
-635.051
-99.9898
181.834
-452.327
-294.365
-285.461
294.69
-368.268
94.7788
996.097
-220.706
452.308
277.795
-208.248
407.038
740.161
-860.857
-252.959
-979.418
721.997
798.082
-69.9514
43.7047
748.404
495.33
409.258
995.811
464.703
186.192
161.467
426.328
-93.1078
343.28
389.14
-1414.83
-39.0646
706.007
201.179
368.004
491.08
116.418
-212.334
89.0828
-1120.11
640.816
-44.2179
-509.553
16.597
-755.535
-1074.72
-377.807
214.293
550.285
-57.4564
-797.528
150.215
-669.373
492.614
67.0099
110.756
-518.548
-665.907
443.264
-557.283
18.3546
-970.178
715.227
1413.13
304.77
374.873
-744.947
-480.684
-412.624
1296.71
-416.765
-198.762
82.585
227.359
-1069.94
802.33
-807.063
574.043
702.35
-475.39
224.173
-27.4921
-20.1042
-199.482
-106.851
219.64
21.9942
62.603
2.77371
-263.861
157.369
-707.554
-689.356
-934.887
114.62
-333.425
429.949
-116.321
93.7444
-526.219
326.152
-102.122
90.2715
-563.574
-285.727
453.568
-315.833
536.558
112.994
88.7128
-305.752
179.05
517.158
-347.828
55.9427
-409.653
-1257.23
-1051.53
402.246
-137.276
123.642
664.26
638.605
696.871
-94.872
-566.811
-289.448
-940.139
-637.574
944.324
36.8787
551.48
868.231
1118.63
235.2
1072.13
109.342
-59.8663
537.666
-29.4424
191.139
-952.373
432.349
-956.548
703.46
258.891
380.226
744.915
-848.665
-54.7442
-51.1174
-661.066
-1030.81
-963.739
-55.3869
395.46
-191.21
-407.789
492.361
637.528
643.266
447.724
-67.4334
-863.509
428.741
-485.405
-232.495
-535.213
94.0014
-276.802
-260.642
584.636
-568.726
161.086
346.374
84.323
-177.163
-291.138
232.381
-456.424
1447.73
-24.0634
-470.43
-294.202
-350.745
345.022
-136.362
185.86
-416.412
906.176
443.487
-360.851
-779.867
-20.9158
-1056.68
491.418
-267.622
934.531
483.689
275.401
776.944
-85.6811
-345.141
327.373
-329.267
9.60741
490.37
79.6032
-876.969
-943.928
-12.6024
510.365
350.034
331.627
668.325
-147.84
195.204
-358.646
714.15
305.565
-240.585
847.702
-796.258
121.983
570.58
-967.243
779.593
-186.57
983.03
-443.554
-306.229
-1281.49
-226.637
-301.078
-917.427
-112.965
-972.482
1071.97
-808.143
47.3912
530.058
-725.866
-33.4209
-147.623
-476.985
800.668
-474.871
-829.494
-418.76
-327.208
100.736
-491.014
-1151.82
-350.188
136.517
-945.407
299.577
-82.7977
337.627
-395.353
-1104.18
-924.797
-151.297
-768.68
-272.804
11.0401
-330.965
318.095
632.152
-216.761
364.271
-193.247
472.79
993.364
-135.631
-123.466
-338.936
93.5969
984.572
102.947
-821.641
671.001
-656.147
778.915
48.7688
273.356
30.2088
578.695
481.226
-49.2289
-181.528
-203.23
266.413
-622.03
664.775
94.8862
896.267
-1019.01
155.276
771.004
-401.425
619.905
-409.757
-312.039
813.04
-624.204
180.213
463.394
91.1635
-318.055
-353.218
-945.56
-304.495
-182.239
232.358
-260.367
-835.835
678.748
-58.7102
238.869
427.34
24.8525
-243.518
-481.504
6.03803
-1128.81
-185.155
-402.493
-798.505
659.212
1191.52
313.899
-636.625
-639.66
-362.966
407.088
-1164.9
597.937
-660.05
-434.084
164.986
-131.305
720.177
361.82
-212.49
-501.991
645.379
-143.953
1403.31
405.991
-282.91
9.17185
389.239
-175.11
-11.9524
565.513
-62.8189
-502.456
-266.33
128.146
21.9717
340.084
326.23
-249.93
-38.5921
-49.1824
-1056.59
-271.915
11.2236
-795.18
21.1222
42.3305
211.858
405.946
-350.825
-193.322
680.103
1004.56
-369.121
606.859
-597.731
-394.666
-822.849
-25.7512
373.134
264.022
957.993
-427.697
36.9583
755.803
250.196
-45.1443
44.2784
-964.713
-457.811
339.512
390.495
-12.1146
-39.265
-341.528
476.25
671.154
-268.648
-263.587
2.23498
-527.077
-270.89
-414.172
-444.707
-792.486
139.769
-44.76
-413.354
1403.66
-193.559
252.277
353.008
785.383
427.161
241.169
508.228
-74.0853
121.195
-57.4274
-465.517
-437.893
1252.64
-240.38
18.6011
-729.829
584.269
1277.4
320.798
-267.751
897.993
-269.265
-856.528
-773.976
-1062.57
317.729
-126.64
989.697
-223.601
1107.73
582.285
-241.351
-914.909
538.014
863.689
-646.258
-676.103
595.735
-293.268
247.91
624.371
286.037
807.081
-692.331
386.548
-405.881
-646.16
256.821
614.797
177.404
888.499
1143.7
1042.44
635.838
146.733
87.0956
-1303.9
-21.666
757.76
-8.70171
280.705
-92.8336
152.814
-850.127
-185.169
325.862
-393.579
-350.61
-17.024
298.32
513.125
1249.85
20.948
145.403
-404.488
448.838
-5.91655
712.861
238.773
-1138.23
35.3117
-504.828
70.9387
-354.512
162.733
-53.0235
377.357
-542.32
710.417
7.38073
-757.064
-335.76
-217.843
-283.616
-1.31342
-332.81
-774.781
-218.63
182.161
-60.5365
-1068.24
-50.5968
-774.839
13.7789
867.793
330.64
206.158
124.491
195.006
-16.1832
-216.7
-532.145
-93.1896
-144.855
1139.78
-27.8563
171.676
-961.967
-302.92
-522.911
635.396
-637.175
871.644
-1337.15
-1130.86
-16.1077
186.345
-298.338
233.143
896.382
238.645
68.3529
-809.973
-644.387
299.675
-628.491
698.422
301.496
-1056.55
-163.498
654.389
-1218.38
-353.152
11.5466
458.067
-321.978
218.456
661.889
-122.165
-794.05
346.395
347.187
250.414
-246.93
-406.508
459.423
-414.289
-172.82
-72.0426
-1012.16
541.538
131.223
280.447
942.286
-586.119
-280.238
92.7536
866.4
-564.25
-44.5007
905.077
-322.033
204.113
-257.285
-450.189
562.515
-329.656
-1132.42
-1371.09
-674.362
462.915
-1130.82
243.394
226.795
-600.952
-174.391
581.973
-316.427
1018.25
13.6608
676.053
633.874
585.748
-146.845
-606.61
423.557
-815.714
-611.436
-426.878
204.692
745.766
646.114
-230.96
-688.087
589.696
-365.177
-710.304
179.941
524.319
-151.903
-297.744
79.1693
-1242.22
465.498
-70.6719
-1136.99
1178.06
730.907
-103.485
-576.348
-732.516
-1018.01
242.865
293.331
-962.551
34.0564
398.583
566.394
463.316
253.359
351.411
-40.8311
78.2294
-294.483
823.367
670.747
627.985
703.984
-9.20076
-465.528
-7.78426
921.705
-73.3367
-68.3821
8.68525
305.253
1006.36
76.6681
-196.182
84.3086
1150.65
150.25
-821.114
649.718
446.351
-659.255
-599.28
-696.488
-452.541
-1012.52
-674.476
-1061.66
868.5
199.564
-824.815
-72.6293
-334.706
-98.4292
-677.326
-640.953
313.749
294.694
-534.428
-36.8795
311.072
-477.805
429.818
-152.471
433.158
-199.527
-496.273
410.132
953.348
356.711
-1271.58
294.432
742.167
-313.223
-491.523
311.624
-249.46
-665.31
234.256
-83.0981
-12.2398
-369.65
-165.908
336.56
-75.4032
520.792
-21.339
-357.975
659.059
245.556
-835.461
-227.581
387.18
-315.526
-720.522
-141.898
315.234
241.931
254.11
-889.995
-263.424
467.066
-567.558
-748.105
-27.7087
780.132
-86.234
603.571
272.131
-50.1792
438.43
930.14
332.034
482.691
664.66
-59.4675
-1020.96
-961.774
273.676
567.363
246.905
292.797
479.558
-412.122
527.32
853.538
-220.186
1089.75
186.395
-39.4318
507.604
-131.017
331.592
374.723
-455.12
192.996
-764.703
72.0271
-66.1065
625.966
354.921
261.097
345.94
1167.15
-100.968
580.32
12.9391
-676.765
283.062
-1132.74
417.785
549.521
884.077
-599.463
-97.7265
76.0189
-222.153
288.918
-533.293
-341.985
174.223
-849.702
-957.562
-475.756
-470.584
-1392.67
-311.695
154.331
57.803
1255.95
-1325.8
-360.588
-243.636
282.251
-582.945
159.629
149.26
-571.434
-415.373
130.888
-491.608
430.571
648.173
-766.151
-588.373
851.064
-322.467
-339.202
213.16
186.471
492.444
684.931
-224.993
644.078
683.567
831.85
840.409
14.9144
-281.45
-349.588
-136.621
-914.55
1358.8
133.508
-721.753
277.557
490.018
1327.06
165.721
-243.762
-127.98
-8.82418
797.642
-603.702
-169.629
56.1203
-22.029
502.927
-764.786
1497.84
49.477
160.582
656.665
-632.302
1018.4
-529.996
-1056.58
-402.593
-208.297
487.59
-31.415
-830.84
265.443
-530.135
-466.677
345.857
-216.7
546.75
1349.21
174.405
784.683
188.89
218.806
-117.681
267.557
-237.86
-171.66
434.467
393.034
-61.1438
1161.01
661.267
-687.223
247.394
-749.166
370.398
572.272
-174.012
226.399
-1081.93
-173.392
17.655
-456.772
1189.56
517.047
-570.809
1200.49
1.42989
144.231
68.1302
-747.305
-1033.72
-427.024
298.243
116.766
-437.493
460.236
-725.061
557.808
-632.554
261.567
303.495
154.588
-56.8472
-81.6513
268.849
357.966
236.805
25.8111
1029.8
151.257
-440.403
621.479
-663.818
-931.157
-712.862
290.402
-97.489
125.077
-858.851
-53.074
1176.78
-87.8571
-564.577
-1108.76
699.394
-236.206
321.682
65.5313
-919.129
264.538
-77.167
653.532
299.873
915.27
-349.179
-834.271
600.38
-853.201
-396.774
-696.791
-117.89
340.659
508.332
-718.212
775.39
632.374
351.497
-754.357
91.3379
468.63
416.267
336.874
-103.79
-222.758
-755.804
1222.24
-187.607
41.2501
55.5523
585.596
-553.494
1212.23
460.942
-348.214
-310.222
-284.94
291.238
387.575
58.3776
-26.2118
-398.448
-589.481
326.503
295.6
445.242
1025.84
414.475
-573.651
856.481
558.671
118.679
154.907
117.045
277.278
234.729
27.8983
-1037.33
-450.39
156.553
-431.898
-591.106
-557.266
-447.536
52.0906
-354.515
543.434
-344.958
-173.358
-476.516
-75.97
-391.411
435.369
-80.1252
55.5945
-920.427
83.7982
371.469
503.907
-847.419
-60.2416
368.905
96.7478
-30.6538
-632.205
269.819
-756.94
262.517
3.33244
38.2505
20.0222
-1002.12
-335.096
-392.995
-1066.5
-350.472
-794.586
-735.241
-646.508
-491.99
-232.974
74.7589
-14.2289
93.5562
-836.389
259.574
1134.09
584.624
491.338
760.712
7.19627
222.93
-294.625
-356.83
195.336
339.424
-246.462
104.13
-268.375
606.611
-261.468
-292.085
186.859
239.504
27.8751
1007.35
-235.198
555.199
-738.029
725.696
-128.363
-488.953
-411.476
-231.65
473.791
-241.917
-469.899
967.32
-487.517
-225.131
82.6211
350.113
-3.00592
530.701
-62.2819
46.8195
690.867
-81.9512
1040.8
481.061
742.891
-353.908
-469.039
273.193
-13.6358
-448.817
839.634
-122.505
974.85
310.969
-781.385
85.8322
-11.3026
826.801
1054.41
-287.648
155.367
414.461
1300.61
-756.306
324.62
-599.507
649.251
-843.557
-239.656
-884.336
-275.87
-92.6508
392.962
-660.553
-162.136
308.703
-97.0787
-161.581
539.687
-818.995
848.897
-184.278
288.285
66.645
1035.72
-773.448
-698.054
422.559
420.326
-541.139
434.688
-1062.51
416.418
543.149
39.6786
516.571
-563.891
51.5992
-824.106
522.813
176.527
-425.112
-657.008
543.787
664.405
-266.144
-163.038
140.712
521.77
566.022
-412.502
-930.621
-171.476
-177.509
66.704
-356.953
-247.188
-510.944
-467.39
-610.289
414.233
-97.5612
-194.352
-921.776
38.4721
141.053
-239.859
-727.451
-295.377
549.973
-75.7568
-276.901
307.951
-368.584
-296.965
633.511
284.395
-134.563
300.186
207.628
-1020.31
440.026
171.668
633.692
-14.4501
-1219.41
-45.1438
-2.59114
-194.819
187.063
-661.358
653.983
-68.3933
927.147
-915.249
-450.528
-537.363
992.223
-258.899
355.517
-1288.37
-1064.2
185.086
-354.738
138.75
-576.269
876.684
-170.838
-643.07
534.268
-522.887
91.9381
364.705
-213.854
1.66567
297.198
65.2156
508.597
328.47
254.804
-509.568
-51.7137
-341.941
-562.478
67.392
-634.994
-666.733
-572.983
-305.035
-28.3152
-1127.65
787.988
-359.487
-731.387
2.12165
-387.708
520.188
-877.222
-327.685
-149.354
647.571
-1197.18
430.218
612.651
-617.402
-1047.94
-741.237
468.18
-94.516
942.234
50.8346
-548.571
-114.543
408.921
-183.615
-279.308
692.012
-302.972
-455.51
585.83
339.984
295.726
-844.014
459.596
902.074
-25.3702
662.61
1473.12
279.324
-512.679
111.879
1242.6
528.51
698.493
782.016
254.733
-36.2478
367.843
-550.394
638.856
-141.973
-541.931
-172.764
-546.039
-310.891
-846.412
-942.632
-215.695
236.017
152.901
-420.895
619.968
934.036
322.571
184.795
170.605
-384.669
-196.359
-891.645
136.717
-244.375
533.32
633.005
344.615
379.475
608.201
-446.053
-442.779
289.7
-248.028
-415.566
324.669
208.06
-713.536
76.6814
215.746
-652.562
595.468
690.588
370.99
-260.874
-336.193
-314.269
-30.3143
-908.448
-111.632
1.68411
111.934
1179.89
1449.9
492.093
605.585
-504.835
770.338
-825.73
-516.403
-269.818
-1408.25
12.8158
-6.3994
38.6403
89.3232
796.402
-840.529
-569.4
-359.492
228.14
98.8822
26.558
-480.355
331.189
796.724
-167.508
-890.819
906.624
51.73
45.1072
-371.169
-1096.54
-178.003
797.426
299.264
-146.337
989.597
-1054.75
138.614
-396.42
392.905
-690.608
578.252
493.007
658.412
-1036.15
4.63428
-259.08
44.8489
-426.75
-555.551
-1252.98
277.483
-984.754
131.5
-6.29784
-621.667
-1047.84
-918.554
-50.1088
-433.942
-191.136
55.8205
259.384
-37.8934
-332.302
-101.123
-402.017
-97.4084
42.3562
188.181
7.88574
-0.4106
68.6809
869.153
427.093
-250.097
73.6919
257.317
-727.956
-280.548
-732.749
1178.47
-223.938
-1051.27
-423.934
-1076.7
644.249
-961.988
-371.713
-544.126
-1062.59
-287
-742.501
113.844
293.402
441.473
-845.615
-587.529
-634.4
785.06
161.433
1089.12
-727.99
-573.408
540.533
244.208
-573.315
-1208.64
844.535
-12.9308
119.215
-730.358
301.026
-470.432
690.35
331.683
-251.412
104.037
-118.955
246.267
151.18
-680.642
78.4668
-438.732
681.198
634.992
530.478
-45.3797
759.617
417.29
-186.919
139.074
558.67
-81.6003
-1573.82
255.812
-281.74
623.163
94.4345
-140.104
-1290.75
1278.91
50.2019
-139.86
-386.438
-864.751
467.662
902.153
744.96
1199.62
-183.055
-281.069
-750.662
-700.204
-261.684
1259.69
-81.9636
-548.277
1390.91
-364.006
346.696
-91.8565
572.295
-936.251
4.05745
-26.9018
-493.592
-74.4171
-347.736
230.679
-905.448
197.419
-476.326
-1120.5
796.841
-497.906
407.019
-361.281
-636.932
-323.488
281.807
-623.07
934.791
993.003
2.04746
95.7972
456.275
-376.894
-465.037
310.135
-79.1872
-967.333
723.086
-671.271
-632.247
-1334.36
-780.112
152.234
196.773
518.483
218.728
102.156
-292.92
223.353
218.08
907.953
72.9525
-224.418
427.004
-803.41
-185.858
1.82457
-135.391
-153.388
-33.5453
-469.942
486.53
432.952
432.422
-871.284
-687.499
-1042.75
-7.78514
522.105
-391.697
561.109
-406.135
-259.864
-140.482
894.95
-248.898
548.985
307.412
1313.25
-62.9305
-110.528
855.04
-479.412
447.655
321.593
42.4794
500.798
188.849
391.832
-1163.64
1000.2
-231.345
-224.498
372.991
71.5604
289.157
-651.19
1074.32
407.05
727.01
255.658
828.451
570.284
1368.06
-796.012
-21.6548
-106.236
-341.77
-836.541
-30.5776
-461.256
-386.893
-315.484
-4.65233
-210.733
180.987
-310.285
-116.529
-197.962
160.398
-136.152
-201.72
-324.999
106.035
413.433
-51.486
5.0937
355.179
186.799
-655.491
-264.613
-146.955
-328.122
-742.641
-45.2735
876.221
-8.61506
461.909
-522.598
347.22
26.1425
-567.29
376.677
1086.72
-368.901
-1286.92
672.097
212.096
-174.591
-884.963
112.854
-1163.88
-570.18
384.748
214.166
-797.021
315.774
178.264
-280.942
300.048
-114.385
-979.025
66.9979
349.859
295.575
119.112
-231.078
