1164.43
12.2416
-923.021
-89.7982
-673.627
352.543
278.899
532.902
-619.195
-973.01
85.7392
-126.914
-131.198
-683.3
-9.30353
-95.072
127.08
173.442
-182.211
-807.732
-167.694
-737.354
484.561
91.7962
434.678
342.92
-879.588
-1081.98
-472.847
-314.906
-666.062
-960.423
477.626
307.013
149.715
-480.87
-555.823
-402.881
12.9508
-538.361
66.2708
-126.831
1145.35
-3.17599
-575.889
-971.417
303.704
385.721
-85.5812
916.069
-400.982
1013.56
471.879
191.647
-661.929
353.144
-1105.83
-814.181
-1269.83
-1348.35
17.2046
-415.944
-114.09
241.945
662.635
1069
439.645
662.061
517.661
331.303
-316.758
-85.174
-997.762
160.207
-574.366
647.913
-177.827
-378.661
1268.86
316.99
50.4883
-112.87
-608.56
1043.77
-222.841
200.752
343.764
-565.287
-855.139
636.357
622.175
764.103
-325.137
368.649
-589.287
95.2338
267.05
-125.888
-698.642
289.917
-130.145
-354.075
-695.267
603.59
145.369
369.859
-7.04338
159.461
595.574
461.283
-439.233
2.67531
84.5798
778.748
193.565
-655.107
580.674
403.005
-627.36
1219.31
587.642
-409.132
-196.374
153.11
-66.5454
-26.4585
-130.56
17.3976
608.961
-178.13
494.932
220.314
283.748
484.968
80.9736
1312.71
168.763
-21.9646
-971.099
-1146.59
-896.496
-295.665
-173.516
-790.293
731.895
528.732
275.292
320.865
-324.04
471.759
-1087.63
17.7544
-295.438
-225.821
548.759
344.127
79.8776
-231.639
1002.3
645.107
-721.576
-631.669
-419.988
-3.37218
713.71
79.9676
54.5162
68.4144
117.775
-521.31
59.3814
295.543
-490.691
-600.104
-973.977
213.884
140.148
-326.936
457.11
-519.898
-684.994
357.833
-1089.67
-357.053
-576.641
742.882
-630.228
75.5408
-465.144
-718.863
-360.592
724.676
-59.1902
774.466
-403.027
-235.891
993.565
-421.555
-73.4128
-780.647
-460.685
-238.507
20.8881
-66.7271
776.287
-204.716
-825.224
1166.81
-796.659
459.782
-606.777
-79.5508
-268.815
-841.879
-182.585
-521.052
-68.667
-644.828
383.907
1047.27
498.742
419.04
-397.773
389.033
946.241
-133.786
32.8213
-777.466
-56.4547
-161.957
-1062.64
16.2425
-1005.8
-187.384
-48.6114
696.633
-135.127
124.9
364.347
-455.023
-769.115
-782.453
-902.947
-62.8736
959.211
-614.179
-508.309
-552.954
465.768
-1194.42
502.166
194.94
-497.016
240.303
382.962
493.732
853.9
-348.81
-256.224
-256.924
-766.262
-86.8329
200.783
85.0654
1136.48
147.624
-9.24621
-373.006
397.018
-27.2574
-123.461
-458.539
284.229
537.888
865.487
876.706
498.745
-478.295
233.045
-196.23
-428.882
631.395
-344.898
656.181
-154.024
-152.786
885.775
272.127
-874.796
1209.57
191.302
1013.55
476.193
910.413
364.728
407.402
-219.142
-19.517
934.335
851.612
319.911
-202.085
-545.029
-114.14
-144.615
771.193
-844.473
-17.312
-932.633
132.66
66.3502
89.4787
-71.3939
-527.753
606.365
999.375
-531.427
-946.007
542.861
650.843
548.743
147.699
-319.786
-139.413
-946.372
-670.206
74.5546
663.454
46.9442
-115.627
-576.167
494.076
706.644
391.416
778.557
-116.449
-328.311
-307.004
-117.539
-18.847
-475.783
1121.75
1185.69
-205.583
-927.116
497.448
-510.27
1102.24
-520.919
-1020.43
-36.049
1235.44
-815.949
449.578
15.7505
-122.597
-664.843
554.547
-7.5524
-184.008
-928.927
44.8193
236.617
923.288
-110.775
344.837
1009.08
242.205
1019.88
-304.754
180.196
-1036.47
1015.46
-944.444
-283.38
-314.966
274.348
-9.02305
998.17
-932.914
-225.822
-59.476
-295.559
302.973
6.95951
-696.038
-972.015
317.431
323.276
-565.419
-109.344
1235.68
350.247
-269.508
1335.43
146.864
492.175
-655.597
-924.759
172.102
35.2413
-732.904
-432.164
-319.494
223.758
-670.355
276.443
83.2579
234.072
301.56
-83.2461
291.728
-29.7623
240.686
371.852
-517.066
-829.677
276.335
-852.068
-7.56078
-675.879
-287.122
541.099
-456.525
751.223
90.9089
-284.164
853.66
-600.291
1016.57
-227.394
-600.253
10.4592
346.744
77.5097
-463.216
449.68
-129.774
302.92
-52.9874
753.638
557.325
-448.935
535.421
-1115.43
-1130.67
983.968
-662.916
-542.943
372.196
235.97
379.136
595.411
158.417
555.104
620.357
-514.952
360.952
652.979
-508.377
578.263
-539.227
17.9671
-158.506
-732.662
-160.362
235.196
-209.782
-1298.16
435.256
-488.329
509.838
36.1669
-72.073
-589.798
876.253
498.732
-1037.09
284.702
710.337
-641.251
-1249.52
-242.357
-725.004
-457.168
-496.265
-326.244
-457.133
160.868
394.369
5.6385
1309.58
247.329
998.483
685.399
650.725
-78.2519
-518.819
-135.068
407.048
-294.831
-290.012
-707.663
1037.31
554.861
57.86
-14.8169
1295.36
237.936
-126.425
74.8778
360.695
381.885
-355.113
-279.195
174.217
-382.399
-423.337
59.4333
-579.795
-29.7065
233.504
315.983
-489.528
-156.674
99.7312
345.658
-1136.52
-155.34
583.654
-528.379
-684.866
87.6202
-1176.7
-984.353
-605.911
235.169
-324.389
926.918
424.421
475.182
781.572
446.431
542.199
748.962
-190.258
-199.752
-698.152
5.30208
-736.546
-956.978
93.3165
113.313
-48.28
367.367
79.3221
-290.058
234.588
282.525
-139.112
-98.2834
-812.335
1150.3
-81.0223
-491.643
-305.879
894.586
655.49
249.909
-817.123
517.904
-210.479
260.658
775.528
-462.053
-176.752
485.026
-512.277
97.8393
525.798
733.936
804.389
438.166
44.2958
989.573
-525.543
-785.267
303.992
552.278
624.955
1098.65
-77.2225
392.24
668.126
175.405
-250.711
1366.79
1060.3
-477.055
-332.623
-254.935
-115.463
124.96
139.087
608.748
-305.637
157.223
-167.517
-666.937
-354.782
-798.429
-487.116
-318.899
-975.442
-1191.95
673.425
18.1532
347.584
165.205
-288.529
892.312
83.1392
500.089
-141.294
-240.89
423.431
448.04
-832.438
-557.754
-362.81
609.289
31.0939
368.391
48.6523
-469.354
-638.079
-691.172
276.129
-260.637
-341.571
392.995
-1229.14
-628.815
188.975
-127.199
14.3111
864.378
-770.78
69.7656
364.958
367.022
184.676
536.665
-237.119
-184.513
110.689
530.044
104.536
450.366
-33.511
-137.488
-190.119
-203.75
-339.23
33.2095
868.828
-675.162
77.2003
-180.885
13.4426
-578.966
-211.667
970.059
1038.65
-16.1649
-821.513
-899.358
1034.69
-508.543
41.2692
716.749
-102.483
-371.982
100.588
637.817
-912.664
-5.86979
443.938
-262.337
274.457
1093.98
-15.4067
85.3826
-749.494
623.463
-584.937
147.702
-215.67
-155.756
468.465
662.116
-32.7331
-30.79
-839.874
777.95
52.8224
-766.845
-1256.73
-399.567
763.149
-291.1
207.427
321.87
-555.258
-989.564
709.432
21.0282
202.413
-1067.52
17.4222
94.2708
-58.8288
181.152
-65.4206
-1049.95
241.001
30.8094
-343.622
-409.98
562.55
4.8923
304.936
180.663
761.419
-644.614
376.74
-1065.49
-216.278
11.6956
-118.468
330.767
-112.052
10.0605
-611.097
-295.448
479.927
681.224
-140.95
-931.33
-513.698
126.896
-31.8323
-340.626
263.878
38.9739
-663.619
-689.144
-1219.11
1083
171.998
404.99
476.75
-1067.03
714.986
782.758
0.0577005
-87.1211
749.41
648.172
-369.362
-333.375
766.273
-381.828
364.329
-200.175
808.951
188.854
-1305.78
538.338
217.879
-874.955
-629.089
310.905
230.356
276.383
643.924
-835.183
525.001
-595.653
-604.985
40.5033
-660.249
-749.24
16.1173
578.952
320.235
-403.326
665.683
467.747
210.799
-81.6402
163.657
-9.442
-414.597
-315.799
-203.729
-412.78
312.711
-68.2399
779.036
857.756
273.022
-531.907
-177.873
451.08
-532.898
-408.759
-314.413
363.225
238.286
-20.1292
197.414
748.978
439.924
-118.037
115.523
-630.763
247.371
-118.463
586.682
558.554
-6.15389
-946.877
483.435
-175.529
-30.7377
976.555
319.295
-740.322
381.711
221.135
-1036.12
-15.441
795.654
-506.78
726.785
877.189
-295.464
-383.555
-145.411
187.337
973.439
480.603
14.6637
622.141
182.859
508.714
462.396
-749.106
274.271
131.64
-1066.39
-700.519
-536.001
-1185.33
528.154
-446.932
-142.2
125.19
194.457
24.3491
-35.6645
-906.352
344.337
-486.962
157.852
-503.832
-247.244
-50.2456
-356.304
-514.739
543.118
-144.689
-174.689
-201.618
-1002.49
608.059
597.914
345.109
-676.946
248.077
187.983
-1363.57
-623.606
-179.308
20.7973
-207.04
252.08
-159.398
137.362
-1134.64
-88.2156
52.9957
178.467
52.5874
-613.025
231.093
99.2615
426.247
284.032
-665.46
-100.019
-95.8013
116.394
347.859
-696.101
-785.299
-198.968
-264.084
-177.35
-508.634
-1014.67
-330.83
-431.003
384.304
-455.919
-1010.42
-134.747
-39.0536
-57.6905
-474.589
-546.024
118.155
523.118
350.014
-809.314
310.951
-193.785
310.592
-436.024
590.948
1370.44
-379.137
-475.76
912.105
-574.243
-449.25
-242.251
616.546
740.617
-206.382
-290.828
123.444
-33.5966
-202.208
-354.55
511.895
-74.1288
-574.413
340.658
532.229
-499.612
-558.899
73.366
-889.153
309.132
169.032
878.565
-174.986
508.541
85.6725
-131.871
-440.446
965.938
-657.023
359.149
585.318
-39.5467
1293.35
-588.343
-113.746
-1081.42
18.7112
-443.625
-487.777
230.657
-306.365
236.467
162.85
180.81
-585.362
50.4911
370.492
-590.02
839.652
-659.62
350.186
-416.213
455.189
-359.431
-815.058
-1402.46
27.6699
539.853
1082.79
110.126
72.8576
-287.138
986.958
655.326
380.245
-223.056
-462.941
107.387
-465.509
78.5143
-601.485
-213.216
1219.39
231.936
185.329
73.5878
-393.126
491.853
-74.8474
-562.862
-24.3773
-648.117
66.2597
-1105.48
194
-583.496
-369.594
553.368
-158.343
267.229
-22.3769
146.956
-352.201
574.726
234.527
628.299
488.582
-361.738
570.813
-322.231
-995.815
52.3876
558.389
-151.406
-42.2693
-220.02
186.085
-282.014
-741.416
90.6717
379.861
-200.636
-78.0531
387.184
-720.899
423.742
-213.139
1155.2
-566.255
171.204
-260.901
403.833
499.698
1177.97
39.2251
231.261
-447.814
636.064
232.836
236.877
-590.552
420.769
-334.942
-437.17
-120.772
-13.1133
-95.5327
-79.3631
-521.483
-156.141
-547.947
-1425.88
470.005
519.195
-87.9075
-783.805
-525.711
88.5991
382.514
-242.516
1167.82
775.37
-361.155
-977.963
-998.82
293.396
-1209.29
-552.338
745.806
587.711
487.706
644.987
-707.649
-980.611
-104.251
407.713
732.247
480.969
-34.3737
799.743
49.869
553.804
-230.141
-441.239
372.388
-241.399
38.2625
765.25
729.44
-150.603
780.037
-398.32
498.649
-180.898
84.7862
312.515
-506.911
-562.916
1479.75
-614.397
56.1026
-1382.46
-65.0332
-39.0453
-141.716
-3.23079
-900.091
403.767
-1023.42
-751.622
229.916
-3.8463
-446.579
-105.105
977.939
-500.574
-210.181
-245.511
-592.863
-1090.53
-391.933
-434.408
30.7409
-816.34
-1197.6
271.297
-234.763
-548.28
1278.07
-232.143
-530.644
-360.102
488.543
-555.713
578.394
-65.5542
210.458
270.109
646.872
-677.313
400.466
866.477
-492.424
10.4644
378.407
-160.424
587.351
-323.321
621.861
-296.695
600.557
299.854
-381.491
-235.673
-311.768
-36.5353
-1470.68
155.409
689.17
-921.413
496.753
210.938
523.335
-589.875
-354.565
-282.305
866.72
154.289
921.779
-85.8973
-19.1041
-723.768
-101.736
-942.785
-1227.19
-373.397
407.59
-1105.43
4.55182
-471
-240.342
-630.594
1027.91
-211.841
-31.1912
-235.796
1315.63
10.7006
-416.114
1010.72
156.58
-707.92
-731.666
165.671
134.175
-959.288
227.701
456.907
126.919
-140.977
308.537
-658.758
-1183.13
-27.5943
-351.68
-506.036
652.993
354.491
-1284.66
-474.905
539.041
-619.949
-27.1644
-441.713
-738.424
149.949
-154.084
-494.596
-586.911
-654.865
328.306
0.73057
427.748
-731.544
11.0212
449.994
885.854
-134.187
546.342
-933.607
-231.704
186.355
-216.382
103.045
864.45
299.471
624.303
6.85923
290.961
790.155
43.0143
1008.67
-632.198
-468.345
-216.557
-840.912
-299.718
-103.932
987.075
239.983
-459.388
-271.985
298.235
-153.745
-1040.98
155.302
663.235
-409.661
-204.845
1070.58
646.701
-494.762
-1425.13
-831.255
245.641
166.402
279.379
338.541
-294.518
396.745
78.9221
-648.109
-101.976
445.02
351.57
128.698
-430.224
-235.339
1147.59
-662.693
-171.326
532.333
246.752
571.551
-1124.99
-40.9641
-625.535
358.851
-97.7795
-770.563
1052.38
-783.366
39.6785
1121.56
394.545
-309.771
-76.8019
-688.212
-76.135
-141.456
62.3287
-171.817
-550.659
-508.523
421.608
-142.892
-112.887
-242.684
-155.468
-660.827
28.5057
-241.735
-291.29
-256.906
-669.551
305.766
-492.841
-240.662
-744
-342.837
-678.513
51.172
-149.131
814.12
-33.4553
-336.253
-472.231
171.076
-1111.14
-105.863
-179.14
-1137.98
-859.314
419.465
1165.32
369.35
-530.058
224.246
120.035
14.0127
-266.175
-631.549
-120.147
838.238
-440.745
722.132
166.379
-173.632
-72.6678
385.644
578.202
-1001.67
-991.492
527.871
538.792
799.819
-487.225
-848.975
26.0969
-358.718
-1318.06
-560.213
554.281
938.418
-926.475
-240.524
-391.092
-758.884
279.818
-241.945
-230.052
-932.991
-563.449
119.523
509.391
-365.866
-5.65285
327.617
735.407
1141.03
-188.341
-1021.08
-502.088
592.053
-72.0326
-74.0833
-1132.28
828.918
891.071
-90.7791
-495.09
472.42
186.888
438.23
170.964
-543.703
-372.69
-383.069
1087.34
-335.089
24.0117
417.763
-341.545
414.536
142.488
-74.0631
-139.513
11.1788
-265.673
-141.22
155.628
604.316
-552.999
-74.2476
-375.572
-625.481
550.439
-569.357
897.439
-476.675
920.471
1238.78
-155.078
706.443
147.076
-33.9898
812.814
-899.158
253.258
1216.43
-399.73
469.806
528.385
157.621
-885.743
917.723
-157.261
663.385
-616.075
358.47
-149.706
-848.851
-185.349
595.575
233.732
-1073.23
-975.328
-760.097
-85.7341
144.937
801.601
-764.586
27.5721
-875.414
-599.999
-857.63
212.577
197.368
-94.561
-1206.22
1019.74
169.964
866.95
68.8709
1019.57
-793.052
150.544
-65.3688
-262.868
1337.57
234.483
-1075.39
-620.908
156.209
452.637
-368.995
370.189
-356.838
-743.525
-210.437
-428.932
134.117
-25.925
87.0503
115.267
548.043
-499.61
678.672
-68.6142
-139.433
-86.5706
-895.719
-567.591
-728.134
-244.899
-358.175
498.788
-203.669
57.4003
175.492
-484.925
-971.535
-71.9213
649.778
-143.281
-438.873
613.702
141.343
93.5604
-202.742
146.932
120.596
-162.398
-317.271
-1413.3
426.097
-331.967
200.567
1176.08
508.841
961.983
478.412
3.58189
-82.537
311.061
470.117
-475.437
-82.6866
-378.076
-780.029
100.87
787.595
-634.251
-218.204
-264.675
829.874
554.913
-877.981
278.12
-261.53
-236.263
117.717
372.969
1428.31
-280.761
-570.59
-53.4132
352.876
13.9884
-616.385
606.185
-503.481
377.074
-763.277
991.059
-1573.1
-31.1326
-388.309
399.972
-512.217
-845.689
-278.983
703.16
-738.642
641.068
-870.212
1105.69
181.776
-741.331
60.4596
-749.353
994.366
-667.362
220.308
297.289
-233.918
-1152.29
238.799
-809.514
-703.849
-28.5325
138.925
-99.0964
-692.591
365.567
554.421
208.497
1290.43
55.1229
319.151
-315.744
-651.541
26.4402
-317.125
-146.325
-654.394
-332.941
-830.91
-664.296
-178.405
-501.506
208.081
-212.724
-44.3142
53.4803
516.597
131.947
-424.767
385.465
-461.581
-413.825
32.9965
-377.133
-1624.99
863.501
-63.8733
-393.085
-160.867
-1166.58
510.334
-738.621
-62.7728
791.346
41.6036
-1417.49
-216.278
-1126.31
637.035
-45.8457
-513.635
-758.16
-675.471
487.91
713.415
1412.39
-414.735
-205.983
795.119
695.908
-714.72
-695.924
417.451
326.22
-1255.01
394.173
668.774
939.278
859.091
1066.83
107.442
-64.1176
-34.8114
429.604
-1037.78
439.761
-73.6385
-866.822
-283.074
-267.298
82.2607
1445.37
-26.1696
-476.637
-347.321
-351.576
76.7611
-879.761
503.879
941.419
-1287.92
-239.08
-975.079
-150.249
-832.385
93.5029
-492.745
-1105.87
-154.58
-772.655
316.05
-828.531
619.521
177.388
450.892
414.842
-804.688
-641.124
-440.698
333.557
324.385
-42.9947
39.4595
403.297
677.166
-375.334
265.645
-41.9418
-451.233
-46.8884
785.439
511.081
-468.512
1248.49
-733.522
-776.742
-226.94
-917.024
-674.23
-412.092
633.39
-1316.25
-19.1519
1257.31
-12.3273
-511.225
-357.185
160.651
-213.478
-337.073
-221.157
214.326
-22.9185
-222.971
-535.93
-99.3425
633.095
-641.372
183.021
66.2454
-811.838
691.863
19.0754
-125.846
345.821
124.993
897.229
-331.893
-1143.19
222.248
-175.885
17.1545
671.407
629.943
-152.841
-612.892
417.303
-694.567
-712.444
511.812
76.4549
-1237.81
261.429
-47.4261
83.4171
669.182
-1.27414
-468.299
916.976
70.1349
79.4125
-1014.94
-1067.89
867.72
-104.779
287.543
-43.4608
-479.748
429.964
744.838
384.676
-327.961
-725.122
-146.289
243.586
250.276
-895.772
-269.643
-754.671
788.396
434.055
271.743
288.731
-226.728
184.309
368.826
-59.2653
623.134
349.734
-103.711
10.4211
-1145.11
415.124
543.666
-602.105
284.783
172.444
-487.096
-309.356
-1327.96
-497.545
848.24
829.782
-286.073
-356.276
1355.23
-123.379
790.922
-405.891
-834.488
261.901
780.496
214.271
432.38
669.539
-751.633
364.599
224.314
11.1636
139.166
-753.97
-1040.14
-59.4429
345.474
230.939
-90.5163
-865.524
772.626
626.741
-194.23
34.0418
-31.7456
287.647
-424.318
-479.08
-859.809
-634.313
256.288
-1014.5
-399.233
-1068.43
-353.306
180.113
-740.551
-491.195
473.753
-478.53
76.0419
749.86
646.932
-244.454
-672.959
-166.927
286.207
-780.082
417.24
-1065.65
516.547
-258.602
-160.895
-419.501
-933.325
-174.278
-473.678
-96.2633
37.6964
137.291
-380.781
620.995
281.3
-9.015
350.373
-645.22
362.453
242.32
-501.398
-669.486
-33.194
8.15744
513.158
605.902
-753.636
688.576
895.644
-40.4481
-552.141
240.666
926.897
177.549
628.832
373.663
595.687
-438.922
-251.954
-422.488
-264.763
-344.701
110.17
-276.309
-1410.39
793.462
789.902
-895.95
48.2123
795.218
134.738
-394.353
585.119
491.382
-988.699
-920.947
-438.397
50.0349
-104.188
-406.169
-724.8
-282.904
-1088.76
-1064.75
291.297
-593.186
-123.416
146.911
-199.366
252.83
619.301
469.708
-184.587
1257.64
-88.635
-553.962
1393.37
226.695
-1122.62
793.381
-326.26
279.935
-3.35632
453.874
-379.516
-972.146
721
211.497
-296.19
216.278
-806.816
-189.854
-402.343
304.001
-61.5466
315.516
40.3498
-235.986
368.671
723.707
825.265
-148.603
102.097
-657.033
-153.531
-47.8007
467.674
340.469
371.153
1093.25
-179.971
106.32
-1169.04
382.865
220.826
307.654
343.135
117.287
