1168
16.3064
-921.023
-86.8837
-672.086
352.966
279.169
533.255
-617.079
-971.394
88.0056
-125.373
-129.202
-681.303
-8.96567
-91.0337
130.733
177.075
-179.665
-806.625
-163.714
-735.391
488.588
95.3967
438.477
346.827
-877.287
-1078.76
-471.346
-311.198
-665.717
-957.541
478.432
307.35
153.246
-480.536
-551.904
-402.373
15.9083
-538.024
66.6982
-126.413
1149.05
0.496386
-574.367
-967.365
305.738
387.092
-81.4995
920.143
-400.635
1015.35
475.489
193.997
-661.433
355.15
-1105.46
-812.148
-1267.85
-1344.78
18.3593
-413.927
-111.576
244.869
664.978
1073.07
440.035
664.893
520.114
333.269
-314.751
-81.3657
-996.472
161.942
-572.872
651.09
-174.277
-376.338
1269.46
320.969
52.5587
-111.91
-604.545
1044.22
-220.785
202.732
345.94
-564.86
-853.951
640.396
623.391
767.736
-324.692
371.009
-585.552
99.323
270.641
-125.615
-698.31
293.662
-126.088
-353.534
-693.291
605.56
145.678
372.372
-3.66738
159.722
596
464.971
-438.83
6.23398
86.2293
779.154
197.614
-653.08
582.476
405.115
-627.007
1219.72
591.427
-406.88
-196.048
156.284
-64.3913
-24.8439
-130.225
17.7371
610.151
-175.066
495.393
223.973
284.155
485.827
81.4699
1313.03
172.854
-21.562
-967.126
-1143.8
-894.463
-295.251
-171.444
-786.558
733.571
529.322
275.644
321.279
-323.638
472.164
-1087.22
18.0897
-295.123
-222.747
552.524
345.671
82.8067
-229.133
1002.9
647.389
-718.644
-628.024
-419.575
-1.34809
715.999
80.5205
57.5846
72.0084
119.898
-517.639
63.4489
296.748
-489.366
-596.702
-969.878
217.953
142.143
-323.097
459.593
-515.968
-684.316
359.081
-1089.35
-353.051
-574.741
744.965
-629.887
79.1097
-461.063
-715.235
-359.857
727.147
-58.8415
774.884
-400.629
-232.733
994.14
-417.919
-70.8508
-778.106
-459.93
-236.544
24.6197
-63.5501
776.598
-203.583
-822.982
1167.13
-796.329
463.837
-604.72
-75.9487
-265.187
-840.358
-181.723
-519.82
-68.2445
-641.934
387.983
1047.64
502.795
419.326
-394.18
389.426
950.146
-130.441
36.5179
-776.125
-52.3854
-158.108
-1060.25
20.2368
-1002.07
-186.707
-45.2997
698.606
-134.762
128.503
364.69
-453.673
-768.469
-779.002
-902.563
-60.8853
961.004
-613.9
-505.319
-551.54
469.826
-1192.86
504.157
199.039
-496.703
240.73
387.051
495.881
857.907
-345.103
-255.527
-254.948
-763.637
-86.1431
201.084
87.0511
1138.48
151.292
-7.1902
-371.568
401.008
-23.2091
-119.404
-454.827
284.576
538.275
865.886
880.641
499.152
-475.738
236.047
-195.844
-424.783
635.047
-344.56
657.708
-153.596
-151.593
886.13
275.734
-874.504
1211.55
193.162
1015.53
478.708
913.956
368.442
410.978
-217.081
-17.8597
934.745
855.453
320.277
-199.637
-542.234
-110.623
-144.189
774.887
-844.182
-13.7116
-932.352
133.084
66.6697
92.7722
-70.7589
-525.574
610.06
1001.14
-529.488
-944.024
543.222
652.386
549.168
149.292
-316.193
-135.917
-942.995
-668.098
77.0444
663.823
49.3806
-115.21
-572.332
494.407
708.585
392.992
782.167
-114.401
-324.582
-303.311
-115.386
-16.3484
-474.624
1123.56
1187.58
-201.831
-925.084
499.082
-508.277
1105.46
-517.212
-1018.92
-33.8527
1237.44
-812.301
453.638
19.4639
-122.188
-664.444
558.222
-3.51905
-183.611
-926.562
45.1617
236.929
927.255
-108.727
345.247
1012.85
243.237
1020.26
-304.432
183.815
-1034.78
1017.86
-940.384
-283.041
-313.021
276.332
-7.6901
998.501
-928.867
-223.298
-59.0818
-293.479
304.524
8.94346
-695.614
-969.177
319.493
325.673
-565.124
-106.365
1237.13
350.587
-267.628
1337.4
149.372
492.853
-652.703
-921.058
176.184
35.6985
-732.482
-430.817
-317.198
225.789
-668.385
276.87
85.149
237.767
301.911
-79.2667
293.397
-27.4277
244.291
373.91
-515.085
-827.855
280.348
-850.07
-5.44452
-674.39
-284.296
542.392
-452.509
753.757
93.3865
-280.335
855.65
-596.206
1017.25
-225.405
-599.731
11.4616
348.24
79.4587
-462.804
450.029
-125.696
304.943
-50.4117
756.024
557.588
-447.16
536.814
-1114.79
-1130.34
987.963
-661.016
-542.558
372.611
236.364
381.959
597.417
160.803
557.085
624.029
-513.354
362.618
655.428
-504.527
578.865
-537.235
18.6619
-154.603
-731.806
-159.98
235.616
-208.793
-1296.75
435.766
-486.303
510.903
39.7401
-70.8932
-587.121
879.991
502.725
-1033.83
286.045
714.381
-640.827
-1248.47
-241.936
-723.021
-456.793
-492.52
-324.264
-455.558
161.442
394.787
8.30667
1311.51
249.012
998.841
685.815
653.138
-75.5026
-514.726
-134.656
409.234
-292.812
-286.689
-706.552
1041.06
557.139
61.2564
-14.4868
1298.19
241.987
-123.859
76.7601
364.372
384.223
-351.546
-276.267
174.532
-378.43
-419.922
59.7516
-576.162
-26.3268
234.117
319.696
-485.932
-155.614
103.822
347.695
-1132.79
-151.713
583.966
-526.812
-680.77
87.9701
-1176.4
-980.532
-602.259
235.697
-321.439
930.691
426.456
475.952
783.553
446.76
542.561
750.882
-189.441
-197.971
-694.776
8.04262
-732.891
-954.76
97.4163
115.874
-47.3687
369.332
82.0281
-285.964
236.625
286.136
-138.7
-94.3985
-810.584
1152.84
-80.6141
-488.346
-303.312
894.941
657.224
253.543
-815.286
521.49
-206.431
263.896
776.219
-458.325
-173.124
488.458
-510.257
99.5954
529.849
734.275
804.801
440.473
47.4118
990.431
-523.612
-783.277
306.912
554.235
628.032
1100.56
-73.1423
394.316
670.666
175.759
-249.047
1369.57
1061.9
-473.144
-328.919
-252.971
-111.851
125.773
139.466
610.158
-305.219
158.911
-165.355
-666.609
-352.927
-794.77
-484.695
-316.908
-971.879
-1189.33
675.45
19.4166
349.601
165.9
-284.532
894.891
83.5581
500.709
-137.252
-240.554
427.379
451.821
-828.631
-555.258
-360.049
613.184
33.133
369.997
51.5817
-467.351
-636.129
-690.551
279.975
-260.218
-340.469
395.851
-1226.81
-624.748
190.33
-124.299
16.0176
864.763
-767.223
70.1175
366.186
369.641
186.207
537.584
-236.678
-182.195
114.751
532.907
108.599
452.248
-31.6572
-137.102
-186.198
-203.33
-338.899
35.9058
869.235
-671.601
77.7174
-178.298
17.0484
-577.719
-210.993
971.171
1042.29
-12.5054
-817.837
-895.886
1034.96
-506.723
44.8908
719.625
-100.27
-371.597
103.185
638.092
-910.375
-3.24056
445.939
-260.004
277.035
1097.8
-14.334
86.1985
-746.447
625.434
-582.957
149.772
-214.048
-155.372
468.776
664.682
-30.7133
-29.043
-836.147
778.288
54.9219
-766.06
-1256.31
-399.158
766.452
-289.704
209.111
325.969
-551.267
-985.697
711.469
23.3109
206.491
-1067.1
20.9896
96.2659
-54.7701
183.666
-64.9983
-1046.42
241.265
33.0522
-341.65
-409.563
562.881
5.6983
306.934
181.033
761.826
-643.328
380.392
-1063.92
-213.503
12.051
-118.06
333.338
-111.688
10.6658
-607.5
-295.04
480.341
683.261
-138.532
-929.356
-513.345
127.395
-29.8403
-338.592
264.658
41.2051
-659.563
-685.594
-1218.72
1083.38
173.732
405.402
478.767
-1065.03
715.318
783.276
3.6235
-83.0779
751.447
650.154
-365.394
-330.282
766.825
-379.064
368.058
-198.18
809.374
191.003
-1304.06
539.241
221.121
-871.376
-626.021
312.802
232.673
278.407
644.621
-834.255
527.743
-592.058
-604.418
42.0223
-656.224
-747.672
18.6214
579.265
323.797
-399.244
666.016
468.169
212.104
-79.1966
165.642
-9.02
-414.21
-315.495
-201.429
-408.993
314.664
-66.2094
782.751
861.828
273.446
-527.957
-174.279
454.865
-530.358
-406.042
-310.861
363.684
240.268
-19.7529
197.779
752.562
443.512
-114.464
116.194
-630.423
250.306
-115.136
587.011
559.196
-5.82793
-946.386
484.821
-174.42
-30.4056
980.383
320.524
-736.493
384.656
221.554
-1032.49
-15.0345
799.217
-506.368
728.751
879.187
-291.75
-381.551
-143.459
187.652
975.403
480.953
15.0803
623.334
183.268
512.394
464.993
-745.547
275.138
133.973
-1062.65
-696.908
-535.6
-1183.23
532.184
-446.602
-138.421
128.686
194.847
26.0982
-32.6767
-906.007
345.904
-486.581
158.259
-500.177
-246.885
-46.5247
-354.73
-510.639
545.125
-144.321
-173.094
-197.918
-998.856
609.657
600.427
347.349
-676.593
248.656
188.405
-1359.96
-619.93
-178.221
21.6641
-204.308
252.529
-155.815
137.772
-1131.41
-84.4904
53.5846
179.06
56.3809
-608.967
231.498
99.6227
428.242
285.474
-662.526
-95.9627
-92.9192
117.819
349.888
-694.09
-781.495
-196.779
-262.803
-174.415
-504.906
-1013.61
-330.163
-429.378
386.318
-454.261
-1008.46
-134.328
-35.0609
-54.9531
-470.526
-542.947
120.192
524.585
352.02
-806.659
313.208
-193.43
312.461
-433.05
593.168
1371.55
-375.501
-473.92
914.39
-573.829
-445.192
-240.281
618.008
741.658
-203.58
-289.229
125.26
-30.0609
-201.778
-354.13
513.187
-73.8098
-572.845
344.692
532.606
-499.282
-558.491
77.0473
-888.741
311.777
173.095
880.579
-174.605
510.535
89.3622
-130.447
-436.391
969.669
-653.78
359.549
587.416
-38.9284
1293.77
-586.209
-113.401
-1079.46
20.771
-440.204
-487.402
234.27
-304.395
240.447
163.245
182.159
-581.347
54.1546
373.776
-589.393
840.068
-658.509
352.329
-412.475
456.955
-357.023
-810.986
-1401.75
31.4124
541.676
1086.4
114.094
73.2842
-284.42
987.282
656.496
383.707
-222.74
-460.901
109.394
-465.099
82.6023
-597.819
-209.479
1222.95
236.006
185.719
77.2299
-391.097
493.497
-71.0655
-561.385
-20.6909
-646.499
66.6064
-1101.65
194.42
-581.282
-365.946
557.432
-158.009
269.885
-21.7575
148.949
-351.722
576.486
236.542
628.936
490.547
-360.593
571.126
-319.655
-992.048
52.7992
560.623
-149.837
-38.1968
-217.553
189.447
-278.042
-739.69
92.7209
383.445
-196.918
-75.5245
389.058
-720.477
426.233
-211.055
1157.2
-562.328
173.063
-260.539
404.249
503.784
1181.72
42.0753
233.072
-444.896
636.681
234.871
240.622
-586.924
421.12
-332.526
-433.865
-118.795
-9.81654
-93.5529
-77.2452
-520.21
-153.123
-546.581
-1425.62
472.878
523.249
-84.0273
-783.509
-524.929
90.4231
384.38
-238.654
1171.88
775.782
-359.163
-974.406
-998.055
293.937
-1205.54
-548.342
746.157
591.339
490.402
646.385
-705.378
-976.861
-102.13
408.14
732.691
483.41
-33.959
800.803
51.8395
557.366
-226.419
-440.871
373.919
-241.011
39.991
769.33
732.06
-148.611
781.638
-394.578
501.346
-180.546
85.0603
314.873
-505.142
-559.031
1480.02
-614.03
57.9779
-1380.49
-64.6266
-35.6906
-140.824
-2.81384
-899.666
404.138
-1019.55
-750.115
232.405
-0.257425
-444.592
-103.042
978.572
-500.17
-209.831
-241.652
-590.648
-1088.49
-387.889
-430.407
34.3467
-814.371
-1193.92
275.033
-231.961
-544.203
1280.15
-231.88
-530.311
-358.034
491
-554.123
579.911
-65.1
212.906
271.524
647.225
-674.058
402
868.81
-488.709
10.8404
380.642
-160.086
591.436
-319.626
622.836
-293.129
602.025
302.534
-377.886
-232.887
-311.027
-34.5297
-1470.25
156.978
691.138
-919.714
498.73
211.3
525.741
-589.561
-352.308
-281.96
870.647
156.253
923.995
-82.1812
-16.072
-720.335
-98.0391
-942.38
-1226.82
-373.049
409.548
-1101.69
6.77336
-466.921
-237.945
-626.897
1028.26
-209.837
-30.8416
-235.466
1318.84
11.1267
-415.466
1012.61
158.594
-703.821
-728.623
165.999
134.961
-957.505
228.427
457.475
130.969
-140.566
312.613
-656.768
-1182.72
-25.5185
-349.682
-504.022
654.964
354.894
-1283.68
-471.229
539.367
-619.603
-23.114
-440.383
-734.806
153.788
-151.712
-494.004
-583.416
-652.335
331.719
2.71724
428.836
-729.54
12.8448
453.903
886.187
-132.556
546.761
-932.095
-229.861
186.72
-214.35
104.922
867.073
301.547
624.696
8.88412
291.483
790.863
43.9707
1010.67
-630.049
-465.881
-215.67
-838.873
-299.308
-101.9
987.573
241.982
-457.408
-269.235
301.844
-151.973
-1037.8
157.048
663.555
-407.683
-202.794
1071.29
650.026
-492.291
-1421.08
-829.241
248.28
168.31
283.182
341.24
-290.755
399.469
82.9884
-645.453
-101.553
449.081
352.177
130.189
-426.611
-233.363
1148
-659.79
-167.831
536.073
247.066
572.176
-1123.55
-38.4854
-625.108
359.282
-97.4449
-770.149
1052.79
-781.932
41.6467
1123.57
395.529
-308.754
-73.9281
-686.689
-75.7717
-138.687
64.4162
-168.157
-546.603
-506.513
422.363
-141.107
-109.54
-240.969
-151.622
-659.247
32.3317
-241.183
-287.613
-253.262
-667.479
308.606
-490.306
-239.278
-743.132
-339.179
-675.312
52.9373
-147.153
815.062
-30.0933
-332.755
-471.844
171.39
-1109.46
-103.894
-178.831
-1135.98
-855.246
419.847
1166.67
372.879
-528.585
227.215
120.351
16.2609
-264.128
-627.89
-118.987
840.458
-436.659
725.172
167.491
-169.589
-72.2678
385.977
582.247
-998.155
-991.186
531.719
540.824
800.15
-485.955
-846.062
29.8009
-358.309
-1316.03
-559.429
555.825
938.774
-926.147
-238.504
-387.307
-758.616
281.35
-239.942
-229.072
-931.015
-560.887
121.501
509.806
-363.882
-2.00523
327.98
735.681
1144.96
-185.447
-1020.75
-500.076
592.692
-68.2795
-73.7926
-1128.62
832.587
893.127
-90.166
-492.673
474.915
187.491
438.865
173.509
-541.485
-371.831
-379.177
1088.65
-331.199
25.7097
421.784
-338.733
415.054
144.571
-71.7247
-139.096
11.8978
-263.649
-138.652
157.314
607.983
-552.679
-71.7932
-372.016
-624.999
550.802
-567.369
899.455
-474.405
922.466
1242.68
-154.542
710.321
150.664
-33.5937
814.742
-897.595
254.265
1219.04
-398.536
470.588
528.801
159.585
-883.756
918.058
-155.456
663.747
-614.094
362.102
-146.001
-848.435
-183.397
599.625
235.107
-1071.26
-974.983
-759.574
-85.4365
145.367
803.945
-763.763
27.9455
-871.362
-599.581
-855.646
216.636
198.518
-90.9553
-1204.08
1020.1
173.918
870.62
71.4089
1019.91
-792.504
152.34
-61.7995
-262.475
1337.84
234.968
-1073.62
-617.218
159.859
455.7
-365.417
372.738
-356.219
-743.194
-206.78
-428.53
137.713
-22.3401
90.8737
117.238
548.397
-497.564
681.915
-66.6103
-137.482
-86.1501
-895.37
-565.374
-727.708
-242.916
-354.519
502.639
-203.298
60.5979
177.927
-483.147
-967.851
-69.9248
653.424
-141.296
-438.556
614.052
145.388
97.1094
-199.654
148.462
122.09
-160.371
-314.721
-1410.6
427.223
-331.541
204.619
1176.72
510.433
962.524
481.631
3.87527
-82.1948
315.117
473.633
-475.095
-81.9912
-376.91
-776.468
101.893
788.236
-632.953
-217.877
-262.071
831.251
557.477
-877.379
281.769
-261.119
-234.206
121.737
376.128
1428.66
-277.01
-566.993
-49.5114
355.53
14.3957
-613.496
610.255
-502.349
381.037
-762.327
995.019
-1571.07
-29.1672
-387.56
402.249
-509.648
-843.505
-275.405
706.727
-735.572
641.392
-869.79
1106.05
184.197
-740.754
62.4383
-747.276
996.033
-666.657
220.665
298.879
-233.497
-1151.99
242.549
-807.799
-701.286
-27.1945
140.25
-95.007
-690.154
368.129
556.234
209.319
1290.77
59.1761
323.249
-313.713
-649.065
30.0485
-314.576
-144.326
-650.296
-331.251
-830.495
-660.423
-175.566
-500.193
208.433
-211.525
-40.8892
54.0057
516.915
132.365
-424.024
387.598
-457.955
-413.413
33.4515
-376.813
-1621.32
867.535
-60.2591
-389.038
-157.891
-1164.26
512.683
-738.254
-62.1675
794.382
43.2023
-1413.42
-212.454
-1123.98
637.436
-43.8838
-513.168
-754.074
-672.228
489.883
715.319
1412.72
-413.168
-203.906
797.245
698.498
-712.641
-693.681
421.198
326.533
-1254.62
397.893
669.2
943.163
862.756
1070.5
109.273
-63.395
-30.9079
433.678
-1035.67
443.484
-71.2045
-866.471
-280.6
-264.453
82.6014
1446.69
-24.5625
-474.206
-346.905
-348.488
80.8124
-875.711
506.502
941.709
-1285.92
-235.414
-970.99
-146.156
-831.377
95.5966
-490.855
-1103.99
-154.225
-772.233
317.817
-824.703
619.843
181.444
454.624
418.445
-802.276
-640.505
-437.904
336.23
326.254
-42.3081
39.811
403.648
677.523
-372.977
265.996
-37.8579
-448.208
-45.2042
785.756
511.466
-468.163
1249.04
-729.466
-772.686
-223.002
-915.516
-673.858
-409.658
634.643
-1312.62
-17.4656
1257.67
-10.0083
-508.676
-356.091
162.392
-213.054
-335.085
-219.138
214.615
-19.9781
-220.498
-535.125
-96.9555
634.449
-640.675
186.994
67.8707
-810.032
694.57
19.4133
-121.965
346.144
127.445
900.945
-330.514
-1139.56
222.912
-175.554
17.5672
675.169
630.393
-149.484
-610.565
419.773
-691.938
-710.414
515.498
80.5325
-1237.39
261.727
-45.1605
83.8356
669.52
-0.969374
-467.952
920.885
73.9495
83.3453
-1013.69
-1064.76
868.049
-101.617
289.669
-40.7142
-477.967
434.004
745.215
385.887
-324.311
-721.464
-144.305
243.938
250.681
-891.861
-267.283
-752.431
788.688
434.781
273.564
289.217
-224.028
185.873
370.818
-58.8727
627.194
350.151
-101.697
11.6154
-1141.45
417.135
547.174
-598.021
285.293
174.473
-483.487
-308.974
-1326.35
-494.191
849.379
831.377
-284.091
-353.39
1359.2
-122.956
793.193
-401.96
-832.484
262.264
781.04
218.017
433.983
669.829
-750.418
368.113
225.882
13.796
141.136
-751.107
-1037.57
-55.3424
349.084
234.409
-90.135
-862.647
773.771
630.596
-191.429
36.1215
-29.7826
291.375
-423.993
-477.927
-856.223
-632.789
258.74
-1010.8
-396.782
-1066.41
-349.258
182.347
-739.374
-490.856
474.069
-474.811
78.784
750.258
648.274
-240.499
-669.301
-164.959
287.76
-777.862
420.853
-1064.72
519.026
-258.271
-160.522
-417.367
-932.983
-170.221
-471.197
-95.9174
38.0191
141.304
-377.211
624.587
285.355
-6.69958
352.34
-643.787
362.798
245.996
-501.123
-665.426
-31.2191
8.56906
515.329
608.849
-750.009
692.569
899.43
-39.9251
-550.263
241.089
928.991
179.641
629.366
377.173
599.368
-438.56
-251.164
-420.332
-260.933
-340.98
112.069
-274.284
-1408.86
797.511
792.145
-891.992
49.1249
796.636
135.567
-393.979
585.523
493.369
-988.294
-919.686
-437.797
53.5298
-100.115
-402.161
-724.387
-280.881
-1085.17
-1063.12
292.944
-591.224
-122.749
147.463
-195.766
256.871
619.727
470.069
-184.256
1259.25
-85.6528
-551.997
1393.73
227.504
-1121.13
797.378
-322.2
281.789
0.543351
455.156
-378.403
-968.161
722.646
213.583
-292.245
216.616
-805.935
-189.076
-398.709
308.032
-61.1985
319.352
42.0511
-234.005
369.248
727.728
826.314
-145.005
105.947
-655.035
-150.79
-46.6137
468.089
343.425
374.724
1093.66
-176.417
109.401
-1167.06
384.716
221.233
307.991
345.384
119.156
