1169.02
-857.587
422.669
524.136
-251.77
-565.007
1187.13
17.7973
29.7175
969.801
482.124
280.027
987.429
2.16594
-921.18
-86.3555
485.777
749.641
-384.394
173.996
-672.202
352.435
-369.663
780.975
278.589
-237.693
-968.465
769.621
477.163
154.511
-182.616
82.951
262.04
-327.412
-415.557
8.37725
-490.964
-1067.3
-970.029
439.411
532.56
212.55
529.672
1177.52
794.521
-215.51
262.345
-617.1
-971.526
88.1725
934.238
-365.972
-125.49
240.251
-129.262
-187.403
-396.828
872.705
365.947
-264.969
221.288
-681.422
350.264
512.283
-38.11
-9.5159
458.913
-13.2215
731.857
922.459
-89.6011
487.645
-735.519
131.822
-86.1152
178.179
-67.2157
-179.262
798.448
-806.938
148.311
1601.77
-425.749
555.701
357.364
-162.338
-735.585
490.094
116.162
789
508.224
-31.8925
-74.7559
64.2088
-469.154
96.4411
-7.48252
301.692
-936.001
439.774
786.62
-234.89
368.973
348.224
1136.94
-251.347
703.686
-215.888
-97.49
-877.085
487.804
-307.519
108.639
373.371
-163.918
193.357
572.264
-101.507
402.356
-79.5872
-478.867
529.638
-1078.04
-796.549
620.3
-330.028
491.621
-571.9
5.71938
-471.453
-731.319
155.237
-594.882
-13.3185
793.746
-79.4977
1042.11
-301.812
62.3994
350.785
-236.805
619.292
-90.8672
-404.145
974.714
619.491
505.324
189.795
-189.335
-310.087
79.2821
-205.629
514.795
-666.421
-285.79
-411.441
630.182
-287.851
356.455
847.034
394.646
-293.78
-957.024
422.337
477.867
306.494
-54.4387
-524.99
1110.61
291.756
1173.62
-109.41
-353.4
247.781
17.8043
-174.042
462.191
40.3845
-697.67
71.9574
154.193
-1112.83
-882.747
-83.8947
1004.35
-481.262
-359.651
-18.2987
-153.546
196.498
-623.83
-1030.19
-302.709
175.383
-701.812
616.325
87.8905
784.663
877.743
-550.486
-135.179
476.746
-403.188
16.4528
-243.979
-506.498
-1325.84
-218.201
-538.745
413.997
-585.09
857.452
808.213
885.26
-276.678
168.169
228.434
250.178
66.1647
712.926
-555.967
177.05
559.868
-126.94
605.59
-250.653
1150.17
437.311
-831.745
-834.313
903.622
-963.185
-627.976
315.874
-670.352
182.255
-84.8138
-566.842
606.813
-537.423
1.65192
885.865
50.5104
-140.693
410.921
-574.479
-343.036
493.434
-490.714
185.526
239.24
-965.82
305.688
-124.505
1443.16
-664.557
91.1375
386.927
-79.9376
921.657
209.307
-401.516
-291.799
-867.119
461.464
65.0035
-485.922
945.525
71.315
-87.1735
-404.979
1015.22
-413.03
-577.883
-431.648
653.997
476.518
194.266
-33.1804
890.773
404.174
346.407
190.351
868.681
-146.707
-409.564
6.64228
1285.95
-201.225
-662.26
271.354
232.189
334.083
355.041
1118.9
-1105.99
666.691
-812.196
-540.103
910.077
-628.156
100.773
-516.72
349.041
1344.97
1260.33
297.533
280.06
-667.013
-1120.2
-18.7186
-1268
-1343.82
351.889
18.0886
577.968
-414.06
168.526
28.8786
-32.4491
138.733
158.877
-415.73
815.735
-734.526
-199.826
-603.96
52.0386
159.802
143.396
-221.873
184.192
-111.191
245.4
784.965
601.074
71.8131
-263.816
386.905
-641.128
-77.5798
470.21
387.435
377.94
904.791
197.98
424.223
409.284
399.717
321.565
-204.064
665.242
-109.457
-359.502
-99.5136
318.773
-705.298
-862.278
-514.279
1589.44
810.743
1074.59
-984.335
439.507
665.397
825.678
-1343.81
-396.66
520.468
333.077
-708.728
570.603
-25.8917
-314.808
-661
549.417
228.022
1253.07
-80.055
1041.46
941.392
-996.681
161.796
887.029
-161.356
-1396.57
-572.982
143.751
-451.188
651.789
-173.272
544.734
-679.251
-376.107
1268.73
-169.406
51.9457
322.433
52.4878
-112.345
436.071
924.066
854.208
696.621
-247.943
-605.701
575.344
-891.064
-603.039
1215.22
-184.527
-377.081
145.092
-44.8291
-217.728
635.401
1043.36
-220.874
-124.047
336.405
648.028
202.571
324.169
310.412
683.565
463.468
-117.376
40.9332
420.87
-285.93
759.413
153.086
464.795
-896.555
-198.468
59.4637
-165.513
1102.29
1073.47
345.999
355.281
-100.236
250.683
-653.154
-565.393
277.585
-105.613
474.076
17.1821
-51.0485
-533.822
-854.209
-400.512
1071.89
365.838
958.323
216.009
900.281
-795.093
1016.62
641.834
61.4057
97.698
806.432
623.152
-890.866
768.833
-325.556
640.971
-193.422
371.293
433.682
655.429
530.452
-584.312
100.87
352.875
181.454
-207.903
271.677
195.117
248.032
619.037
240.664
-116.629
-1082.91
92.2514
1199.4
-70.9752
425.147
449.132
478.51
358.577
-126.194
-698.863
567.215
246.706
-831.326
-8.51723
294.906
-124.616
396.542
-450.086
-885.507
-354.325
317.171
-263.667
-306.829
-920.006
-476.738
665.135
1138.06
96.2917
-693.457
-343.376
605.378
145.116
92.5453
189.838
372.757
-511.125
-947.66
-615.1
-951.139
-346.629
765.266
324.906
-722.31
655.906
-2.83862
-263.175
548.019
159.138
514.152
91.7945
1210.75
271.207
278.468
-215.123
-224.266
45.3258
-676.796
602.376
-321.731
-323.093
595.467
81.7355
-651.354
466.141
-167.445
-497.439
639.462
-477.689
620.818
-99.3889
-481.608
860.784
-569.301
-295.986
-496.891
-531.249
400.422
384.112
235.194
447.801
120.095
-300.201
166.708
923.128
-141.375
-560.694
-363.066
-171.418
71.5039
-593.427
-57.5038
-91.641
1562.2
324.581
-279.504
-439.411
224.335
-33.9207
-1079.85
-646.721
-836.044
263.64
-485.581
-155.688
-436.349
68.1375
7.24682
86.0868
-459.461
-358.146
778.568
199.07
223.057
-1283.96
560.942
576.796
288.778
-95.0199
-67.8362
-302.865
203.622
-216.765
1265.73
844.678
441.303
-653.139
-384.263
51.3673
90.5513
191.798
-8.27985
28.419
823.295
-320.797
186.575
1060.7
-803.883
268.431
583.288
582.353
-2.06927
405.094
-378.778
533.486
1026.32
168.395
776.131
-350.271
836.673
-324.336
-627.903
277.815
1219.2
-704.421
592.709
232.858
572.598
1421.93
548.45
726.383
395.253
193.971
-624.226
175.571
509.741
123.084
1258.15
219.826
516.075
294.627
-454.396
-738.065
456.027
-244.392
-173.683
-2.45868
700.201
-665.412
-850.016
108.765
414.32
1383.12
714.983
-192.062
1454.71
628.33
511.276
1353.07
-133.354
-332.915
530.264
-406.735
465.2
-196.604
322.485
1065.19
417.605
418.93
336.122
1130.78
156.976
-597.431
-64.3623
230.524
265.392
-24.9782
-495.444
-201.388
-131.072
431.742
-1052.44
-601.067
17.1876
-66.8322
376.404
325.13
-491.732
934.9
609.9
45.29
-174.45
199.745
581.2
494.546
1355.87
832.18
-240.463
-358.801
225.067
-678.048
795.026
301.811
283.266
-125.588
916.957
83.122
127.05
-48.0757
-330.3
-893.598
132.029
75.2427
1041.81
-145.083
301.071
482.963
293.404
132.097
559.11
31.777
-154.306
485.309
-687.054
907.343
516.177
430.572
-1017.84
305.705
-73.3234
-640.608
80.6476
1397.51
247.976
-370.11
1312.47
847.586
831.234
200.626
174.422
1137.68
-22.1486
-119.419
106.342
426.337
-318.402
-965.768
-347.047
-226.665
-19.2782
502.57
170.251
-1143.31
-204.844
1095.89
-221.574
595.199
971.949
429.828
-762.827
-894.51
-869.706
-212.386
-324.828
468.202
-555.486
-295.776
-171.515
-338.184
254.505
-752.581
182.137
-785.316
733.421
528.572
557.836
-401.866
-385.623
395.922
-230.733
-291.344
-228.409
274.748
557.958
320.754
-324.223
-159.292
-29.2281
471.58
-28.5377
-1087.74
1012.64
-396.649
-161.158
17.2393
-720.61
140.52
647.798
-478.421
-318.467
985.585
-448.535
-295.921
417.399
-791.49
-364.293
1101.51
-222.125
-289.15
-694.369
553.702
422.734
-558.065
345.552
83.3398
556.809
-228.752
510.841
-962.097
-442.155
-272.924
-1038.25
-1106.67
503.655
107.7
-999.291
1002.16
329.349
-333.372
313.654
-445.896
-481.247
414.239
-74.8913
-405.127
254.23
-469.534
-575.96
892.953
483.21
1072.86
198.648
647.58
-718.111
261.096
-159.7
364.382
597.79
-304.128
963.986
-1558.37
-243.76
-626.943
150.444
-106.767
565.025
-420.099
-241.189
-1.41817
-798.616
-803.649
-57.9928
270.135
716.199
1513.62
1242.34
-131.033
519.647
1361.39
-659.464
79.7408
-288.783
58.2048
985.431
535.878
295.848
-66.505
549.482
-166.334
73.0475
-366.916
-695.421
1763.73
317.864
-106.381
460.99
119.89
-737.451
-410.786
247.039
693.533
125.234
344.856
720.634
-516.537
17.6961
64.9461
224.943
296.503
113.796
53.1506
-52.4759
284.067
88.9086
-514.915
-489.556
504.006
1100.46
-418.667
-86.4667
-595.861
-368.235
-331.498
318.303
-693.919
637.7
1135.72
-968.309
400.249
740.656
-410.243
219.453
-106.182
141.985
-321.754
343.023
650.447
553.322
-162.374
487.844
459.963
-514.645
-352.916
260.43
-509.5
-400.543
124.248
-289.915
265.37
-99.9222
-204.048
1322.96
16.5808
1099
372.158
305.222
-685.005
75.542
1126.47
310.394
718.524
-97.6426
21.1761
233.734
1150.12
-1225.57
-44.2302
733.208
1317.54
352.932
589.854
1186.05
358.856
-1090.17
641.029
111.643
1054.69
-106.21
511.313
-351.657
-574.833
744.914
913.662
1015.14
194.107
936.12
-630.599
80.1279
288.617
-66.527
379.101
-459.535
-790.724
228.255
-269.122
-714.168
-360.493
745.884
727.512
-59.7269
-622.498
-758.947
-426.269
439.204
-190.336
-589.829
-701.959
330.7
83.0251
-135.559
774.356
953.855
-286.851
-677.564
578.899
-276.657
1337.4
489.928
391.258
-387.584
569.654
-432.451
676.123
337.688
133.93
-400.306
169.177
177.567
-81.2154
44.7142
-752.438
728.452
-152.149
341.485
936.894
-561.536
-613.643
-281.376
-705.491
-803.261
-232.054
236.988
536.614
935.453
459.624
340.707
-259.585
564.919
-268.365
-128.001
-200.646
993.381
-416.805
878.48
-274.227
-859.409
-643.492
700.629
-121.261
-542.356
-189.921
788.132
-70.4398
-301.631
-777.707
-762.232
935.274
1102.57
1149.61
-827.413
-1136.82
375.738
-182.502
-460.549
-236.736
25.8492
-62.8571
-204.75
86.2067
247.322
186.873
9.13549
151.888
148.162
60.8014
-435.58
922.968
230.336
-471.622
-532.606
-175.838
1060.57
-3.0954
1228.13
775.811
-251.311
822.347
-282.13
-508.047
13.5393
-3.11927
-317.095
607.774
-306.931
103.181
29.9858
-282.056
-877.238
-724.651
-203.868
-324.753
560.943
426.599
-238.111
284.972
-822.853
-403.721
1120.91
1166.58
-506.196
139.384
88.5568
-321.684
-20.9944
-626.423
-254.669
-797.063
525.814
465.307
-604.809
-632.175
-74.9031
-264.121
440.555
173.947
-278.084
228.828
587.651
-840.469
-182.245
-306.879
-458.617
-215.858
-169.394
54.8043
648.369
-632.83
618.277
-520.055
-521.234
-239.283
-68.7748
76.9911
-641.413
817.072
-69.859
389.501
1047.1
111.536
-450.391
-550.082
-1192.44
504.261
364.164
418.753
958.035
-635.44
288.263
-393.18
-624.414
215.116
388.816
317.066
281.05
596.395
951.465
-129.635
37.6422
421.952
174.649
-776.309
-519.668
-50.8841
107.809
655.76
100.086
-1205.65
-156.76
477.583
799.357
-1059.94
21.7173
-1000.91
386.703
-187.392
977.822
-294.887
-44.515
698.426
-857.263
37.5611
1065.91
1258.71
264.887
360.52
-1281.98
-23.4402
506.235
291.185
-135.684
484.577
1085.21
-1036.95
806.423
-82.6105
129.52
363.818
1107.39
-574.017
247.231
-453.851
213.413
18.0265
42.057
-342.669
-972.946
-769.183
-778.129
103.623
-827.786
457.819
453.077
-151.189
-731.168
-455.519
-122.172
292.524
-37.785
-903.092
-61.028
299.421
-148.806
-423.863
460.52
-385.7
457.209
960.878
-605.007
291.226
279.258
412.55
619.434
-197.431
-614.477
-856.738
548.843
142.487
-139.839
-504.757
-437.987
-519.929
989.66
-526.188
-722.566
-345.84
749.185
-551.688
471.303
835.327
-1192.98
165.386
227.113
-1200.52
-258.274
503.995
-142.087
-155.093
200.606
663.427
500.065
-497.475
1715.81
-552.376
221.378
510.035
240.193
-75.3272
388.6
208.555
-80.7182
-322.323
495.909
-372.454
642.116
127.796
-500.631
1334.07
247.953
241.845
313.859
-24.82
859.391
394.202
373.307
644.346
-243.691
1306.4
552.993
1030.07
-171.949
-343.97
385.99
-303.205
297.513
-542.325
-1016.38
-90.8985
436.261
778.929
-108.901
-351.843
556.532
-687.568
605.207
-256.195
169.953
-255.015
-87.9012
675.125
249.841
-763.2
-141.21
436.05
-4.24057
-86.8157
200.517
1084.89
-114.968
86.9025
858.2
211.223
-56.4088
-843.945
70.2172
-9.1316
965.781
-446.498
467.543
464.783
58.8245
-508.235
403.955
292.576
-294.757
1138.33
511.221
-236.673
-281.299
213.656
-22.6326
-628.349
152.393
515.827
-338.076
844.443
782.596
-7.27803
-1425.01
-371.704
456.345
-115.527
492.559
402.4
-645.769
-614.605
-69.4488
-57.7193
-172.804
577.546
340.838
-828.635
-21.7561
-744.601
280.069
-324.206
36.6981
1133.63
-304.724
-405.443
-117.865
-583.225
814.139
-33.3636
-809.854
69.0402
-453.713
283.693
283.344
537.371
864.994
-293.311
-209.323
881.986
322.821
437.603
498.632
384.028
494.609
-194.803
-475.33
392.647
-327.4
163.048
-192.882
83.0075
-190.728
-204.676
771.758
-669.43
236.623
275.406
266.952
1232.82
1361.59
-151.383
-369.784
-344.758
34.1996
91.4412
-490.656
-196.373
-556.14
83.7495
-423.215
-398.474
636.135
503.538
978.599
503.082
-345.28
95.2614
733.998
-707.663
955.741
468.125
-502.009
750.296
107.478
584.602
657.592
701.673
-154.13
358.786
144.683
-151.845
-417.186
-1211.06
-827.82
273.58
885.587
389.363
-564.589
215.844
-281.865
264.22
276.784
176.51
-739.803
-875.075
1211.4
-127.476
-520.627
214.407
-214.793
193.058
577.176
1015.36
-385.425
458.072
375.669
479.095
1424
360.378
244.755
-994.105
248.563
-311.735
323.219
477.473
914.925
-223.144
369.645
-693.781
803.121
-1006.38
1125.34
-235.385
422.291
412.003
-132.173
-217.164
1687.93
579.087
-890.788
355.211
-296.859
816.004
-1000.56
540.635
32.7311
-230.533
1526.16
1095.89
563.08
-162.967
-778.46
-387.45
444.84
61.3883
-683.291
344.246
251.82
-18.0037
-307.106
741.912
-222.785
329.058
185.763
-791.788
934.222
-965.497
598.223
-245.254
856.708
-842.251
1117.17
319.613
964.479
780.54
-723.571
739.076
849.351
-199.287
608.961
-1031.39
-43.7756
394.916
-541.744
-109.693
449.158
-144.721
776.011
273.176
-844.752
-12.6462
-929.107
112.268
-69.3059
-440.54
675.867
-932.927
132.553
65.9082
-759.894
93.5457
1302.64
-379.594
-99.1582
51.6864
-785.205
278.033
-25.5809
-308.012
-840.852
-71.4773
554.041
1162.19
760.333
-13.98
-525.518
-404.732
-887.523
1163.61
611.237
-418.951
-523.339
-342.004
1001.01
151.649
420.933
-502.258
155.656
-529.568
-960.702
125.816
131.493
-1156.38
200.393
-70.6106
-667.271
443.967
-894.029
836.873
-35.087
539.946
-693.002
-944.173
-502.353
-708.927
-871.597
33.1544
542.542
1258.61
-887.749
726.923
1305.13
-94.1449
463.266
761.266
-250.986
-547.329
-269.869
510.717
12.4073
870.49
-340.691
545.705
682.349
99.2807
652.266
-465.709
752.241
87.4904
548.636
149.162
-403.791
-832.412
403.973
-315.155
582.568
511.474
-374.839
-356.913
369.855
-867.57
-209.217
-135.007
323.055
-942.174
-668.129
561.545
-48.5182
77.4172
388.818
-329.88
663.287
243.503
207.958
49.7251
394.04
-115.737
1427.12
279.369
704.713
978.55
-570.991
-199.198
-222.195
493.566
708.508
-538.864
-1131.1
497.074
-133.13
-42.9246
392.866
627.339
323.391
783.221
-114.498
-5.60333
-82.5145
-84.4685
1165.24
-323.352
-302.191
315.425
310.731
-310.444
-41.2656
-504.922
562.487
386.987
1052.05
-429.29
-179.356
326.111
1368.72
-6.75395
-543.609
-115.358
-350.919
-15.971
-474.895
19.3226
-55.5913
528.909
1123.44
-1015.5
-13.2181
614.984
579.686
1187.49
-200.676
1054.39
583.273
-925.202
319.979
581.066
498.942
-508.408
-314.409
1106.2
-516.104
-1019.03
-180.676
70.1186
252.171
174.732
99.6361
-255.055
218.065
-33.7719
1237.29
-1259.12
-811.217
455.12
408.009
534.308
806.713
952.138
-334.73
20.6023
-122.71
1044.93
500.386
-665.034
703.852
559.376
-58.3014
1133.73
-167.099
-414.357
100.2
-2.00244
-184.207
198.265
-1152.68
-926.283
44.2926
36.1315
-352.931
44.2839
1022.81
-167.16
300.322
510.992
236.15
-291.426
928.7
-108.823
344.675
-262.376
1212.45
839.244
1005.26
233.597
1014.12
-114.873
348.644
265.697
242.869
1156.41
1019.63
-305.247
-399.022
409.353
839.485
-56.5829
184.847
-1034.93
-603.099
103.148
-427.521
1018.18
162.072
535.211
520.888
674.664
-374.198
550.436
-211.921
376.945
1108.26
438.909
-938.906
359.172
725.616
-283.902
843.688
739.51
-105.071
788.642
-683.528
-104.578
-467.141
-313.098
133.349
-504.41
-292.54
276.18
-7.87533
54.5053
19.0137
997.757
-261.708
-927.419
-173.872
-222.907
-61.0576
-34.6874
235.749
-251.347
-317.959
229.097
-59.6858
-166.818
-293.539
304.404
5.69339
-110.004
792.31
714.376
88.5276
8.79161
-696.145
-968.674
319.414
325.997
343.506
-778.748
-565.693
-624.776
493.388
-610.545
731.471
-105.807
-161.722
88.0762
53.922
1237.01
515.942
917.671
349.865
-267.727
1337.33
726.682
149.755
492.177
114.087
-652.182
-919.931
189.004
177.743
1276.16
862.71
441.305
285.643
34.8463
-733.012
1015.06
53.8582
-544.016
401.175
425.952
299.855
-430.997
634.451
-317
249.375
156.918
225.734
155.447
-513.69
-668.562
-391.22
143.295
325.946
123.598
-889.706
680.094
35.625
319.601
276.337
85.0546
238.947
210.396
301.216
873.041
-98.0464
-241.639
-1152.51
-334.949
-1247.87
570.751
1375.88
-634.507
338.971
421.75
778.325
-77.8906
-879.56
-448.328
-301.457
65.2431
371.968
293.249
-115.485
430.281
4.7206
-1135.07
1194.95
-27.1788
358.962
39.5989
499.175
245.339
3.97238
-751.222
373.827
-184.366
-1462.76
-734.806
326.695
190.381
-504.84
-515.238
273.324
-750.039
160.48
-1028.91
-238.198
7.21814
-111.904
-910.635
-1209.32
-293.477
261.002
488.071
-164.056
502.426
47.0169
163.265
-68.7494
706.587
379.495
304.814
-827.974
281.843
388.913
-34.6217
265.599
-850.189
-423.299
-323.225
-894.616
-5.46085
-674.502
418.156
-379.091
-82.1357
49.4604
772.838
679.789
60.515
-414.894
116.151
1055.31
279.956
343.667
-283.795
91.08
-239.016
360.464
-544.627
874.516
97.897
-810.7
-476.505
616.7
114.374
298.687
-359.628
-136.654
-224.391
522.549
542.19
109.04
-741.8
827.307
731.982
-547.071
-157.874
1457.36
481.468
-451.004
-771.118
270.709
754.155
14.7147
-4.77752
93.7529
-279.003
855.507
312.863
202.507
296.477
542.319
91.0643
55.1397
650.889
-594.671
174.587
358.729
-1109.4
-729.43
-859.576
605.056
1016.58
233.606
302.087
517.998
-47.4175
-283.41
-396.362
805.839
-1019.92
-358.776
-974.172
122.723
-990.559
-225.571
-471.606
211.15
-284.779
-875.806
311.194
427.488
202.735
-108.83
-115.565
83.978
-275.653
482.81
1027.13
289.307
935.491
61.1449
-340.06
-437.73
1172.14
-156.218
740.478
-600.537
-120.127
679.825
93.8768
-205.978
-300.763
1219.31
594.472
225.027
554.721
-26.0312
-746.296
359.834
586.251
-153.367
11.0645
-1309.53
-227.439
745.948
-592.315
567.931
-824.625
248.679
59.8956
430.512
348.131
242.886
-463.757
1237.22
-386.508
983.585
79.3836
-667.828
-463.327
1210.63
-1179.64
-72.3675
-401.826
449.14
-1.46243
-124.174
117.018
304.87
1331.97
-387.726
-49.9934
-156.872
128.983
756.342
-164.584
-188.472
116.509
5.19893
922.656
1150.54
-42.5505
1085.97
-539.878
-369.802
424.883
717.34
-153.872
479.684
-157.183
557.004
-235.186
881.875
1273.5
-447.293
124.041
536.659
185.616
94.2005
-678.012
69.7586
-297.72
-285.443
-1115.52
-714.177
-6.95225
-1131.17
989.434
158.1
733.666
-661.109
265.169
686.64
90.8346
227.735
-836.683
-17.0395
75.32
993.873
-484.65
-626.505
-607.108
-424.458
889.688
900.05
-474.663
92.4687
3.008
-543.087
-420.655
372.086
235.838
758.146
-336.007
27.3943
-189.912
12.1317
215.792
-6.69297
57.2133
-258.739
368.988
134.194
634.546
-174.682
527.132
-576.656
-55.4676
109.829
-174.358
382.459
631.152
253.275
73.9891
597.308
1054.23
544.883
353.662
647.72
804.282
720.281
-938.368
122.973
-2.67953
-413.203
1189.2
-231.257
-1083.52
-273.964
-550.114
161.115
-273.938
556.913
-980.596
103.611
-833.12
-673.984
-1027.16
-452.139
625.177
-384.62
-513.483
33.2006
-495.203
-122.117
1486.1
589.382
-911.282
1124.11
241.063
362.471
73.6699
655.779
-49.0587
-503.174
384.358
578.126
-78.5282
-1267.9
-117.502
-316.516
457.618
-176.115
-537.399
17.9947
58.7358
439.935
324.397
480.503
-436.411
288.721
746.118
0.941069
-931.185
659.997
-126.962
-249.123
351.457
-357.244
37.1981
66.696
-25.7477
-865.044
369.195
312.895
-471.346
-153.204
13.6518
784.817
424.986
-15.4391
622.605
-61.5437
754.097
-732.339
276.562
2.97646
-40.1994
30.4063
-369.884
-298.363
-160.51
235.087
541.746
-438.303
219.785
-81.3532
-124.135
-353.732
-40.3243
516.604
-209.205
65.0877
450.309
100.358
-1296.91
684.529
-87.6967
985.1
843.659
434.955
1005.28
1033.9
541.087
-1051.27
-6.22778
-486.427
911.528
273.694
81.6956
-643.814
-178.35
981.092
161.715
821.591
-342.967
448.821
510.565
-231.005
-426.509
179.585
40.7266
160.103
572.208
607.201
467.218
46.763
-60.2849
-214.497
-1265.38
-988.127
-71.1522
-275.704
652.227
-1256.39
700.659
130.018
-586.668
92.8915
414.311
-590.796
881.219
504.122
-46.8833
686.377
177.988
-1033.09
285.865
-397.607
715.823
712.989
10.2776
-1.90584
688.663
-641.358
31.9991
645.754
560.921
-220.292
-1248.84
-203.125
196.157
-242.465
386.069
693.647
-18.4165
-723.195
815.02
-457.326
-663.332
458.147
1295.13
-491.375
-176.671
481.594
334.619
-56.2472
47.7976
488.245
-324.423
65.4442
218.414
8.72066
140.146
206.1
426.017
-455.682
302.067
623.689
96.2702
745.726
34.3067
103.675
-290.221
-67.6083
316.724
378.448
160.678
309.632
313.519
-128.97
394.259
-599.724
580.636
8.75788
1311.44
248.861
41.5468
-813.712
-531.832
573.657
471.703
434.205
238.226
1266.78
410.902
997.927
180.435
134.587
1071.32
-1193.03
685.288
653.471
292.562
-1241.14
-540.854
-75.0261
-115.887
-724.036
-513.172
-574.614
-15.7015
671.658
-462.443
189.654
-423.793
171.199
340.64
733.2
141.036
-135.179
409.305
-679.541
642.729
634.868
-10.8022
-600.128
-177.608
-409.948
-460.065
181.796
405.32
194.068
148.079
65.5016
-292.891
-1190.54
1490.65
-285.898
1548.98
-706.862
1042.32
-897.017
-454.891
557.325
-886.394
487.206
177.352
-524.562
455.187
273.541
45.5471
-104.119
62.0996
-15.3236
-818.655
970.381
505.298
-908.302
-26.9486
1298.69
86.0497
-462.314
689.5
243.445
-123.446
71.8501
476.028
652.487
76.6629
-495.721
224.626
365.529
-418.552
714.663
384.479
602.126
-599.328
1224.39
-1054.61
-350.519
1152.42
77.5308
-275.735
-980.318
173.734
-203.623
508.416
-376.969
252.184
-162.067
-419.07
656.758
337.71
448.576
78.2334
58.0556
533.616
58.9457
1123.66
-575.049
-25.4956
233.383
523.406
320.898
-484.931
-446.852
563.129
490.693
160.137
-155.962
213.564
183.171
-261.779
1259.33
950.917
-782.38
-576.818
271.972
405.016
105.372
703.39
1178.75
630.053
131.664
218.658
347.586
-701.7
-875.809
462.224
-1131.55
-150.613
583.405
-526.934
361.96
58.2233
-608.235
801.374
188.428
573.87
641.477
424.836
-628.819
355.735
904.173
473.054
131.23
756.134
142.653
992.981
346.907
-124.954
-268.712
-276.138
-100.679
51.719
-679.208
393.455
-181.91
666.986
572.278
-417.02
740.539
25.9097
-656.093
62.6236
605.076
945.112
-831.263
140.757
927.711
1318.73
525.242
87.0813
1553.22
-42.7538
-935.027
739.737
-1176.96
74.0489
442.9
10.1601
-979.2
-662.47
-59.2915
-752.803
465.565
631.032
-252.804
442.89
-601.173
231.292
735.091
338.805
433.925
1065.53
-146.544
-795.123
-311.796
462.54
234.9
-320.901
312.897
178.136
-166.561
931.882
179.719
-39.3285
-371.231
637.505
151.306
-1001.71
426.407
475.355
618.521
521.355
341.601
-335.467
242.142
783.389
-152.825
281.666
-685.248
-107.217
1238.48
445.925
695.356
-785.827
711.573
541.64
-137.26
-363.073
750.799
-122.552
-534.107
490.702
-544.256
212.301
262.759
443.294
-190.002
166.063
-198.103
485.656
419.599
161.275
-51.2174
-693.954
422.909
454.553
316.754
448.847
8.51648
101.884
-1035.37
624.695
54.584
55.7378
-354.76
33.9418
361.08
-41.1955
-731.803
438.263
-954.662
198.224
462.21
98.9881
125.4
-511.155
-108.587
807.959
374.549
-780.417
21.2722
-533.857
-911.784
-313.57
-174.667
-575.428
242.972
116.284
507.13
-180.592
767.399
1367.52
-78.2289
-181.532
-274.697
544.799
56.1855
-351.587
495.864
428.95
-47.8465
-588.002
-499.611
889.705
-10.3218
-182.477
-579.279
-1049.48
222.912
-127.853
-292.612
369.141
742.288
82.4912
108.624
546.188
728.968
-46.408
716.865
-284.404
1084.9
403.04
-625.047
1365.23
-68.719
-142.508
291.468
524.483
236.517
-298.839
287.189
136.857
-139.224
993.17
-93.0173
773.175
376.805
192.102
-17.6164
253.726
-810.726
1153.25
-81.1351
62.4153
-221.652
-245.661
104.858
901.881
-23.0377
87.2075
-229.067
-869.212
272.802
-487.576
216.518
104.986
-302.898
108.525
-1182.88
-241.971
492.215
560.832
894.037
-1005.71
771.861
657.079
512.816
254.616
-815.399
166.531
581.088
741.03
522.533
-333.955
-370.406
-204.978
-200.901
173.665
264.633
111.225
728.224
-59.8892
-34.0491
570.23
-345.976
357.801
-1121.77
775.557
-1304.34
831.976
-457.094
685.249
-172.023
359.222
840.082
408.392
859.297
9.62094
34.8644
-560.493
-518.565
555.564
198.835
489.328
-910.434
-510.388
1110.89
-636.96
-85.7635
282.675
563.278
7.22747
-197.469
-951.151
-800.203
743.23
99.4564
1032.34
550.036
-239.862
531.309
277.586
199.317
452.085
1445.45
-760.975
477.26
733.549
-401.576
804.277
-292.426
-217.645
779.036
673.282
393.638
-457.498
-398.931
440.693
-734.96
48.0643
-9.54609
26.9366
203.444
-281.377
989.918
10.272
-299.708
-280.533
-497.715
-618.488
-1048.32
-523.694
320.902
-471.522
-395.092
-225.714
433.262
752.155
-103.052
-365.455
929.457
418.55
-783.443
516.106
-1240.36
-476.542
636.338
151.064
362.65
453.697
101.046
678.234
-813.141
-363.896
213.222
-408.967
473.578
307.443
-78.4908
140.586
476.013
554.164
-339.2
-856.803
434.027
-61.8943
628.663
361.15
933.56
-766.009
-28.3356
-159.588
-585.342
-96.1021
677.012
128.892
482.401
434.256
90.202
-395.455
1100.47
332.727
-208.762
-71.6161
45.1437
-445.724
394.253
107.531
-222.722
261.721
-131.765
603.986
256.653
-274.514
671.067
175.216
563.494
1384.23
-711.342
757.431
542.195
-249.192
49.5148
-518.808
1382.4
-281.317
1370.06
1061.77
-471.838
296.436
26.5424
228.473
-714.682
-1393.9
-327.721
241.817
470.938
-552.905
294.011
80.8287
-168.757
-0.271929
72.6891
42.6842
-568.728
-156.988
-253.162
-110.797
346.996
-363.138
712.138
-125.451
682.103
-693.921
-130.877
-409.478
989.578
-167.847
179.828
-576.356
125.21
-609.631
-413.724
138.83
918.197
-687.753
610.012
-305.746
-147.092
-157.614
-236.304
158.76
-165.317
-667.438
-353.034
-793.678
-484.359
-317.073
-970.868
-1188.9
1377.54
-1114.58
1138.93
848.767
550.122
-976.125
-118.218
-805.713
648.967
318.757
-314.285
675.402
19.198
-251.325
349.469
285.697
-333.681
1356.19
-388.718
165.236
692.904
-12.4279
-982.167
887.383
-283.046
1003.62
358.396
895.312
48.4803
-567.271
-827.169
-886.036
83.0301
730.038
-463.511
-918.278
170.06
156.114
499.982
78.367
-83.6198
-499.252
-622.042
-135.815
110.68
-247.459
-241.405
295.398
407.247
362.748
29.6209
312.697
177.534
428.813
-32.0041
-941.46
-61.2589
571.646
-49.2193
-508.163
1560.28
779.349
453.013
-827.313
608.296
-554.882
343.791
-359.569
356.835
-624.911
1241.27
558.577
-535.512
13.6018
604.993
614.488
-562.429
-1266.7
-270.246
-1102.18
-188.972
-567.649
-586.368
219.76
33.0257
369.864
52.1147
-467.502
1009.51
-636.205
421.21
-691.283
1236.48
580.72
982.18
-361.414
-378.405
-909.964
-122.845
312.513
-599.021
648.618
-347.01
648.676
-576.722
369.519
-402.466
281.227
-16.9527
-559.791
62.8069
896.682
-260.746
755.954
44.8749
-297.221
1175.03
-340.783
-370.563
824.946
-65.0516
86.8094
363.332
396.362
16.3207
-1128.78
621.835
338.666
150.801
-1226.58
362.159
214.192
-623.253
171.486
159.959
190.157
-198.223
-123.776
15.8623
-357.293
-1052.29
-104.387
864.234
-150.268
735.547
-777.986
-766.205
69.2232
-547.955
649.45
-592.558
-80.9016
149.661
145.101
-228.208
76.9499
970.157
446.171
-643.332
365.952
-59.6496
762.516
-428.858
972.703
148.226
66.1585
-833.212
747.247
482.115
334.739
284.754
568.601
-765.522
370.077
186.091
-695.49
-332.807
537.118
-237.543
601.444
125.15
-353.824
-181.967
1490.39
116.237
589.797
533.42
127.914
-601.716
608.927
1059.58
-10.3386
-1138.1
288.418
715.065
367.372
413.719
843.464
334.5
-478.754
625.573
-430.467
265.112
802.754
110.084
452.151
-1443.55
151.429
-314.947
254.532
-135.645
-211.165
-29.145
467.913
246.39
-241.408
-31.764
-137.724
8.00746
1266.64
-268.009
-275.795
-1085.85
-178.348
275.721
350.122
238.165
-184.782
887.011
-389.553
-581.377
536.679
-35.8486
-892.441
588.521
-83.6707
1001.44
-384.749
-203.858
-903.299
-313.963
-2.93438
-798.907
-136.402
-101.111
-1150.8
1019.2
460.332
-614.65
56.1685
-643.493
-339.634
57.4672
-97.5436
-293.734
-303.111
36.3659
516.925
329.66
-752.792
-505.497
770.184
868.715
465.601
404.437
-16.9183
-106.018
-670.59
-57.5567
76.9107
-240.962
-177.874
-379.903
18.0972
-15.9169
636.765
1340.9
53.0404
359.697
-577.947
-333.657
-625.98
816.969
643.372
44.8806
267.108
-1181.74
-599.973
774.786
398.028
745.495
524.009
83.3585
140.36
190.019
1055.3
-211.68
631.908
568.957
-360.146
-667.234
403.656
970.88
1035.11
-334.205
-707.017
-577.017
-116.973
-77.1371
-283.469
-180.094
429.103
-84.7135
1043.37
-166.642
-11.4363
244.527
-285.262
-567.818
401.999
1157.54
-816.669
-137.804
-709.067
-895
692.857
-221.686
321.192
801.546
818.384
1034.39
-273.392
407.171
483.876
551.443
147.177
441.388
-605.552
-506.842
987.114
91.1564
887.848
949.24
45.9528
-249.046
750.476
957.314
-1156.05
-680.528
79.4198
634.605
720.142
-345.561
124.63
1423.41
-823.751
-100.169
-372.22
103.613
338.894
637.513
390.685
117.454
-114.951
175.396
-910.189
-499.3
650.308
-332.325
1323.37
-2.80156
956.083
561.849
68.4541
445.789
158.94
-252.382
320.653
-259.759
24.7597
-238.164
207.893
305.975
-439.401
-722.362
788.298
-162.938
-345.614
96.3649
-80.42
-332.402
-1071.55
649.567
411.271
713.563
216.431
429.02
-412.1
980.048
-852.537
580.377
1502.48
-475.156
277.456
-618.501
253.686
-511.037
263.457
1182.04
518.26
601.795
-294.453
366.121
400.129
132.586
1294.54
1099.03
-14.6696
837.245
-20.9862
360.379
38.5023
-532.697
85.6383
123.077
-483.722
1287.09
-761.062
662.828
183.764
695.517
667.929
-745.849
86.1224
949.043
625.251
1054.34
1597.33
-583.116
664.455
-564.448
149.702
-647.346
518.973
-240.26
979.771
656.644
-44.0445
809.132
223.802
-322.92
464.331
430.439
-214.183
-84.5319
-155.902
621.291
-1103.11
-571.287
-705.663
784.314
467.993
665.096
-1025.16
377.196
424.987
136.828
129.189
-253.41
893.677
460.301
271.275
-19.0079
-30.8429
-29.1852
-834.914
-521.027
-694.291
62.8571
621.452
-239.804
84.9946
-1056.62
52.7283
389.596
-912.784
81.2143
140.792
818.88
-563.283
421.861
777.739
621.154
1397.57
65.4492
27.2053
-764.827
1026.66
54.8856
456.493
-766.657
408.569
271.648
-1256.84
-604.493
-64.8303
-242.396
170.203
-746.411
533.325
-399.68
767.237
-289.86
470.265
-247.181
46.5225
277.233
193.225
-245.452
208.961
327.539
1412.99
664.342
77.9374
48.2922
286.888
-549.886
-713.66
-984.323
-235.388
-797.112
217.895
-317.046
-140.575
433.468
104.126
711.362
-234.797
23.4972
208.012
-754.818
-150.566
-1067.63
283.551
1142.9
-848.101
-729.758
1105.74
-615.424
1061.68
22.0064
705.007
-151.672
546.307
-672.816
360.529
878.12
96.1363
-53.2934
1082.43
-23.9664
372.298
-145.54
347.013
184.051
67.5004
746.266
1558.32
655.516
737.433
-69.0083
-65.5284
34.0288
312.586
957.725
-1045.48
463.661
434.537
240.683
32.7192
735.729
1839.58
-373.781
-108.715
33.1898
-455.598
335.46
-341.835
919.456
39.1044
195.954
-410.09
-502.672
562.328
307.112
5.12864
577.642
1446.63
306.78
1399.77
-820.655
509.58
-506.37
52.0894
180.375
761.305
-480.116
-200.194
109.825
438.348
265.42
-643.538
899.675
381.519
-611.812
-1064.04
-213.018
11.3652
-118.581
977.241
333.755
-354.778
-112.354
9.92533
-606.46
-391.299
553.324
390.358
-295.613
-1091.2
949.496
627.783
242.779
479.816
-600.988
-546.959
909.734
1051.74
-319.798
683.152
797.375
-581.324
-316.8
594.79
68.3544
1210.56
612.78
410.702
700.362
175.229
1075.83
-1139.38
-586.646
24.6823
-148.989
-390.996
-445.402
834.646
-17.3838
959.654
516.37
691.727
0.753556
-768.662
-138.198
-30.2796
575.205
-13.105
464.784
140.579
-929.525
-228.543
-514.034
-231.617
256.928
-620.839
380.585
126.575
168.706
442.167
-29.9757
234.121
-149.537
1060.45
-350.482
267.107
-338.706
-427.706
264.068
-16.3587
357.432
41.3289
600.499
-105.452
-43.2798
862.268
516.98
-269.733
99.4265
-385.04
408.665
-39.9875
-658.093
-684.586
89.4513
100.826
-1219.25
504.281
716.887
1082.85
195.861
320.078
102.892
173.586
959.535
355.219
-786.216
588.421
-760.887
404.878
478.636
-30.6506
111.036
1445.22
307.664
-220.26
-680.506
-306.911
-1065.13
440.053
1522.17
962.828
714.578
-51.5793
1377.39
-187.204
782.473
-583.232
764.89
507.612
-92.8801
4.64531
127.206
-81.6365
-761.471
273.887
-926.363
-667.81
751.34
261.147
164.039
95.0411
-875.444
649.995
-119.339
93.4659
734.668
-363.934
626.045
-270.84
-789.571
-1029.73
-229.328
-55.3061
-644.359
-810.657
-162.295
-329.649
146.265
194.522
227.543
-14.1049
-1008.06
-427.668
-261.892
274.197
556.927
568.409
875.386
-739.765
548.085
766.048
-378.584
215.473
1380.02
1200.37
-281.873
-520.069
90.4999
369.281
556.568
-586.635
509.326
-408.738
644.234
-245.821
668.096
575.978
-204.977
-173.822
345.955
105.422
383.336
-198.34
-511.097
-15.3739
524.974
812.661
-146.621
269.45
-643.931
808.843
118.952
-8.99541
160.143
239.869
-111.818
-33.2979
-91.0051
254.404
670.471
191.027
33.6344
826.921
-1304.21
415.338
-809.438
692.073
572.585
-1061.77
-238.833
-514.124
538.761
-653.892
679.408
-1057.56
204.964
-1020.6
221.86
-870.329
-625.407
-142.966
657.199
127.766
312.71
-812.963
232.904
-118.301
278.335
-486.839
-569.186
-551.728
-344.924
410.716
51.9461
872.266
643.963
559.33
-17.2635
-13.4344
626.527
-164.778
-919.709
9.48033
-310.576
-785.539
-60.9853
1056.77
-834.727
528.218
-806.324
263.852
-1495.36
-590.995
-605.19
571.211
-534.585
38.8704
352.243
-1532.26
41.9096
-276.355
-341.32
1117.68
-459.386
-654.813
-747.794
65.8544
144.792
19.0019
311.367
353.746
-634.639
459.923
578.472
-603.15
878.172
188.012
480.999
-558.37
311.109
324.811
1172.03
390.778
-186.141
-271.385
16.8921
-578.661
626.693
259.958
-446.957
-417.939
-358.537
97.4627
-397.716
1454.6
665.278
-380.215
467.639
768.926
1215.84
28.727
-625.587
626.699
801.766
-12.4726
170.556
273.518
-98.0858
66.8789
211.906
-78.8486
771.853
573.38
743.877
165.494
-131.966
-9.56605
-414.738
-33.2015
791.928
-316.06
-201.223
826.441
359.927
528.227
142.716
-407.807
32.3064
31.3999
341.3
-452.882
246.508
314.59
199.048
-733.876
-544.719
629.974
-603.391
-66.3268
783.892
-361.705
1007.08
877.925
-922.755
263.264
863.337
263.913
272.904
875.623
-526.616
156.137
-317.506
227.811
768.201
-173.219
-429.254
-400.311
734.345
-263.603
456.148
-529.96
126.464
9.90088
-405.577
220.553
-309.856
362.836
620.469
873.134
240.112
570.903
-20.6663
695.146
-321.587
50.1205
-747.291
663.513
-251.32
979.953
-836.812
792.808
137.794
211.315
698.098
-71.4715
1309.45
-463.014
856.204
417.272
378.564
197.241
124.519
403.535
70.3228
579.802
98.1973
753.598
-152.662
500.507
-246.818
-76.5567
444.547
-86.6566
-145.34
-113.433
-119.707
-281.638
-182.038
-488.368
-376.214
288.73
1675.22
307.284
-431.098
-157.558
83.6096
1163.14
-220.768
-976.71
306.992
-384.518
115.508
-46.5649
-631.284
491.094
-213.58
250.84
-114.341
880.435
889.438
-709.444
283.727
586.267
459.865
428.754
509.92
246.726
-109.218
744.883
-556.533
558.486
-1039.97
-6.57549
-21.8803
-148.912
716.319
-121.922
-681.174
-97.8306
-1051.32
657.095
-451.274
943.629
141.005
438.525
-300.177
975.878
357.166
-159.007
462.358
-947.216
311.951
-358.906
-118.091
473.336
245.892
-114.163
-509.699
484.662
-121.616
-70.2407
1035.26
472.18
-440.653
-716.875
-764.242
-352.213
865.429
723.27
-174.725
-683.073
-579.579
864.935
-941.623
-751.819
-31.1402
484.436
-338.407
149.475
981.628
406.513
371.718
320.289
1308.72
-21.3067
884.913
-735.271
792.342
207.823
389.991
1205.68
-161.629
385.194
221.002
-164.866
-1031.38
-143.756
730.418
-223.663
197.231
871.506
-11.9191
-15.925
-796.649
1035.63
397.52
-68.851
-154.257
-295.523
-115.451
965.05
1132.47
406.728
330.545
393.442
800.232
56.6064
-48.087
152.093
46.2995
-638.12
-506.892
-470.548
728.561
879.035
-834.273
-58.3157
-290.633
110.71
930.542
-655.849
151.492
-491.571
-316.658
-302.946
407.28
25.8045
721.736
353.656
-381.701
-428.534
768.419
-230.995
-1192.8
-497.201
-143.534
295.071
-155.335
485.734
187.092
-461.589
587.292
975.211
773.681
656.812
344.542
480.064
14.5538
-923.185
80.9946
-483.512
-309.001
-255.298
-1210.31
-444.874
745.073
215.532
-211.654
623.084
5.39727
-283.307
258.191
-191.482
182.746
588.555
-633.084
513.49
-46.3381
313.736
-107.012
335.089
-522.072
385.992
99.2498
-212.087
-964.98
-164.31
-803.163
388.715
1261.04
465.422
-744.526
274.624
-258.643
-948.309
-380.649
-995.588
-347.759
-75.9494
-325.743
-968.056
24.8483
134.22
-368.021
-1061.52
-894.49
660.578
-695.894
103.443
-536.498
-1183.28
533.691
-451.706
119.364
594.734
-550.375
397.466
-127.724
-285.376
972.265
14.994
-614.63
124.501
-140.143
-343.967
-961.007
-64.1112
-447.339
407.189
-482.821
214.019
-1255.49
354.848
277.544
251.316
-137.136
129.6
-156.462
-96.7507
-909.535
1060.83
-102.364
193.945
-483.543
-497.439
222.244
-387.696
763.556
-7.90077
25.9567
1033.7
-576.341
-246.33
-32.112
918.059
-72.8818
-906.71
657.629
1122.35
125.658
-291.476
-538.213
-402.234
-227.682
345.78
-487.113
426.318
1045.12
1544.9
-30.542
-4.11272
50.532
157.681
622.37
-499.087
-3.57904
834.975
282.662
-231.982
-469.649
25.497
471.877
-247.797
-955.712
595.34
706.456
747.494
-382.134
-68.1109
-1263.17
224.158
-45.3079
-400.182
-354.854
-713.92
-509.068
545.07
163.118
712.981
-664.256
-126.111
-44.8453
-837.756
716.725
-786.717
284.942
-370.975
164.849
-144.858
287.445
259.691
44.9876
-41.9042
-173.223
-378.599
71.3675
-196.726
-997.781
609.525
-394.174
265.028
-436.114
600.814
-237.51
347.486
-715.764
-264.491
158.862
-677.488
182.981
247.897
-122.524
-1335.12
1010.92
-460.152
187.875
482.016
178.81
-1358.87
-618.823
-305.7
423.121
-178.546
21.148
1266.35
-99.9895
130.909
-332.57
135.352
427.943
305.509
-57.2681
-751.605
-151.022
-241.236
-1256.31
812.473
-203.837
-149.308
276.28
50.5935
288.321
-1244.73
-211.391
587.821
497.944
150.352
251.671
-146.677
372.409
-362.872
156.584
-393.44
567.075
367.034
-1037.98
-779.194
86.9744
773.244
-154.786
616.703
-414.084
-431.594
740.965
-76.0346
-404.663
137.25
-328.01
-1058.39
-95.0782
-1130.68
-567.759
-536.754
919.78
-83.3425
872.485
185.191
-122.783
662.838
-102.257
1119
557.756
52.832
-899.577
-373.948
697.666
488.717
-1039.66
178.311
88.1188
-1003.08
966.208
57.6765
192.577
200.787
-607.422
230.978
624.295
98.9487
607.764
-7.61591
-51.3078
-174.973
428.182
486.203
285.341
-288.565
-661.992
-614.761
-59.4435
314.158
-94.4924
221.451
-979.727
290.197
540.716
166.747
521.289
-168.883
166.387
-529.078
-421.997
6.04089
1229.93
-192.452
274.089
-92.4012
117.679
472.889
325.731
187.43
903.301
1446.98
18.635
349.825
568.99
-694.232
-249.202
307.68
-780.182
-768.557
-196.708
38.3213
-0.0206666
-1285.09
-1091.8
117.843
-281.983
-1099.26
2.55762
480.328
709.324
157.015
641.833
201.677
-263.014
-507.576
219.251
-689.928
-173.88
688.346
-503.756
-1013.97
207.679
-330.858
1062.27
-429.514
739.552
1010.83
38.1235
15.8899
1279.94
-138.415
386.227
712.472
305.442
-980.407
-82.3371
80.1813
557.457
-454.404
-1393.13
-1008.65
39.9564
218.108
-134.88
880.723
470.223
-624.647
-843.184
971.577
-33.6714
854.622
63.0367
153.649
800.796
1157.16
-54.4803
-468.977
551.509
-542.326
-372.087
-574.965
1022.39
-542.729
362.88
1196.18
-324.736
120.084
503.173
-584.082
524.466
676.599
-635.218
324.937
665.592
351.913
-806.214
1137.92
313.366
-407.26
-1010.6
239.444
-194.116
120.247
-48.5884
-355.14
312.36
-442.066
-432.498
86.0751
-241.642
588.001
264.589
-862.243
593.282
1371.27
476.125
819.608
-374.388
358.057
-474.032
138.221
914.585
153.423
-890.298
-199.999
-574.354
135.906
523.765
-808.449
-121.649
-548.682
-281.017
-375.12
-443.716
-714.074
-240.468
16.0091
189.015
-357.029
-503.842
617.886
-572.405
-361.38
-453.266
-304.676
720.224
26.5646
-408.727
-97.7546
1162.91
741.303
-1020.08
-366.414
692.908
-203.087
-67.3795
85.029
162.822
-201.751
281.128
-934.923
-289.359
-767.313
588.561
125.141
-424.172
-29.1113
-829.353
665.587
102.708
-673.063
1093.06
-253.838
115.632
125.768
17.4326
489.9
12.537
316.11
333.737
-616.307
660.759
-1256.28
1215.5
105.97
-202.653
444.98
509.188
279.203
508.457
-146.588
241.148
274.535
-411.312
-299.498
-954.305
-436.205
492.074
362.981
-223.811
439.896
-1323.73
-737.61
-485.147
628.322
-1198.25
-354.659
846.449
548.793
-543.173
-298.004
-454.202
-261.744
850.612
512.984
1267.62
-44.4123
-1301.33
-539.2
-471.571
-518.577
560.736
684.761
129.055
1123.7
777.481
884.911
1233.56
336.403
174.968
-26.3404
-1299.43
-107.063
6.25177
-367.511
102.401
-74.6172
-642.182
366.687
-247.768
340.671
-444.372
797.537
-572.967
-386.632
932.337
1168.03
-221.458
643.884
-179.666
346.205
-394.939
164.012
532.073
-479.094
-991.822
1029.71
199.767
915.291
-921.528
-451.886
1695.77
282.076
-217.826
-251.081
-191.192
490.573
802.967
-458.903
537.536
315.955
-1173.81
-500.118
800.857
-559.382
-1144.47
358.876
-1037.82
78.2132
-889.264
184.169
-158.675
452.134
312.222
412.207
67.4553
-826.074
-74.0218
658.089
607.516
174.638
-593.124
880.445
-175.237
510.377
78.0576
90.5385
-130.588
332.353
-434.924
763.32
105.425
760.968
970.825
52.5968
190.119
-653.046
735.597
-201.488
78.1709
612.513
358.956
-57.7563
587.381
937.577
1046.29
-697.394
-39.6593
381.722
76.9659
1293.21
1151.89
198.843
910.265
-59.2399
47.3933
302.168
655.027
-586.21
461.905
697.652
0.47778
956.204
843.791
1180.38
1064.15
-10.6615
-38.2657
153.335
-94.9345
-114.278
296.255
-1079.65
1229.72
20.6876
119.466
1870.35
558.151
183.908
287.634
-439.348
-179.482
52.4222
-488.319
-624.578
-486.838
1113.03
277.423
-747.73
641.298
381.126
-448.081
235.348
-304.464
-242.935
-111.521
241.827
162.639
181.983
-89.8086
284.539
518.435
-670.901
83.8685
279.414
-269.859
-579.841
55.2515
374.545
-379.09
320.139
205.875
489.784
-590.12
-949.137
835.669
148.899
839.541
-544.026
-658.819
747.575
722.922
-778.892
-114.152
-124.771
349.003
-739.847
383.842
-80.4927
-1124.57
-151.843
12.0472
969.056
-451.045
-394.575
1081.81
-199.609
627.966
352.348
-55.594
138.939
-411.232
259.054
1959.29
-12.4482
-543.591
20.2153
-206.317
-413.417
-617.705
-1.46576
-29.748
705.102
-413.838
-475.648
-188.016
456.82
94.6159
-535.113
-356.694
830.255
-553.393
-170.654
-265.021
1087.57
-297.24
63.6415
478.268
-49.3399
-809.425
-1402.42
403.501
-133.599
428.174
1323.64
338.289
597.29
729.368
627.316
949.899
1007.47
443.357
1028.38
-63.1606
32.6555
237.186
340.826
385.066
541.56
1.54381
-430.487
206.654
1087.45
-34.2987
-199.425
-868.485
381.76
-274.121
1091.72
115.55
72.7513
-474.108
-283.954
986.726
656.234
-359.213
-220.601
-392.583
384.597
234.851
-369.015
373.7
81.004
643.367
218.41
-234.898
-182.182
402.225
8.68938
-1025.18
-223.508
-319.296
-806.034
-815.708
-461.01
-858.768
404.709
-440.572
202.948
-394.523
-8.2668
310.227
316.068
-564.183
109.249
103.59
1153.82
-1295.57
364.794
182.827
-409.883
269.063
786.698
590.076
890.424
590.666
904.898
533.771
-465.989
-12.0297
-460.518
-366.826
-779.686
476.331
1049.82
-111.075
-493.929
84.1465
-596.751
-469.295
120.661
667.027
-172.369
0.524508
-319.789
-179.733
-208.338
373.393
1434.95
399.085
1131
1223.96
-45.2778
-45.6799
-143.233
449.221
237.509
185.103
78.3467
-391.217
983.447
235.59
-576.776
-321.356
-430.131
493.355
566.301
188.459
849.464
-196.462
212.295
34.9491
111.483
-69.8796
-35.2764
-237.633
-303.703
45.0273
-254.637
-464.474
-1041.96
743.319
-9.76911
442.189
1195.89
445.167
-561.502
-520.762
-34.3432
-470.7
-19.5175
248.656
-272.856
731.508
-646.632
65.7258
-791.56
-358.038
-205.879
-261.478
665.368
1468.85
-623.593
229.884
-599.008
-1100.3
-111.579
19.0121
471.557
193.892
759.258
-1282.47
-398.288
730.457
-581.185
-364.893
-340.658
-219.082
-739.301
576.944
792.482
558.922
-221.345
390.444
-107.035
-783.25
-227.374
197.043
-321.4
529.93
-158.738
1415.51
-694.628
71.0624
270.332
377.771
1024.52
-163.492
-22.4875
148.813
-352.559
726.327
-27.8489
-587.832
1049.75
417.271
-369.395
-128.356
634.88
465.31
576.349
-156.413
236.452
-296.169
144.226
606.331
628.222
-156.175
-160.6
-1171.96
160.38
490.356
820.81
232.178
280.192
246.764
906.35
-360.87
-605.567
-143.052
628.903
570.35
131.869
263.485
-1208.45
747.287
825.086
474.322
-186.459
1332.88
1161.95
98.0982
-260.62
-319.238
-515.606
-394.048
-534.798
-28.7687
-175.807
583.176
129.867
403.856
524.286
1356.5
-1004.51
-990.888
52.2759
-604.626
11.5792
878.136
-489.187
560.755
-778.452
-418.585
-149.96
-114.193
908.363
175.089
251.359
-27.7709
-803.181
-246.041
-36.6882
692.318
-217.193
-995.627
534.313
190.268
320.483
-552.595
629.594
359.072
32.6015
806.755
330.207
-633.976
1224.81
-276.58
-880.426
-988.929
403.402
-473.758
1148.92
-739.841
343.205
-195.835
-58.4482
92.6256
-449.944
259.438
-377.434
384.487
137.486
-363.077
495.373
377.466
-646.023
575.513
34.1957
-195.704
1068.85
699.003
-542.065
317.037
-75.1313
797.675
300.317
129.992
388.958
-277.387
-318.005
-721.359
299.389
782.695
469.832
426.607
136.042
-79.503
-211.112
499.165
135.221
1253.67
600.174
644.859
1157.05
-561.009
34.0348
1312.18
272.313
-137.839
-107.13
68.7152
937.712
930.368
172.958
-261.457
403.723
-699.285
505.325
110.07
-338.071
1201.11
1182.88
-152.579
42.5835
209.617
232.952
-449.763
-444.367
507.687
308.952
635.952
365.55
695.905
234.824
117.18
-522.682
278.235
-127.832
241.866
-484.008
732.947
-33.207
-494.918
-75.4398
-189.015
-585.818
-426.736
-200.788
288.567
-1081.72
904.085
513.571
420.425
596.728
865.61
-78.8341
-332.192
-433.089
-532.882
108.669
303.375
-118.962
205.241
-64.1064
-688.605
-9.0417
542.763
54.736
151.328
-93.6181
-77.26
-356.5
-66.735
-526.899
-57.6203
-135.358
-520.425
132.725
-217.302
359.968
598.196
-58.2169
-102.384
-120.384
156.021
-385.361
-1005.71
691.02
442.649
-152.538
-176.357
-546.753
-120.254
302.227
-503.702
950.385
-705.371
533.53
-930.817
875.252
538.134
127.7
473.394
1154.61
-257.261
-1045.83
404.047
524.715
-483.975
142.431
359.063
-82.6506
669.919
-784.079
-274.466
-71.6381
248.175
107.774
528.917
17.6945
-1113.48
-456.989
-592.536
-142.683
-1089.38
372.84
1478.59
-231.912
477.779
0.714118
-525.525
90.3065
263.685
384.278
549.396
-903.296
828.909
-31.3053
-237.392
1173.37
-160.576
-444.93
636.798
908.447
-236.278
-1086.19
-219.355
775.258
-817.412
771.77
-912.134
-538.476
-359.299
-973.385
-481.852
-905.029
130.095
959.061
-998.671
417.75
151.536
293.149
425.558
-418.739
734.47
-419.339
1011.92
-632.217
-526.812
934.253
280.915
465.765
-768.934
-88.0997
374.749
557.498
325.264
-71.6266
-1101.79
-80.6191
-858.517
-1204.39
339.894
-175.282
547.042
-546.854
269.846
745.263
1048.27
1297.46
592.408
490.863
708.942
338.301
996.21
140.277
646.233
-393.381
30.79
-897.277
237.602
9.41858
-501.448
-444.781
0.189023
243.998
-51.702
87.0872
452.781
-261.012
653.122
950.772
1031.89
72.6855
1164.8
318.029
171.587
-271.422
293.022
-705.212
507.498
737.067
1028.24
-1314.28
-286.007
-266.444
-366.391
-975.598
-36.6778
-853.486
-102.14
1167.35
452.161
407.606
731.833
-561.018
483.757
153.458
-34.4843
752.64
-116.259
20.0562
800.465
-925.373
-264.047
-333.763
730.723
854.07
393.401
-305.456
70.9052
51.6602
558.379
441.868
-303.624
225.333
-734.257
-76.6166
-225.198
-21.695
648.505
-1214.73
-441.793
626.127
373.803
-241.539
1110.35
-821.968
-22.3679
39.8426
857.368
373.529
-49.8691
-213.513
57.738
156.703
-147.432
752.723
-537.076
-80.1078
413.496
-123.86
-167.154
-25.9586
-466.462
122.735
770.856
737.741
-64.5682
-22.2428
732.497
-148.744
-1079.9
-151.494
882.173
859.504
205.961
-71.4931
781.504
1229.2
244.64
-329.09
-407.722
529.448
-393.332
25.819
-969.956
-1449.36
588.579
454.286
474.631
501.807
-825.609
18.4185
278.742
-33.0014
615.51
-114.144
147.517
296.244
-204.122
95.073
268.704
-390.32
-181.239
1188.77
754.024
884.888
-182.65
1441.5
-225.125
-15.6516
-83.5821
84.4818
428.084
430.578
-20.8734
315.154
-505.277
-557.645
792.702
-586.033
31.756
12.4666
1479.44
95.8998
109.007
-614.952
57.8783
-362.294
-68.5517
522.492
-1380.66
-688.695
-263.999
-65.1466
616.67
174.826
161.08
625.939
-34.8766
-234.949
-66.5586
-141.319
-461.157
789.065
-1.67382
338.182
9.96948
-142.475
1344.17
-226.189
512.089
-223.379
-3.34053
-97.4852
381.78
-356.82
-900.2
-152.201
-717.314
1260.47
-686.169
-353.466
267.776
-353.143
-202.325
386.186
200.072
1364.25
9.60694
175.028
1291.57
190.934
-599.523
-632.232
-686.135
555.227
-356.52
-811.39
316.533
-177.361
124.383
-28.8284
-1190.28
-218.65
883.296
7.77408
-423.434
1462.34
403.224
-395.2
475.48
10.5649
868.204
152.291
-547.463
-55.333
324.644
523.427
-1018.16
-750.223
-1.60426
106.656
232.777
-543.907
172.002
-697.814
15.7725
-345.762
1148.81
-148.42
233.009
-388.54
77.8437
50.3475
-1249.93
-702.844
221.92
-281.409
-98.934
0.777189
145.745
-444.76
197.467
-103.121
977.857
-161.748
-262.253
431.121
427.816
-255.118
309.28
387.387
336.798
-704.794
-308.397
-269.561
249.892
-277.71
418.995
647.767
1485.32
-456.733
158.316
74.3049
-160.366
-500.751
617.565
-920.245
-197.043
-393.7
-210.718
-240.293
384.33
-590.549
795.939
-204.047
-1120.63
204.403
-570.455
-319.884
381.78
-324.412
-220.729
376.569
-1088.6
-761.957
-205.394
-118.414
-519.659
-310.03
-202.73
187.501
-633.19
211.903
-629.85
-386.447
-902.767
-48.4298
-439.033
-429.014
287.297
564.518
35.4183
-814.561
293.818
-1192.73
-449.411
395.576
-196.719
-336.419
396.325
276.267
758.382
-619.358
908.926
-161.052
997.532
-67.0052
394.779
315.09
-954.669
-281.877
71.3962
-190.821
1032.38
697.69
853.216
-592.295
-212.444
80.3511
-231.469
-59.1254
-575.181
-113.797
-242.322
-18.0765
29.1196
-2.75711
-877.137
109.826
887.433
-542.685
-552.938
1208.54
-496.95
-269.841
1280.1
692.355
-469.313
-6.15596
-88.5462
-232.463
-531.154
344.739
31.6199
232.06
831.552
-578.046
1012.09
-358.11
231.453
22.3074
-16.2752
261.543
535.872
-216.036
-17.9941
-424.347
491.356
-545.254
747.64
-396.328
-554.25
-616.792
-825.189
211.209
410.359
446.23
-212.02
-247.492
389.024
1001.02
829.408
-293.753
827.012
446.293
483.627
-178.059
87.7247
378.43
526.461
579.798
-388.51
-371.38
281.145
-538.519
-100.082
-65.9549
-341.282
856.279
685.285
213.257
1000.33
271.379
646.327
-292.048
75.9748
568.816
-230.336
-451.301
561.119
676.508
-31.7041
110.95
955.406
-673.317
98.3535
-734.544
-976.397
-849.123
7.09268
330.551
-140.615
5.74043
338.005
1037.9
1405.53
401.883
-1127.46
869.064
-487.593
-498.635
557.93
-131.724
804.354
976.788
834.837
9.92678
1075.88
-777.782
125.333
664.856
380.774
-160.944
-698.585
192.912
-177.561
-597.897
59.3867
51.9951
-618.052
-313.317
-748.026
1001.8
375.586
592.972
693.521
208.691
59.9634
-318.44
622.421
1051.17
-118.422
-599.921
635.53
806.746
-251.252
-292.114
601.908
302.989
417.426
471.715
-641.095
422.471
424.462
398.836
40.2997
29.9794
275.338
-376.81
-232.399
-1232.48
622.309
480.211
277.051
692.139
552.412
-528.2
-539.581
46.36
-311.658
597.446
-989.869
619.645
-878.794
344.498
-635.682
56.9902
163.882
-34.6756
318.596
-1470.79
176.275
468.032
-152.406
790.802
-798.928
-341.056
641.547
156.853
-963.628
691.071
-919.865
135.681
-621.187
-207.845
709.53
-581.386
-1097.95
-1149.89
35.8005
498.553
536.094
1135.3
210.76
-944.828
526.069
-590.353
-352.156
-282.507
277.425
18.4908
334.49
-95.9667
872.057
156.06
924.107
-1.77779
590.333
-299.755
585.696
-593.264
1260.34
-8.81061
426.348
-80.9701
-15.477
289.635
-620.053
784.693
11.35
164.558
649.515
-719.473
-74.4424
528.605
-318.549
684.158
-267.61
-903.11
591.031
1291.55
-124.407
454.131
-96.9353
67.0353
360.577
280.961
-763.151
-527.489
-761.992
158.004
357.145
992.94
172.853
-942.954
196.834
-102.57
-1227.46
-780.214
192.989
6.30092
155.137
94.1128
-373.932
363.331
135.003
494.727
502.541
114.14
396.697
1271.08
324.704
-149.427
43.0836
545.787
-391.173
465.475
-230.688
478.183
409.476
793.242
70.2654
-534.932
-96.1843
526.44
330.661
-1100.53
590.149
-288.46
-174.955
-247.822
530.392
6.88505
340.442
-372.667
-171.566
-351.7
996.364
328.06
-689.5
-1037.07
-297.491
-22.5808
184.403
-931.515
429.162
-1074.67
78.2489
-609.979
-235.166
-532.931
-302.527
-596.217
6.43636
373.877
418.896
-225.599
187.782
-341.158
-821.461
728.469
-465.358
791.107
98.9217
-991.457
-1479.01
-504.31
-924.641
-237.622
-366.411
20.7443
357.956
588.774
587.982
-220.473
-341.72
-916.451
174.086
1433.56
409.97
729.458
-34.8888
-706.274
54.6813
-344.946
97.0073
624.994
351.115
-456.479
-437.857
-936.578
1399.56
367.646
505.265
-643.837
491.566
-391.166
-625.704
1027.56
128.535
-947.198
-209.948
862.014
149.427
-31.7295
-236.301
1146.44
325.92
1642.69
50.8416
-51.2002
338.428
-349.377
-259.181
-505.237
-48.6352
-792.386
1319.57
-69.6857
707.194
-703.557
-403.253
276.414
10.5941
-192.376
1053.84
-416.176
140.301
219.712
-359.445
-104.563
-104.419
1012.51
-858.824
158.457
-702.25
400.644
688.513
531.316
279.601
1286.61
339.755
905.507
318.681
460.796
-728.027
20.1858
165.168
537.498
382.658
134.375
947.374
557.145
-957.637
227.789
-429.748
482.188
456.709
520.278
-1249.09
-314.367
-24.4425
180.638
132.425
-840.119
-198.976
-141.089
314.129
1176.8
694.567
-594.123
-97.1386
-656.933
1251.25
-1183.24
-92.417
-289.01
-1025.36
-25.5834
603.485
-349.805
-460.319
-270.882
752.259
624.129
337.324
-504.16
265.971
-298.694
615.474
-376.655
654.78
-351.367
354.002
689.61
-1284.1
-470.151
-215.755
242.187
915.1
699.952
538.617
-113.484
-80.1321
-620.48
899.785
415.707
-1182.44
-755.806
294.548
732.039
583.169
-740.265
514.708
148.944
-1112.11
416.15
-249.992
1022.66
-221.822
-21.6563
739.376
458.406
-284.779
255.189
598.809
-238.915
664.439
-440.571
10.7994
235.569
727.958
71.0468
1091.9
-654.606
-304.84
219.927
-302.477
226.034
-748.006
-733.711
141.821
-752.878
96.2155
691.746
280.844
-216.742
155.125
-201.144
646.776
-10.1995
281.146
373.773
-311.07
-151.419
756.815
-291.337
41.6534
-1382
-291.501
-146.935
-441.706
83.7829
678.652
-613.351
-377.638
-92.1546
-558.099
-795.222
542.968
60.4235
-195.76
167.488
-1098.71
1246.21
737.133
-300.706
25.2376
610.306
-93.845
233.631
377.924
1063
450.005
65.4708
-494.756
-582.511
-651.943
704.035
332.575
2.57096
524.186
428.518
492.436
614.308
-752.915
-438.762
844.591
-145.501
-728.971
-183.508
443.992
167.639
1016.87
-729.648
-211.678
12.728
689.12
936.39
455.301
885.634
-136.101
634.511
-505.641
-517.29
365.734
-132.694
55.6834
493.617
40.0325
546.233
507.669
440.942
306.14
605.057
-932.204
-229.971
272.321
208.814
-518.882
-169.274
185.8
-214.465
-517.658
-1014.24
742.564
30.0717
993.472
-318.72
321.597
341.427
339.699
636.688
123.87
729.724
182.076
180.987
97.2583
-460.552
152.796
-749.481
-206.276
-290.651
-239.43
547.389
308.925
427.365
104.823
666.947
867.511
-191.243
802.928
301.484
623.797
8.83404
-159.073
240.437
421.973
-3.89985
-501.662
-90.4087
-10.5409
506.923
-4.29485
-350.498
31.5721
-609.599
86.1818
450.159
-76.9097
241.57
-1382.55
660.489
290.681
217.305
790.215
-155.159
-473.261
-395.443
420.428
43.5335
-644.38
926.171
-633.861
1010.53
-261.545
518.319
740.706
-630.031
-465.522
-1202.73
-3.49008
222.29
-529.871
-7.08185
-9.13927
92.9273
-258.179
-216.171
534.046
-595.373
871.93
-838.983
-186.14
1139.07
-299.83
-189.991
1257.81
-30.3899
-4.08934
-614.933
735.846
1130.75
96.6201
229.242
-101.952
986.755
607.6
-59.6775
-691.663
-827.885
-956.394
241.83
22.6129
57.9118
1417.28
-457.568
-623.815
280.861
-655.417
-1053.83
-268.758
302.895
-152.108
-1037.11
156.906
662.741
-956.631
1167.9
469.298
36.7788
1172.96
719.241
-407.846
518.572
-542.044
-202.887
157.033
-77.1045
1070.65
485.119
-483.905
653.46
746.019
-262.042
254.46
-1107.73
650.825
655.523
1049.45
1227.66
206.854
150.384
-491.929
-241.228
943.81
171.779
552.863
1323.07
-519.481
460.09
-1419.53
511.911
600.076
-1107.49
1643.19
-829.328
736.741
100.51
48.6314
-1.94199
309.708
-741.942
340.497
1145.72
248.722
591.235
-613.099
-2.78289
-354.032
-200.724
168.221
-210.287
267.124
284.485
286.098
-29.1881
30.8785
897.521
341.701
1336.34
332.145
478.021
-242.12
-274.561
1125.59
73.2661
1172.54
-289.59
-182.395
-165.212
58.6018
-556.062
399.938
-74.899
-594.067
-948.397
531.404
156.957
570.354
-342.931
84.5344
87.4595
-645.007
544.428
-519.804
-788.559
547.112
-326.371
130.053
704.496
580.724
-102.096
-207.237
-350.701
-910.477
620.665
497.908
0.479918
1034.77
450.564
392.477
444.362
-639.677
-229.01
58.6751
913.678
74.9464
202.872
435.493
152.566
537.554
286.458
8.73268
-22.0586
1480.19
-659.788
-339.646
351.439
130.081
391.88
349.299
489.108
-425.525
407.122
-170.555
716.148
-233.53
-265.836
639.002
100.064
1147.42
-659.267
-60.5692
-753.655
1150.27
-1114.88
-166.922
1059.14
-123.593
-744.911
537.227
339.516
246.27
181.241
-538.617
571.453
753.423
1949.7
-437.721
845.674
94.8028
230.956
752.362
952.006
-1123.69
-246.372
96.8281
-465.519
461.787
-38.1186
152.172
-159.875
-595.014
64.1832
-625.641
466.009
-1059.26
358.411
103.971
-1246.76
337.978
-97.9966
449.195
1275.14
426.067
-382.59
-770.673
-300.66
12.2597
-600.201
1052.27
-586.287
-782.071
753.483
-558.929
-599.493
-1070.9
-488.79
406.755
-115.053
-760.589
-847.27
41.4627
-83.8805
1477.69
753.72
343.611
-324.917
194.42
139.834
456.304
581.867
-33.9625
1123.46
-81.4684
955.981
680.642
665.664
-546.995
434.366
-934.726
50.2729
395.119
-43.4061
407.587
-326.521
-309.142
261.639
-694.836
819.286
425.634
348.552
138.87
152.768
-73.4126
339.034
20.4148
-645.676
-430.905
825.342
-647.883
660.942
-362.719
23.7931
233.274
-86.5281
-195.206
1072.69
259.074
-6.68892
66.4667
-447.682
-573.644
339.639
-984.423
-686.8
-76.3108
-415.606
221.62
-138.205
64.3654
-8.66124
11.9706
595.388
292.866
-209.964
784.03
824.362
183.239
281.264
-167.064
156.1
-529.142
271.055
152.806
-545.134
-506.608
-1098.67
-60.7017
921.735
-34.8921
514.026
517.436
-88.7534
318.965
-854.775
-493.034
252.61
421.753
35.6877
-574.361
-91.7823
821.605
143.999
-923.431
229.625
-67.6911
123.174
-163.45
-141.238
-673.151
-108.731
964.402
15.8512
-241.123
332.114
23.0881
-58.724
703.456
116.465
-537.399
-150.275
-563.22
-737.99
29.999
-577.49
589.772
-659.371
-269.486
66.0337
33.5614
891.986
406.152
550.872
-87.2219
-241.965
827.873
-63.2923
-286.449
52.4589
163.228
-564.518
488.079
-640.015
-481.907
-202.108
-1051.86
273.543
-206.422
-252.139
-115.64
-672.827
-65.9527
-667.55
1138.64
-207.001
-140.749
730.517
309.112
934.289
382.772
966.212
552.301
169.239
1588.45
135.055
-114.009
-626.148
-1040.88
-46.9681
20.2664
-489.91
601.108
-239.439
-944.086
-804.905
524.256
253.916
-931.384
544.228
840.963
-743.655
115.641
-511.489
-131.503
160.866
262.433
-338.087
-674.607
209.122
134.682
-167.98
330.303
414.201
591.961
305.183
228.349
52.8012
-461.37
797.552
-573.544
-154.742
740.613
-496.123
167.529
733.11
504.104
-147.316
551.197
-86.839
1323.36
211.141
754.952
-521.102
-334.503
-59.5827
157.821
-294.051
-402.587
390.206
-405.798
345.121
299.841
356.526
-18.0281
-58.4948
167.017
362.432
814.62
1098.86
-171.844
-1315.81
337.85
-1005.9
-29.2743
-429.185
-282.531
492.06
629.338
-472.98
355.468
684.538
84.8697
964.486
-331.846
556.151
-282.193
514.725
-472.462
200.367
-805.237
-607.906
170.594
416.826
-706.534
-1109.61
53.6545
274.703
617.95
118.349
-24.0769
-346.223
769.753
379.585
-104.083
-1560.67
-823.011
338.734
1012.88
-179.612
353.943
1310.1
212.008
-896.834
-342.665
-1136.1
357.308
-853.69
484.62
-1112.62
920.003
808.977
675.049
-222.733
-246.004
497.268
419.316
-52.6586
-102.575
1166.49
1016.2
861.778
373.826
1102.24
-575.337
-1621.87
-131.965
-528.705
227.77
119.55
275.685
650.418
-587.019
-284.354
120.087
334.983
86.4849
-495.228
851.046
1378.22
1022.39
-518.362
602.632
359.813
16.4051
-68.346
842.124
496.769
1208.99
-456.343
-264.228
-403.544
601.193
-626.798
-339.298
-587.829
-319.678
477.307
-196.688
-119.256
-486.812
193.232
-170.979
840.574
-522.84
313.655
1055.71
-37.5623
-427.997
799.113
-1158.34
-231.406
251.63
-72.1139
-435.091
-693.151
-692.178
725.779
581.119
1.43478
-5.87134
-307.112
144.068
-953.143
167.191
-168.149
-69.1749
-72.7906
385.425
1278.8
-696.89
583.693
-997.234
325.644
280.294
835.996
504.929
-1067.95
351.541
79.9777
-991.751
533.06
540.766
1003.47
799.309
22.3731
-145.876
-111.558
97.5027
-53.5841
857.899
-741.842
-866.225
140.319
85.7767
64.1489
559.259
258.163
1117.4
-486.172
-804.857
222.224
-845.535
30.9132
-575.349
-161.567
687.839
655.418
-358.83
162.63
524.161
868.64
-331.178
-674.446
-814.509
-1316.08
143.247
-685.326
-560.024
-785.975
112.056
-312.403
-11.1519
654.831
113.932
156.82
311.546
555.705
565.266
-1012.89
-658.381
937.868
176.976
-646.295
-198.098
-71.0186
-251.152
-926.976
-238.579
-122.468
-365.008
-458.692
164.527
181.093
-386.123
-177.158
714.021
-214.009
134.147
-1218.31
215.718
-657.866
-376.192
-136.45
1302.24
-759.197
784.675
-1064.19
-231.63
281.234
34.4277
-1016.05
-240.054
-229.302
-132.051
140.684
410.555
180.042
-229.492
-931.198
83.8407
580.723
-70.1621
-218.139
222.258
1207.53
368.412
499.686
-162.018
802.108
214.599
101.694
-366.569
289.714
75.9657
781.497
-560.476
121.336
674.563
509.28
-639.605
119.951
192.342
4.8615
224.125
-193.173
232.378
-47.3962
-364.031
-0.947573
-680.51
491.924
20.9995
327.059
263.392
868.084
688.635
-913.701
432.303
44.3288
-90.8304
735.103
196.409
1146.37
-402.751
-229.908
-12.2086
388.761
-184.926
-946.395
33.042
-511.305
-71.2405
843.236
-1021.47
-1277.24
-500.217
352.079
-1001.43
382.564
-272.073
-542.431
-176.601
-371.639
386.208
1088.28
382.138
580.139
455.139
1083.99
826.23
591.979
-296.717
-67.022
962.297
533.536
764.271
-74.3637
-60.9355
164.346
-1127.53
626.499
833.73
-139.18
47.7926
893.041
-240.467
-420.63
-90.901
-200.771
1066.3
844.217
691.551
1794.55
394.185
76.5028
238.851
-1248.78
96.1207
-824.748
-492.34
1184.77
-576.736
-257.451
475.292
419.936
-584.01
630.376
848.216
637.635
728.052
483.231
-799.212
186.749
438.15
173.911
-374.051
-541.382
-372.358
705.754
-740.285
-648.318
-216.027
-103.616
-251.936
723.38
-377.786
-1419.82
297.058
869.608
708.651
551.584
1088.46
-346.273
-564.54
-202.372
299.967
313.249
86.82
338.294
820.766
-292.29
-1217.4
-417.615
574.593
-450.858
157.777
-329.911
283.264
901.555
-478.326
751.002
-601.558
-809.978
-101.153
-1443.7
25.5563
13.4201
509.298
423.206
-338.237
594.22
-443.338
319.949
414.25
-401.364
-149.962
-291.806
366.469
932.541
-266.04
-159.09
562.541
-662.443
-928.855
144.514
-71.4716
-1114.21
-139.623
1159.7
-1240.29
536.285
580.519
-1173.83
-472.849
-642.78
-187.91
-627.833
79.9158
1208.06
224.752
1081.35
-294.935
-4.36447
-854.243
11.2519
94.6784
-263.775
199.955
-432.294
1100.64
634.968
-212.415
-138.238
310.674
834.387
-58.3302
-230.079
-15.6873
157.163
1061.15
263.322
302.017
-389.475
609.125
-718.391
-918.055
-215.117
1097.88
-85.6234
61.74
891.895
52.9331
-31.2563
-553.487
318.857
-519.941
-71.4394
401.686
-644.125
-401.565
160.876
-142.199
166.08
-371.001
56.2895
-872.21
-625.835
549.881
1014.72
-567.536
72.1891
255.975
171.718
899.404
523.636
-474.239
190.704
-903.702
399.727
-158.268
-937.433
677.358
-459.195
-975.173
-654.679
954.774
-63.3745
-569.785
-310.069
543
987.135
796.897
1219.87
-1120.53
-552.678
922.333
421.074
1244
1055.34
-446.37
340.975
-155.335
719.01
459.263
-412.355
-26.063
711.687
-411.772
617.706
192.49
806.87
-244.721
-1023.23
151.698
-34.1939
1111.65
743.547
218.829
-552.383
40.4989
-685.195
-578.326
208.67
814.662
-897.715
663.775
-269.599
253.875
-812.927
1219.48
460.622
72.5987
-398.79
460.17
1027.14
-767.173
-335.661
1147.82
-430.548
470.002
-91.6208
651.971
205.552
-462.243
944.296
765.034
262.162
-578.253
-863.259
-984.023
528.274
159.391
-422.143
-250.093
-339.77
-738.979
-85.1239
-635.603
-539.169
-883.898
41.9063
-578.563
-386.991
-358.449
-583.563
254.291
274.504
348.256
-845.945
-533.388
1381.75
555.409
442.391
356.382
917.207
-668.82
482.036
-831.675
-155.579
379.451
-303.64
663.207
-105.029
-1108.26
200.252
977.167
-614.269
589.87
-1135.03
-37.993
415.743
363.204
250.128
-144.87
785.241
-848.96
-26.4062
307.134
189.053
-183.472
601.084
375.104
925.278
684.168
234.943
253.101
-234.741
609.884
-623.447
-1071.44
-76.529
-975.857
-1018.22
-230.735
-760.38
-288.423
206.064
-257.209
571.026
318.168
-86.0046
201.987
239.884
555.043
354.452
388.033
144.495
288.871
-239.08
804.211
-764.326
27.411
278.875
-778.932
-869.901
-600.108
670.421
-855.82
218.115
-725.085
-661.908
1212.61
415.841
711.612
311.49
-360.15
16.4155
198.246
-110.466
439.561
705.866
-1294.77
626.044
-89.8823
-1204.07
446.225
-211.276
499.649
514.128
480.19
986.936
510.293
554.335
1019.19
69.1538
596.337
450.421
175.272
-230.597
227.062
740.503
-697.945
204.139
1097.33
-208.782
1032.74
871.711
-459.342
-351.374
62.0775
-223.125
-305.888
-802.386
-784.153
71.8073
565.966
159.451
170.667
-226.604
1019.18
161.27
-491.266
-793.291
477.813
152.215
152.323
-1003.95
-846.305
1369.34
-298.555
405.284
-79.4199
-60.7813
510.646
-568.613
-617.489
-173.401
-263.081
-171.868
-145.397
-93.53
356.923
1337.26
234.138
-320.581
700.484
111.625
653.758
390.166
-1073.76
636.328
544.083
-616.099
160.986
456.319
-223.805
-364.392
1096.26
109.61
-146.695
373.143
-356.951
516.344
159.134
555.4
330.864
75.4903
185.904
-400.518
-130.534
977.87
314.505
261.505
-744.032
584.612
531.441
573.547
-134.272
-355.7
-1405.7
-205.643
34.4012
-429.117
138.754
466.285
1039.43
-694.247
497.257
264.727
-23.2162
-144.618
-721.264
-347.49
-218.363
614.121
104.009
198.124
715.222
338.986
-21.2939
521.29
31.9468
569.339
-857.34
92.1017
695.095
-216.808
117.052
-380.16
132.268
-57.36
308.812
1081.75
547.497
918.761
431.702
-497.665
796.81
-1049.12
-603.989
295.19
682.659
153.481
-66.7212
1296.92
-1199.55
224.873
1303.61
-549.823
-1257.87
-137.557
254.953
-86.679
444.269
1035.49
66.1124
-895.916
-584.856
1571.6
676.938
-565.273
-211.761
-22.9441
779.491
313.123
-728.24
-243.088
739.497
342.848
963.779
-485.324
443.99
-163.761
54.8265
-322.329
421.811
976.206
458.701
518.53
-353.429
-488.176
-813.158
503.899
-121.078
425.452
-203.834
-446.508
-876.725
61.3059
-1267.89
402.277
178.271
-325.155
-483.28
559.953
-448.882
19.2454
-392.073
-39.5954
447.825
-706.938
-196.815
-576.061
-966.738
189.888
-673.677
201.408
-70.0507
-420.302
816.367
833.122
-92.7591
318.509
816.447
-649.066
395.352
783.311
-762.36
1602.54
1022.88
285.19
353.04
875
654.507
-835.806
889.348
304.166
-141.446
-270.773
410.097
311.555
241.448
-63.8372
-577.549
-439.115
-2.61463
613.507
146.833
-399.543
-1034.82
98.0734
-199.023
792.451
-613.268
148.347
121.982
204.453
388.839
1485.16
-160.432
-891.715
-604.579
-314.317
-1410.14
468.296
-385.709
426.939
-78.5946
367.56
1394.8
-417.885
-113.415
-503.233
-332.073
-22.3799
402.313
358.206
240.132
-113.563
206.082
-490.268
499.762
1176.01
-162.875
4.42677
-104.656
-283.477
-609.258
-870.989
1230.67
-510.211
7.55492
682.971
1426.68
510.303
-451.763
961.74
270.058
482.357
-652.504
458.197
234.462
-394.958
-494.783
3.30538
-259.583
1081.46
111.531
489.72
147.395
178.105
1333.07
87.6273
67.3975
855.052
412.957
970.094
-726.567
-83.0633
-564.677
541.702
316.587
-97.3735
89.0937
306.806
50.1155
-159.801
1065.07
-15.9232
-755.282
474.571
-36.9111
-38.5804
201.462
-397.741
523.181
651.725
-475.805
-977.549
795.694
947.385
413.865
865.383
-82.659
1517.79
-62.6636
-377.177
569.922
-775.445
1217.38
647.778
-80.2399
-665.041
458.608
274.957
652.492
-1336.98
-544.448
797.278
101.514
-3.57313
787.527
1163.62
-114.695
-407.341
710.262
-633.158
-730.867
-218.431
371.305
510.842
-439.344
312.123
-261.64
267.404
-1010.83
215.994
347.255
-50.1953
-522.088
659.26
831.089
872.205
1267.11
-236.139
386.795
-310.96
-793.44
604.683
-803.853
557.891
-10.9217
167.693
-878.126
282.854
674.589
1078.49
-261.642
-603.531
-864.888
-303.065
1077.56
-835.509
-1015.74
-312.875
76.3866
-512.642
158.025
-807.765
-36.6405
-226.539
-310.048
150.438
213.817
-234.294
26.8783
683.142
99.1504
-702.963
912.354
-50.5241
-426.343
112.804
-1079.22
92.8855
906.708
-375.442
532.828
-362.818
123.156
376.812
569.012
1428.12
-297.926
-275.856
-484.41
1030.58
131.23
-728.727
-565.991
-48.2097
-384.573
355.978
-421.732
-45.2322
88.864
-369.852
13.8752
243.006
-612.977
584.23
605.205
-27.6602
831.928
-402.021
458.977
-628.018
611.761
-478.557
-495.037
-502.638
-162.82
-16.3898
382.486
-716.918
476.421
-762.778
-116.961
674.224
952.174
-409.244
-597.252
-518.159
-71.3225
-976.547
27.6567
-957.198
-243.802
776.62
562.343
996.459
-1571.12
-29.3565
-388.183
-284.095
402.432
-23.3305
152.879
922.287
-65.5468
396.274
-1028.36
-148.707
-509.234
352.346
706.577
493.701
-843.446
-274.364
19.0789
467.88
-708.69
-9.78619
469.325
-88.9993
284.696
627.787
752.702
482.491
303.171
23.6858
223.819
-622.912
914.929
238.1
707.745
-367.612
-644.052
-734.957
640.637
230.024
-870.33
2.02696
-1125.38
1105.51
517.877
717.878
-343.533
184.534
-741.52
221.806
-462.275
390.025
122.967
584.984
546.347
62.2756
1224.29
-44.255
101.307
964.428
278.435
-566.235
-672.271
-1006.29
-34.6228
-533.692
-1020.14
296.609
81.8848
-174.569
323.761
729.425
394.794
-507.877
1238.47
-658.292
-747.342
210.218
245.058
446.899
204.705
396.931
-263.596
-413.068
-614.902
-841.047
-535.08
995.884
-972.47
-234.135
189.668
-1073.74
661.967
115.278
117.314
244.473
-111.228
-380.131
-430.46
139.763
800.328
65.6016
-667.322
219.758
1548.94
299.406
473.075
-449.617
-178.776
298.75
-541.884
62.8075
-234.026
80.1727
414.581
-606.911
-153.556
-1152.56
383.595
-378.532
522.377
1218.68
40.1576
-400.216
-344.201
1014.98
-688.329
-617.23
243.8
-621.902
-310.238
765.64
1434.74
695.243
-807.953
-700.875
283.451
-572.425
-192.022
133.633
-27.3774
336.726
-827.264
140.061
-868.476
69.156
221.543
311.766
-538.971
72.7833
1207.23
-775.886
-474.645
1063.26
-339.568
412.068
909.903
285.229
-93.4596
403.491
536.945
-69.1125
146.102
-689.811
-206.059
-375.708
279.514
590.943
-136.227
-821.748
865.519
-503.312
716.08
368.541
294.206
-1441.84
556.114
1013.17
-314.32
714.528
328.559
-835.351
-709.381
-246.262
512.441
202.22
-143.107
764.205
542.279
1016.51
759.322
381.268
208.766
-323.611
1404.99
1289.92
60.6405
224.642
78.2194
703.118
-152.731
259.416
-50.5659
-399.502
396.433
1125.68
406.249
-717.176
324.815
1103.19
-344.407
815.326
-313.769
693.313
-648.701
31.0687
-263.071
455.576
-52.8168
-314.173
-144.446
-71.8892
204.082
-902.337
-648.73
-312.899
-331.402
-980.602
326.556
-372.384
37.5277
550.12
-549.289
739.906
-831.02
66.0646
-659.157
-175.062
114.623
-500.39
207.54
482.18
-211.775
54.1855
-848.678
232.998
327.376
-40.0275
53.2052
103.462
516.11
-199.381
961.903
-607.339
131.838
631.413
-98.1549
-424.654
387.606
-112.126
669.433
794.499
400.568
584.36
334.792
739.213
528.839
-290.857
-292.122
-456.852
27.8119
-413.936
-566.356
61.4588
32.5977
-418.307
-269.736
-146.91
-733.808
1167.75
458.642
673.418
298.768
-466.757
960.156
-377.621
-1259.09
-333.901
197.868
22.7225
-420.283
637.88
-217.574
-668.339
1039.27
-1620.26
868.971
-728.877
-59.2035
-423.444
-387.588
-216.941
-214.558
260.916
218.231
-616.077
-157.335
-434.789
-1164.05
235.721
-40.7933
512.953
-231.479
574.771
169.282
-738.792
-62.9083
92.059
-446.391
-696.088
-631.546
-90.3684
184.751
-444.006
142.203
-288.273
316.953
-314.414
534.162
1288.65
-207.453
818.382
287.078
-206.746
407.783
816.492
-864.149
-212.513
-684.84
718.617
794.986
319.58
43.0715
953.064
525.488
405.844
997.201
483.859
186.727
159.868
427.869
-91.8087
349.207
391.869
-1411.92
5.60845
720.604
337.43
364.064
904.715
116.413
-211.23
90.2103
-1123.74
636.545
-43.9548
-514.015
346.457
-752.537
-1081.47
-375.053
214.729
551.065
-51.393
-797.828
288.034
-671.495
489.708
71.6587
258.131
-490.085
-591.992
456.617
-554.006
15.0273
-841.373
715.229
1411.87
301.307
376.989
-716.885
-471.277
-413.29
1309.24
-390.431
-203.969
83.0823
280.108
-834.998
797.247
-810.308
567.047
698.924
-466.135
219.896
183.968
-5.79938
-203.513
-104.583
222.622
232.376
161.431
5.64189
-152.934
165.464
-712.705
-693.55
-860.565
111.294
170.561
422.365
296.4
280.735
-523.769
325.74
-108.493
120.519
-504.207
-262.991
633.572
-316.986
533.731
484.668
97.9049
-44.4329
180.846
517.651
-318.05
91.0398
-171.414
-1255.22
-496.457
399.104
-128.163
119.263
668.667
1237.63
704.865
-68.6223
-572.109
-263.429
-878.343
-625.013
944.533
357.733
552.112
863.893
1118.3
688.838
1071.59
109.159
-64.0385
805.372
-29.5102
189.711
-957.751
435.228
-956.832
804.414
272.927
470.854
1014.11
-850.233
-54.7282
-46.3241
-659.435
-1035.7
-964.959
-62.7839
397.832
-196.013
-410.837
498.232
639.456
654.947
444.699
-70.8615
-867.36
429.282
-88.7761
-235.54
-428.023
94.31
-280.237
-263.947
585.506
-551.872
454.105
358.849
81.7366
-93.3013
-172.095
239.016
-74.9876
1446.51
-24.6951
-473.866
-300.939
-347.462
817.333
441.862
352.016
124.919
919.159
438.354
131.161
-779.102
536.664
-1009.25
492.588
-270.984
1291.15
680.407
275.513
772.035
175.057
-347.858
432.245
-326.867
14.789
491.391
82.2725
-874.257
-862.596
-11.6595
506.94
358.224
482.166
702.555
-119.209
194.058
-363.539
710.754
302.405
141.385
850.683
-802.261
327.997
575.638
-966.578
779.626
-184.986
941.138
980.28
-440.754
-151.718
-1286.06
-234.316
-304.525
-890.128
-100.446
-969.446
1086.96
-795.121
330.458
1047.08
-729.111
-40.9107
-144.6
114.848
1135.9
-474.336
-831.779
-380.034
-244.352
95.5538
-490.951
-1151.18
-299.951
138.556
-726.591
311.979
78.5268
341.708
-233.082
-1104.09
-596.831
-155.128
-773.115
-279.411
62.8588
-321.462
317.682
640.369
-219.809
393.786
-180.782
473.456
990.529
-123.176
-120.211
53.3187
558.563
983.425
102.947
-823.367
700.348
-332.677
778.857
46.6116
398.844
461.204
644.586
591.804
230.65
-153.271
-161.059
278.825
-621.749
690.96
95.2918
1058.96
-972.098
157.605
1260.8
-48.649
619.027
-233.073
-312.449
1409.98
-621.525
182.915
455.777
117.483
-321.617
-358.103
-945.46
-301.815
-185.187
241.095
-251.478
-832.558
692.942
-58.8759
241.145
419.493
31.9037
-247.216
-452.242
528.563
-963.495
-171.829
46.0554
-801.945
945.541
1194.74
343.25
-641.238
-638.959
-352.711
404.137
-1170.25
1203.73
-667.018
-437.414
161.79
-129.792
746.661
357.325
-217.636
-475.148
661.731
-4.05394
1411.48
419.515
-262.791
11.0145
434.554
-145.691
-16.4396
580.063
-69.2591
-494.4
-269.307
133.691
19.6318
336.683
326.153
-252.898
-42.9832
-45.9241
-462.428
-272.172
8.30418
-787.132
42.6534
38.918
206.873
402.755
-264.494
-25.6703
676.613
1133.58
-372.704
601.805
-596.823
-381.616
-826.448
19.8818
372.756
265.299
1019.27
-424.982
37.6733
758.064
278.903
540.721
487.887
-925.453
-108.482
421.916
395.549
271.263
-36.323
-292.746
479.158
669.239
-200.199
-248.95
588.594
14.3658
-235.008
-420.967
-447.621
-735.563
143.02
-45.3543
-28.5999
1545.49
276.489
255.485
393.482
784.953
704.291
371.944
510.841
-16.9038
116.715
68.8937
-469.049
-440.755
1248.26
-239.762
157.907
-727.922
587.861
1274.83
379.319
-271.254
894.929
-266.059
-360.156
-771.216
-650.87
315.091
-126.126
986.945
-221.669
1145.53
596.73
-240.676
-915.623
534.633
859.074
-651.384
-674.505
774.584
-191.569
240.84
619.659
282.513
810.179
-691.63
389.391
-409.316
-523.327
849.321
612.585
172.828
895.934
1140.63
1037.32
634.421
149.728
156.217
-1311.56
-2.94499
917.626
273.297
286.221
-64.2943
511.807
-642.974
-175.869
340.737
-392.941
-330.052
-17.6162
311.585
520.153
1257.14
474.178
157.873
202.693
449.288
-9.7784
874.627
443.942
-1137.44
40.7664
-508.273
68.0337
-356.411
162.248
-53.8882
404.717
-547.478
995.621
176.819
-753.789
-338.844
-213.585
-160.894
169.488
-335.225
-186.044
-219.217
209.447
155.471
-643.964
-45.2955
-734.5
71.5729
1121.84
333.471
214.043
131.879
200.114
-19.4418
-220.134
-535.701
-96.6436
-146.595
1262.78
-15.2121
200.872
-960.48
-301.906
76.5721
634.275
-641.348
868.018
-1314.12
-1134.93
12.8239
188.367
-283.63
238.102
927.967
235.321
67.7337
-810.156
-650.931
832.516
-631.414
695.034
306.924
-1057.68
-167.107
710.956
-1153.31
-340.447
18.863
458.587
-267.9
215.634
659.817
-120.685
-794.976
345.327
346.474
274.77
356.422
-406.117
481.468
-405.546
-176.645
435.036
-982.512
990.035
127.798
529.425
939.139
-546.327
-208.037
689.381
1055.33
-568.791
43.6192
902.147
-322.603
200.635
-255.837
-448.484
588.914
-330.678
-999.22
-791.608
-261.46
838.343
-1138.49
249.603
222.219
-598.873
-176.393
592.324
-315.889
1077.31
17.0014
676.345
629.539
585.47
-148.669
-610.332
420.135
-809.053
-611.269
-431.618
299.589
740.982
649.354
116.066
-691.5
583.648
-337.754
-710.468
180.944
516.613
5.13318
-294.058
82.0532
-1237.91
509.69
-75.3293
-1139.11
1250.36
732.309
-93.0901
-513.524
-181.402
-1002.74
555.779
295.034
-953.293
39.0924
399.376
567.038
512.811
261.16
388.333
-44.9956
83.3079
-285.497
820.248
668.661
628.584
707.226
-1.53423
-468.83
-12.0925
922.277
112.535
-67.8237
13.6741
306.791
1019.76
75.2644
-192.919
84.7687
1148.9
153.504
-817.876
788.173
444.525
-616.57
-593.601
-665.514
-455.908
-1013.92
-670.654
-1064.11
867.213
212.019
-627.526
-59.5385
-337.811
-100.935
-539.398
-642.714
340.038
289.667
-518.645
-40.2385
733.303
-478.098
426.894
-152.138
435.523
295.981
-500.214
443.635
1171.43
395.545
-1258.71
300.9
744.569
264.542
-464.761
317.593
-219.442
-664.975
232.803
-79.9516
17.4972
-360.677
-173.044
362.026
-72.7721
517.258
-20.0756
-263.284
746.549
240.275
-761.492
-227.298
385.645
-323.226
-720.406
-144.454
317.361
243.243
249.79
-890.447
-267.005
494.116
-456.324
-752.304
-27.1526
788.118
-83.5917
598.312
270.009
99.5343
434.146
930.258
337.574
999.752
721.256
-58.7249
-1019.34
-966.275
273.447
567.508
465.649
288.389
475.038
-413.405
609.551
920.756
-223.567
1134
185.75
293.686
934.837
-130.364
427.87
370.657
-461.786
207.649
-453.834
343.03
-59.3987
628.676
350.201
254.457
349.592
1195.3
-101.787
584.783
11.3636
-680.474
276.614
-1140.36
417.036
548.104
883.492
-596.487
-92.2289
113.971
376.526
284.483
-535.681
-312.242
174.412
-675.956
-960.95
-482.407
-457.364
-1390.83
-309.604
150.933
103.379
1460.58
-1326.48
-364.369
-216.557
284.353
-583.51
165.193
316.856
-517.994
-413.383
520.577
-493.381
432.678
1196.52
-753.452
-515.074
849.103
-293.776
-344.418
213.798
189.646
522.271
685.376
-222.864
645.703
689
831.245
1133.4
163.443
-284.246
-352.871
342.33
-919.031
1360.65
139.076
-707.211
273.119
820.09
1423.13
193.606
-204.856
-123.486
-12.3923
793.371
-591.322
-64.4054
114.3
-20.0391
828.184
-229.331
1526.93
44.8558
157.672
654.454
-622.891
1036.22
-258.927
-1061.36
-400.635
57.214
581.625
-15.5088
-832.591
261.341
-459.99
-463.774
455.598
-204.292
547.685
1426.96
203.398
780.257
552.589
219.172
-120.262
319.957
-237.829
70.299
433.85
644.904
-48.6753
1162.38
669.257
-685.458
370.873
-750.663
369.046
569.121
-148.211
225.757
-813.728
-178.734
14.236
-456.593
1354.6
524.388
-479.365
1532.99
1.9251
140.955
91.079
-750.596
-1037.16
-417.77
352.505
110.096
-429.597
460.541
-718.867
554.66
-610.095
265.118
683.568
151.082
-53.7696
-56.5541
274.961
350.138
235.303
20.7849
1156.02
418.562
-444.624
621.915
-655.976
-932.79
-706.709
345.422
-90.6661
132.11
-862.132
-55.2576
1179.12
-92.9024
-564.101
-1110.82
696.72
-236.17
864.775
274.027
-918.834
267.21
-81.0839
968.745
299.906
993.112
-352.361
-824.519
596.015
-851.633
-243.52
-703.716
-117.194
341.278
508.773
-719.465
773.499
631.943
630.574
-753.71
92.6948
463.376
983.799
343.698
-94.5644
-217.402
-718.703
1221.24
-190.936
36.0611
50.4332
584.995
-550.665
1372.92
798.18
-92.7645
-256.491
-284.856
287.662
744.534
65.7637
-29.9767
-403.572
-594.55
335.763
292.596
440.205
1020.27
410.073
-570.044
568.2
145.792
172.914
173.397
274.155
237.783
54.4775
-1036.66
-452.778
158.15
-424.55
-581.889
-112.115
-420.032
57.2045
-274.888
592.454
-301.974
-18.1125
-478.2
309.613
-35.7973
461.959
-75.1895
55.9199
-831.585
228.26
375.466
520.952
-855.192
-7.09277
428.698
112.391
56.7723
-632.901
282.31
-751.877
259.094
-0.277115
36.8727
29.0018
-1009.67
-24.8148
-396.431
-1066.46
-347.807
-787.477
-498.624
-643.329
-268.549
-203.931
102.889
-9.72602
93.9055
-808.071
254.397
1142.71
867.293
486.103
759.887
3.20233
248.587
-291.668
-359.963
233.863
348.721
78.2421
137.902
-262.783
608.751
-254.1
-297.437
182.476
236.056
41.6057
1004.44
-222.954
910.452
-739.637
727.551
-124.042
-491.715
-411.261
11.1673
473.268
232.443
-473.592
970.556
-474.687
-230.415
79.2585
353.346
346.552
601.609
498.091
53.846
903.021
-81.7271
1264.44
481.871
749.735
-6.27295
-467.558
331.115
-18.4067
-384.195
1252.01
-119.232
987.383
306.73
-254.113
160.46
14.9611
939.815
1067.21
-287.551
155.999
557.663
1313.23
-756.362
330.72
-554.109
648.095
-815.831
-239.053
-881.432
282.191
223.409
393.376
-668.209
-165.132
425.51
-96.8998
-165.144
593.593
-815.717
853.892
-124.413
287.639
61.4314
1035.72
-777.759
-183.934
421.883
515.911
-69.4944
951.21
-1065.2
412.361
538.533
263.977
717.055
-561.69
445.698
-828.094
519.393
173.509
-424.356
-655.094
544.13
668.13
-258.824
-161.169
403.314
549.392
1137.71
-417.364
-933.849
-168.75
-124.322
63.6147
-361.499
-254.254
-488.665
-470.83
-384.879
785.508
-96.6226
-188.983
-860.161
37.2017
142.8
-150.162
-708.577
-294.722
553.185
-64.666
-276.304
395.402
-376.179
-295.331
625.625
286.888
17.6607
303.491
208.469
-569.117
443.144
170.658
939.555
-15.4684
-1206
-37.2637
-6.47392
10.4322
187.304
-317.64
654.78
-65.7359
948.863
-919.245
-457.612
-539.462
993.95
-261.27
352.151
-1289.72
-1064.14
186.74
-308.091
146.819
-563.937
870.438
-158.274
-643.927
531.25
-522.568
549.759
361.921
-65.0206
-3.65296
306.213
214.523
523.651
329.278
247.104
-501.701
271.437
-277.171
-550.448
67.8532
-603.862
-663.946
-572.592
-304.321
-31.3892
-1122.79
845.573
241.231
-478.529
8.04579
-278.3
515.383
-829.068
-318.333
-48.7179
657.438
-1154.21
653.82
609.39
-618.454
-1038.69
-748.944
533.685
-64.9926
1401.88
485.892
-548.136
-113.715
484.243
-178.121
-265.497
693.968
-299.7
-420.478
614.873
820.547
418.01
-837.139
865.848
900.71
-4.24077
732.11
1480
306.127
-461.037
125.815
1243.01
540.984
701.567
779.21
365.29
-40.7279
395.447
-550.363
650.854
-133.918
-446.308
135.333
-531.256
-316.836
-840.917
-354.869
-191.49
240.558
753.326
-390.78
627.266
928.956
357.391
179.597
197.191
-380.181
193.024
-414.61
144.624
-245.844
587.479
628.575
340.468
378.104
600.48
-439.1
165.99
295.766
-251.75
-420.303
402.763
211.77
-718.859
668.643
220.665
-649.56
1072.63
1111.58
365.81
-259.704
-339.761
-313.79
292.29
-903.868
-106.708
2.87009
111.978
1189.31
1876.36
493.842
652.048
-501.241
800.026
-488.375
-522.549
-274.409
-1408.97
194.298
4.77978
32.0358
86.8336
798.968
-810.946
-505.117
-356.49
224.309
243.568
27.9823
122.756
375.177
792.289
-172.825
-890.535
1469.13
48.6493
41.1021
-204.059
-1082.48
-136.875
796.495
328.782
-132.512
1033.88
-1053.33
135.02
-394.623
399.902
-286.253
585.001
493.308
659.296
-1039.34
327.533
-257.912
54.0759
-362.219
-550.509
-1240.59
285.469
-989.19
288.891
67.5212
-621.38
-538.765
-919.909
-47.6087
-438.545
-189.904
54.4412
693.426
-41.492
-56.9659
-98.5599
-400.663
-41.5733
452.223
180.805
4.47083
0.170893
261.578
917.565
424.765
-249.61
190.501
259.777
-724.948
-280.953
-739.738
1178.06
-222.044
-1045.62
-423.408
-1084.1
641.123
-932.107
33.5191
-539.19
-1063.25
-234.656
-705.983
128.867
292.802
448.614
-817.364
-591.417
-626.414
1282.27
518.544
1085.11
-727.555
-572.881
567.952
237.421
-137.748
-1072.41
842.075
53.1372
120.909
-375.439
445.235
-464.543
685.565
325.631
-258.312
99.0468
-123.443
354.234
146.684
-598.391
80.6178
-424.428
958.638
635.745
603.733
-29.5493
1101.1
727.315
-194.723
317.203
596.532
-86.0724
-1577.07
258.309
-128.404
618.854
224.234
-131.552
-1295.52
1334.51
58.527
-118.739
138.351
-858.09
469.393
915.725
749.459
1197.15
-185.095
-280.036
-753.184
-638.264
-227.175
1259.12
-85.0923
-552.192
1393.05
-316.494
346.099
-69.1762
581.419
-941.207
81.7999
-13.067
-490.025
-61.896
-344.473
226.94
-910.732
205.378
-481.184
-1121.24
798.782
-288.218
410.262
-352.062
-635.061
-320.719
281.682
-620.739
1068.94
1074.07
1.93714
92.7634
454.948
-378.707
-111.925
310.517
-84.4706
-966.679
722.503
-663.968
-633.768
-1331.07
-783.381
153.132
197.035
519.276
213.531
100.486
-290.906
249.923
215.758
1125.81
74.3803
65.1056
424.953
-806.447
-189.673
42.3183
-140.51
180.336
-33.0231
-385.403
495.471
436.201
441.381
-856.346
-691.329
-1033.67
-13.2185
696.134
-397.597
580.999
-185.206
177.49
-84.3948
925.697
-251.79
553.74
309.543
1373.57
-61.8993
336.605
855.566
-138.927
696.483
320.685
41.8969
494.487
337.991
561.257
-1134.74
994.378
-234.162
-197.386
368.488
64.7114
282.175
-607.442
1078.57
419.592
729.154
305.002
825.966
563.358
1366.37
-797
-20.9733
-103.448
-340.904
-29.6898
-170.897
-373.771
-300.491
45.8752
-214.764
185.91
-163.027
-114.014
-184.094
190.283
-143.962
-48.7626
-324.551
107.201
726.171
-10.1122
1.87937
362.776
355.281
-655.095
-263.916
-150.316
-324.855
-742.401
-46.8693
893.243
5.89803
467.563
-521.826
343.972
20.1444
-554.929
375.713
1093.14
-368.408
-1286.84
676.618
247.371
-175.452
-869.971
110.03
-1167.22
-574.869
384.61
220.713
-229.863
316.878
192.685
-234.129
307.441
56.7349
-976.892
95.8233
345.531
304.967
119.054
-24.2563
