1209.02
521.238
-212.658
396.226
543.9
782.675
2.43362
-40.1766
-196.168
230.191
676.557
-265.139
105.92
-44.8051
-242.289
678.652
868.164
304.702
40.7313
-116.206
284.639
608.895
-596.738
89.6855
-263.6
973.345
108.813
-385.846
-559.805
915.398
283.332
1301.89
599.644
3.26627
182.886
162.503
426.599
405.564
410.135
953.878
353.997
1622.98
707.969
482.784
72.2816
172.545
1121.33
1052.78
-155.467
698.798
-458.365
1253.7
298.082
629.485
-127.449
1614.24
-799.174
-335.922
-263.03
239.162
1078.44
811.633
1450.17
341.465
1510.08
-314.083
-177.88
621.333
870.158
1415.55
1128.28
1016.62
-299.505
202.281
-240.509
-518.031
378.042
-394.887
381.739
996.787
-189.264
1568.23
-138.196
1819.64
157.837
1156.55
527.915
312.462
1164.58
1365.24
1236.18
684.608
963.666
-11.0855
979.729
-252.686
221.341
600.98
836.312
1175.96
976.873
270.032
-152.529
-235.073
334.838
607.425
-27.7966
403.124
225.191
1298.23
1104.61
37.7395
-685.724
319.571
501.665
646.447
-297.496
1746
682.099
266.022
287.302
475.417
-86.4739
85.3891
310.612
532.156
-254.588
819.5
-802.946
329.775
-274.931
1409.09
-359.518
560.48
543.7
-544.773
1465.82
400.623
-987.949
1177.25
1709.06
567.357
1127.42
349.868
637.039
757.885
-396.176
1358.75
858.456
-64.8344
486.958
582.771
655.503
438.196
647.789
-221.486
-34.7954
92.6984
1065.74
1236.64
445.966
894.043
-156.366
-0.366909
848.392
107.811
759.506
1295.12
895.496
72.2494
686.901
-479.683
340.333
227.803
588.491
1432.22
796.42
290.647
-199.157
-145.75
67.2791
362.144
148.96
-119.729
1484.75
413.675
288.711
-66.8491
125.824
1068.74
967.713
-185.205
1259.63
29.4172
396.96
599.903
468.473
1253.35
31.6536
1133.7
-522.315
-132.407
900.824
-278.944
193.809
139.169
254.651
1048.29
-585.062
907.579
956.126
783.901
67.188
655.186
-24.5847
137.897
1108.03
53.4367
1225.94
57.1686
621.053
296.977
712.598
299.204
567.543
485.171
1027.34
203.631
-189.189
159.876
-16.3436
1324.93
-141.903
382.367
451.405
-264.333
403.404
-83.1768
605.69
490.245
1090.35
-699.487
-559.782
-409.736
167.096
477.152
-363.062
1175.75
698.292
394.521
573.901
-420.397
758.986
-675.997
164.798
1599.19
55.82
680.303
271.812
370.713
500.124
208.05
1270.25
738.878
-342.015
-77.2431
196.595
79.9235
-332.786
395.82
538.211
601.296
1106.47
-224.164
-182.66
754.168
588.514
221.31
584.153
-158.562
771.065
-424.688
8.39527
-247.083
401.861
144.311
-339.764
265.804
-557.37
455.69
589.643
1417.58
282.977
81.5941
1018.3
68.2046
-41.4419
1612.11
813.266
625.29
-148.056
1043.32
599.174
16.7617
1221.91
106.688
397.423
37.4865
672.31
204.099
816.209
197.888
616.899
-330.796
838.564
1321.47
-225.53
384.251
1023.88
1067.38
552.219
-350.376
-607.094
-59.4406
-111.509
586.912
1038.16
163.352
1441.47
-126.775
-325.686
753.631
1546.01
114.815
1646.83
248.324
831.098
450.735
444.386
161.242
848.047
1429.08
426.774
301.422
65.3266
-101.383
781.613
1591.24
761.817
484.683
1882.94
971.536
228.22
554.331
136.837
310.812
-324.76
411.673
-580.64
965.145
1083.59
650.787
1097.52
874.522
491.859
-103.442
151.217
-9.21669
131.366
119.368
1554.97
316.164
-608.792
1229.96
674.826
437.842
581.237
312.501
199.758
932.538
366.32
1213.94
408.929
675.581
-311.869
1264.54
825.052
846.278
883.106
300.47
-283.11
193.735
154.971
-102.606
-61.4287
1720.82
324.794
997.638
-101.806
757.158
-732.233
240.849
1251.19
922.071
102.402
-440.501
675.806
236.428
269.748
1574.19
-92.0138
-24.0461
1059.48
420.162
-395.812
-396.169
916.86
511.6
1266.34
937.991
31.9961
753.619
275.248
270.128
-595.376
1179.36
106.442
629.059
527.68
376.812
-160.591
608.167
-228.341
486.338
-268.791
906.302
165.997
1170.42
816.93
-425.43
1730.82
508.082
857.64
640.804
210.641
778.43
1208.1
246.514
1212.86
1924.99
318.623
427.891
370.759
1992.36
728.009
524.327
764.54
366.734
419.309
246.053
1148.54
111.307
-276.764
438.464
39.753
-390.45
140.435
405.762
1484.97
-24.9477
-12.8879
870.699
100.184
1213.6
793.112
605.735
-86.9323
1471.45
1102.3
435.74
-108.264
203.009
840.176
264.515
-168.281
896.36
686.558
1244.2
361.699
-351.706
166.066
595.638
1105.33
348.595
167.583
1308.96
-124.785
949.412
78.1366
395.224
689.087
791.337
1056.85
396.1
764.786
-374.644
700.193
200.626
557.005
105.989
261.54
1136.91
1279.94
69.3268
20.0006
337.768
290.888
1462.11
-566.758
-48.7947
831.413
393.14
-122.604
-194.112
1296.98
1344.18
-609.156
-162.381
940.123
1518.2
48.8778
1189.63
254.618
1536.02
128.983
411.946
596.875
957.313
333.097
-254.142
-170.819
399.805
466.39
878.552
547.369
703.932
-110.95
1084.04
1008.52
-279.252
1105.06
574.559
-496.66
617.819
361.922
82.6429
218.706
1159.62
87.9294
1047.79
549.61
-57.7194
619.518
1035.65
133.727
613.799
1489.26
382.431
1437.13
-600.458
206.066
1669.15
69.3593
393.202
-22.0856
1072.48
297.268
380.248
410.878
600.835
502.488
654.463
-412.197
956.583
193.821
1052.32
496.912
269.766
1137.09
239.942
-268.005
-259.657
127.065
-152.113
763.636
260.047
413.743
634.391
957.756
538.724
636.987
-495.103
-718.29
458.927
703.459
-587.464
-206.411
567.978
650.866
303.698
1191.04
551.733
787.979
1276.67
628.661
1680.51
614.019
1369.65
-572.382
113.593
581.046
-756.535
1088.3
412.681
40.175
7.7467
1522.41
759.492
1115.22
-78.3418
1989.84
864.977
115.956
470.74
31.9953
1532.21
157.89
1009.85
302.172
39.4831
616.271
229.733
-1072.63
977.807
555.723
55.7397
80.6562
98.626
929.96
-35.2701
300.561
985.471
1004.21
1639.49
155.969
1360.26
408.405
148.499
256.409
380.262
976.665
-187.967
916.619
-94.3715
1428.59
1068.62
378.009
1112.08
1327.5
881.047
-91.1626
251.62
8.19365
367.529
-143.2
-190.836
107.522
811.954
718.179
450.776
-62.6206
-928.547
877.142
482.621
900.826
735.82
1830.77
119.678
267.388
-554.781
655.668
751.489
888.937
-370.653
956.682
768.91
649.201
-822.438
652.656
12.6862
125.959
210.833
-880.794
1266.51
370.467
91.9101
479.979
112.401
984.35
1427.35
239.328
267.562
826.175
332.647
-228.109
223.492
598.389
309.275
540.38
557.547
258.196
98.8416
495.949
1151.98
599.191
-375.452
288.358
550.599
24.3411
633.05
344.3
1132.67
1323.68
1338.2
1620.92
784.787
485.005
849.173
1643.51
340.428
407.001
1513.67
-133.55
1248.4
1482.45
1102.4
850.541
965.99
916.98
-275.521
-266.051
8.69002
70.6663
927.631
-681.603
-379.235
881.623
-21.7455
754.005
678.759
287.05
259.766
641.31
-57.6841
1585.27
-260.705
376.061
816.189
1423.68
253.954
1158.06
529.516
271.525
987.687
706.221
441.241
1186.91
218.992
-696.904
595.368
114.451
180.313
572.836
1309.35
849.421
-664.78
352.802
940.716
371.593
215.915
331.915
516.321
-26.6851
-446.408
1293.6
381.466
729.263
823.846
1032.76
-55.1112
474.498
-42.7241
859.901
495.261
173.844
175.337
587.76
1320.88
192.838
173.812
349.936
1094.39
169.599
1162.19
-572.336
86.6529
600.128
-308.789
498.885
249.81
1305.63
-20.0512
1465.78
575.982
85.4303
965.555
1260.46
-407.621
595.065
527.009
-80.4525
290.743
642.989
63.2233
3.9957
318.393
723.403
-315.962
-616.068
904.413
292.658
541.604
514.395
259.215
1015.56
-131.821
-607.738
1139.54
132.176
881.17
412.566
480.901
1030.12
744.883
-738.97
-226.277
870.531
143.819
-131.577
578.344
770.166
340.627
317.759
1047.03
319.311
972.392
-431.959
361.575
432.147
553.919
1247.04
1154.07
385.258
845.432
852.776
-181.289
-240.581
75.2846
583.146
662.363
-795.766
1558.99
716.104
436.878
914.45
991.82
649.829
1036.37
824.653
-75.4371
774.099
-73.2063
342.464
-6.74616
-2.87417
886.957
102.474
939.812
274.785
374.795
549.479
21.529
1288.08
-206.875
333.155
246.343
-137.898
-27.6817
998.398
479.41
421.301
1190.87
817.273
-529.926
961.293
-290.577
590.536
295.497
297.035
1443.51
524.048
864.02
900.993
156.99
-300.899
809.281
226.165
-372.473
222.679
723.608
1115.92
1148.54
316.272
1914.42
-462.371
178.788
1521.47
-251.973
351.574
-493.501
731.598
-38.2573
487.514
68.047
1327.88
548.046
-99.928
-346.628
977.882
1128.36
749.491
185.669
-83.2987
85.0353
206.014
215.711
376.048
-112.306
-150.991
748.77
-178.228
