1163.32
-863.878
417.803
518.447
-258.974
-570.239
1243.68
14.8554
75.2138
964.181
565.515
291.304
995.888
-4.39497
-920.959
-87.9112
483.166
763.539
-391.435
167.651
-671.229
354.753
-372.209
823.111
281.32
-177.882
-973.934
781.179
483.603
149.289
-164.348
100.409
256.608
-333.746
-418.217
2.88357
-493.632
-1070.96
-975.637
444.217
534.125
207.089
536.313
1185.5
793.156
-218.009
255.505
-617.185
-970.57
88.0827
928.83
-369.983
-124.519
246.369
-128.242
-185.744
-395.455
867.284
432.193
-270.086
222.426
-680.723
344.783
580.407
-43.6568
-6.80933
482.735
-19.995
840.166
926.062
-92.3318
509.324
-741.12
126.049
-92.2174
172.887
-64.5212
-179.854
792.182
-806.381
161.471
1639.3
-431.111
568.011
366.817
-165.03
-735.236
486.47
110.051
787.551
506.331
41.9703
-0.372671
98.5975
-437.514
90.6944
-14.7944
296.276
-929.679
435.29
781.147
-228.28
363.367
344.157
1131.24
-135.476
737.175
-220.987
-101.786
-877.175
481.945
-310.543
104.7
406.315
-156.159
272.217
573.378
-87.9331
396.606
-84.4407
-472.471
556.011
-1080.01
-795.743
738.16
-332.846
523.982
-577.968
32.093
-470.474
-701.147
159.754
-600.57
-16.1717
788.239
-84.9395
1040.58
-223.368
154.925
391.456
-242.588
612.937
7.41553
-389.165
968.429
613.984
511.607
184.642
-187.957
-312.6
76.7467
-212.141
527.287
-664.856
-193.317
-401.16
733.895
-268.318
349.433
902.101
388.758
-299.509
-958.45
419.427
478.136
307.251
-56.9449
-529.353
1123.42
290.981
1175.01
-115.042
-325.781
366.745
75.2561
-179.789
455.073
60.1443
-653.375
69.4014
151.782
-1108.66
-885.696
-86.3775
999.192
-479.791
-365.045
-11.6278
-73.7641
190.807
-626.707
-1028.81
-307.935
170.53
-701.856
610.822
85.2271
792.107
880.587
-554.425
-140.581
513.626
-402.976
14.7919
-228.937
-500.062
-1331.89
-221.383
-537.252
407.739
-590.669
852.066
802.538
896.497
-267.855
162.832
225.964
324.345
68.3879
724.697
-549.508
171.925
664.847
-124.507
599.836
-227.289
1144.37
437.976
-837.16
-821.959
906.304
-956.812
-560.722
314.117
-640.136
203.272
-89.9433
-569.41
600.481
-543.779
-3.41315
880.248
133.956
-136.58
439.521
-573.502
-337.421
487.876
-495.959
183.986
233.11
-969.214
306.693
-123.74
1459.06
-667.535
92.5219
387.792
-83.3021
918.602
203.957
-400.899
-228.328
-873.44
487.504
68.1739
-492.495
1009.16
151.451
-90.3431
-354.039
1016.18
-420.172
-529.546
-427.386
646.704
474.048
194.174
-0.560477
950.569
398.294
352.98
184.932
865.388
-151.362
-372.874
1.7027
1292.34
-163.509
-662.033
265.979
340.942
328.648
355.766
1115.62
-1103.3
661.455
-811.166
-540.841
928.163
-615.758
103.584
-519.806
385.613
1351.31
1348.83
290.74
274.582
-671.734
-1117.47
-24.8414
-1267.44
-1346.22
346.017
18.7252
634.134
-413.915
161.38
43.6127
44.1714
133.571
217.651
-419.023
853.685
-722.551
-179.027
-600.141
46.5476
154.209
194.262
-225.35
180.716
-111.677
243.804
779.342
603.776
66.433
-256.559
471.457
-609.725
-79.9911
476.808
435.717
447.287
1009.86
204.193
419.807
418.574
394.183
316.21
-206.161
665.15
-94.3481
-362.803
-105.113
394.499
-694.155
-867.734
-512.902
1661.73
804.438
1071.53
-990.444
442.198
664.005
819.945
-1343.3
-395.524
520.159
333.411
-701.335
571.996
-32.8006
-313.787
-664.814
545.834
232.312
1255.9
-84.4571
1063.38
940.663
-995.932
162.736
886.532
-128.155
-1399.37
-572.016
140.811
-456.813
649.801
-178.976
541.567
-672.733
-376.197
1268.83
-159.618
46.5201
318.642
52.443
-111.927
431.22
964.429
848.607
702.963
-252.912
-584.568
578.049
-896.552
-606.61
1207.99
-183.284
-365.367
146.047
-49.029
-214.835
629.957
1043.61
-220.863
-126.717
381.484
642.308
203.055
328.203
307.845
743.018
514.759
-116.002
108.457
423.605
-291.479
753.892
204.686
494.284
-895.177
-204.277
55.0555
-158.255
1142.33
1094.49
345.911
350.965
-93.9279
254.72
-643.049
-563.171
292.451
-109.062
473.286
10.9642
-49.7671
-528.723
-853.56
-397.711
1177.69
362.539
953.332
211.258
910.308
-796.846
1094.33
639.077
55.9688
115.722
800.929
623.866
-896.216
763.487
-325.288
635.525
-112.443
371.2
427.463
747.68
524.374
-588.991
97.7128
360.882
183.723
-215.076
265.933
189.601
244.822
621.848
235.171
-92.2735
-1088.37
99.1919
1192.57
-73.5058
467.239
450.507
485.782
352.653
-123.466
-696.157
584.268
249.488
-836.986
-14.2715
290.21
-127.483
401.849
-453.111
-886.113
-354.143
311.959
-241.059
-313.148
-926.329
-427.631
659.921
1134.07
93.8108
-692.974
-348.993
605.749
147.833
92.3172
217.782
372.254
-497.595
-953.443
-620.772
-954.953
-352.383
762.673
361.965
-720.819
662.216
-5.06444
-235.183
586.961
161.872
508.802
105.076
1302.17
333.399
293.98
-220.922
-205.206
44.0988
-682.864
665.008
-284.188
-328.788
597.727
123.641
-644.98
461.118
-173.026
-472.812
645.823
-483.059
623.325
-68.2845
-475.239
855.187
-568.198
-272.627
-502.375
-536.767
395.531
385.394
228.628
454.342
122.99
-293.892
163.763
929.427
-147.122
-561.389
-366.902
-77.927
74.335
-598.976
-56.1279
-97.3744
1672.95
321.499
-284.883
-437.371
224.679
-35.1506
-1085.32
-640.401
-757.321
275.705
-468.151
-116.993
-442.031
62.5357
1.56838
87.0307
-455.192
-301.671
780.555
196.255
217.863
-1289.64
573.078
612.646
282.652
-93.6316
-60.4716
-218.065
279.946
-210.401
1272.28
839.662
437.553
-652.155
-373.63
57.9266
85.2542
188.71
-3.2871
31.21
842.008
-326.274
192.903
1107.74
-806.796
267.768
585.389
583.316
-6.10831
405.009
-335.179
542.38
1023.37
180.107
852.495
-327.747
830.706
-324.482
-627.376
297.01
1221.66
-707.151
588.157
228.901
567.035
1486.3
551.252
752.344
423.846
227.534
-629.579
170.075
504.51
126.161
1269.33
219.067
510.368
394.638
-453.02
-738.897
458.695
-242.218
-179.5
-5.85682
694.009
-670.675
-855.535
106.176
430.31
1377.74
721.265
-190.71
1571.15
631.144
508.779
1350.45
-138.856
-282.628
529.893
-406.824
464.17
-193.894
316.967
1067.46
414.485
413.209
363.282
1161.88
155.016
-565.396
-64.4486
243.878
283.961
-24.0254
-501.41
-143.347
-130.246
425.596
-1047.12
-598.342
19.8938
-67.5907
382.744
321.966
-477.108
937.572
610.586
51.6308
-176.246
199.689
666.683
494.788
1351.78
913.41
-210.123
-345.62
219.291
-671.094
788.594
298.578
283.559
-116.387
910.734
81.8561
138.026
-52.7235
-323.027
-889.196
126.436
68.462
1043.04
-123.608
295.679
514.24
290.682
129.595
561.769
25.5421
-160.031
485.637
-693.559
925.309
518.905
428.109
-1023.69
304.54
-60.163
-631.575
80.8633
1445.34
241.018
-375.29
1315.19
863.615
840.471
201.021
171.07
1148.98
-20.1416
-122.016
144.089
419.943
-321.391
-968.435
-352.412
-202.856
12.1999
516.821
176.885
-1144.5
-208.237
1165.7
-205.977
596.446
1066.96
426.561
-751.474
-893.481
-875.275
-207.513
-325.139
462.772
-538.936
-293.239
-171.559
-255.8
255.75
-718.579
235.168
-789.977
734.356
528.698
564.59
-408.519
-389.695
393.266
-237.119
-183.293
-194.995
275.251
552.362
323.276
-322.199
-164.723
-35.7642
473.58
-33.3925
-1085.15
1011.88
-402.258
-135.349
18.0395
-725.623
138.044
644.969
-485.199
-322.657
980.203
-452.613
-294.784
423.937
-788.894
-342.468
1095.03
-223.932
-287.936
-699.799
551.131
419.372
-472.865
346.52
81.7379
551.156
-229.209
528.162
-959.33
-441.328
-261.881
-1043.47
-1111.86
498.714
102.501
-990.61
1002.27
433.611
-337.059
308.852
-337.575
-479.554
408.742
-61.9991
-407.681
250.584
-472.012
-569.613
899.535
477.501
1067.49
192.492
647.489
-719.676
257.988
-165.132
410.461
592.363
-309.635
1034.66
-1551.82
-250.979
-632.705
153.09
-97.2242
559.681
-417.561
-131.162
-0.498312
-802.567
-797.311
-58.3704
278.369
716.107
1628.81
1283.23
-132.103
514.349
1377.18
-663.167
79.9058
-260.688
56.392
994.636
543.855
322.063
-68.9618
555.992
-102.872
67.304
-372.429
-668.739
1881.14
311.748
-113.47
485.32
119.805
-742.671
-416.936
241.407
688.356
195.436
356.359
714.93
-522.312
12.217
61.9789
252.424
297.197
127.284
51.3275
-27.3619
277.665
86.2124
-520.496
-488.759
501.086
1218.1
-417.749
-92.5263
-598.093
-373.149
-336.976
326.681
-681.163
630.986
1130.38
-971.52
407.304
735.195
-401.636
216.469
-111.604
142.194
-326.015
344.399
659.51
550.344
-167.869
573.193
459.557
-517.295
-356.914
370.792
-513.054
-406.281
120.978
-296.705
259.786
-103.007
-209.702
1317.33
22.8122
1114.98
377.12
305.029
-684.918
77.2721
1208.03
304.603
728.7
-100.581
32.7568
251.006
1192.68
-1224.35
-51.238
778.135
1419.4
345.684
601.395
1293.24
359.595
-1089.14
733.716
105.816
1064.84
-97.9495
513.992
-354.358
-573.846
744.829
912.683
1008.76
191.47
999.431
-629.067
74.3964
291.299
49.8255
373.908
-462.603
-789.34
229.216
-257.313
-719.921
-360.333
755.031
727.132
-59.1469
-625.789
-757.304
-414.681
434.391
-178.178
-590.605
-699.058
329.877
79.4352
-124.623
776.791
1015.15
-213.348
-683.339
585.095
-282.796
1336.68
482.725
386.948
-390.653
564.06
-438.165
670.71
332.111
131.473
-400.399
170.506
270.631
-84.2631
39.2314
-758.279
734.791
-147.097
363.534
931.033
-567.272
-610.913
-265.34
-707.976
-803.057
-233.974
231.661
533.618
930.245
456.157
335.144
-261.551
642.336
-273.837
-133.581
-205.985
993.513
-422.03
873.206
-269.049
-850.334
-644.676
713.956
-126.725
-531.308
-192.878
891.156
-71.0894
-294.962
-778.26
-768.134
929.516
1097.03
1211.58
-833.163
-1143.39
374.533
-179.773
-460.369
-236.391
21.1009
-64.811
-210.541
88.8717
250.125
193.342
4.06928
149.412
142.754
60.9836
-441.22
1036.89
314.882
-465.064
-525.542
-118.019
1055.07
3.31064
1221.32
776.993
-256.965
818.297
-287.707
-513.655
7.70365
3.1584
-286.951
602.34
-313.148
122.755
24.5058
-181.636
-874.485
-730.056
-203.262
-294.186
554.873
419.28
-242.613
391.44
-822.941
-391.409
1163.89
1169.29
-507.895
136.852
100.275
-327.208
-26.5288
-629.374
-246.701
-795.61
520.113
462.434
-604.794
-637.829
-80.6491
-269.877
434.172
184.952
-274.815
256.66
639.895
-839.491
-181.937
-279.627
-458.747
-223.159
-168.105
62.9504
647.981
-626.482
612.693
-519.353
-498.347
-242.86
-66.4422
74.5004
-642.887
820.664
19.6113
386.448
1049.8
106.295
-455.377
-531.06
-1197.48
501.401
447.225
421.479
955.559
-641.58
282.657
-395.618
-630.229
220.799
390.716
326.592
275.349
593.3
948.793
-131.812
31.8497
437.174
282.303
-775.504
-525.369
-53.8636
150.423
649.977
99.315
-1211.36
-161.001
482.067
812.928
-1060.03
18.0119
-1006.71
379.583
-187.289
1019.05
-300.573
-46.6519
698.694
-851.576
41.6023
1076.83
1343.05
259.152
379.299
-1287.13
-25.9358
500.397
285.744
-135.347
489.995
1136.64
-1035.58
800.871
-78.9365
127.063
364.476
1103.77
-550.677
240.538
-453.027
212.691
70.1624
36.4704
-343.47
-965.428
-769.089
-780.419
100.094
-834.247
471.612
460.131
-148.37
-634.219
-441.671
-127.982
290.797
-40.2769
-900.406
-60.4528
352.459
-154.252
-422.988
464.882
-377.471
551.736
961.841
-608.243
297.898
273.434
418.887
681.96
-202.99
-611.752
-851.2
555.498
136.952
-146.836
-506.437
-434.353
-516.541
983.901
-528.657
-728.485
-242.37
743.733
-550.801
468.403
867.335
-1192.01
158.715
229.945
-1192.61
-263.756
504.21
-144.657
-148.799
197.368
657.874
512.093
-496.182
1782.61
-555.681
220.431
516.42
242.384
-80.354
385.428
211.23
-84.3256
-329.677
495.822
-363.619
727.289
124.96
-488.76
1327.68
241.708
300.85
310.731
-22.0056
855.658
388.035
370.268
664.361
-219.413
1312.81
555.638
1026.65
-146.715
-349.764
383.508
-309.49
313.454
-543.032
-997.097
-96.4669
432.96
814
-114.48
-357.231
553.138
-687.437
600.021
-256.073
164.349
-254.003
-76.3814
696.973
329.941
-763.995
-146.659
519.93
18.2018
-86.6951
203.237
1094.29
-51.0616
87.4454
852.069
229.83
-61.8302
-850.131
64.838
-8.63483
960.347
-438.506
471.408
459.329
120.546
-487.782
415.626
340.629
-289.858
1138.5
565.892
-242.053
-219.574
207.913
-22.8465
-631.175
146.613
526.328
-340.619
863.662
861.711
-7.2726
-1428.94
-370.79
492.99
-120.481
487.052
399.688
-649.157
-619.847
-70.2195
-42.9242
-178.154
615.503
348.975
-768.329
-24.5532
-750.121
386.249
-322.831
47.8909
1130.83
-239.382
-410.835
-121.321
-580.396
811.252
-38.5955
-792.237
63.709
-456.225
284.275
289.329
537.679
865.286
-287.234
-214.842
879.298
319.892
431.93
501.3
384.302
489.208
-188.419
-475.947
386.757
-290.376
156.794
-191.492
80.3455
-196.334
-203.309
766.859
-648.188
234.892
269.685
262.675
1227.28
1462.97
-147.536
-373.012
-350.197
33.7106
102.441
-487.925
-193.684
-559.219
78.5345
-426.438
-315.523
630.359
622.573
978.006
589.575
-343.786
89.416
727.364
-711.92
980.466
465.118
-508.349
744.857
101.712
578.739
658.564
698.597
-151.911
353.158
138.922
-151.173
-422.593
-1216.39
-833.551
279.634
888.292
392.131
-512.219
209.831
-273.874
263.989
271.033
179.261
-737.233
-872.356
1211.9
-134.745
-485.38
208.032
-214.056
194.037
570.475
1015.81
-388.081
466.03
382.757
478.58
1513.06
446.081
239.148
-999.683
264.317
-317.238
316.706
483.805
912.487
-230.298
364.77
-687.157
799.978
-957.02
1235.74
-240.75
427.311
406.265
-137.354
-217.17
1742.97
575.903
-896.226
352.413
-295.573
834.558
-1001.34
602.78
29.1648
-215.381
1562.49
1164.15
557.264
-156.689
-777.261
-393.468
490.37
61.225
-678.301
367.158
261.13
-17.0613
-267.545
734.61
-225.846
383.473
180.001
-782.625
936.805
-956.271
681.049
-244.496
854.08
-848.079
1110.87
321.302
961.502
785.526
-714.115
789.11
861.747
-199.551
615.595
-1029.81
-49.4604
396.77
-542.975
-112.089
466.817
-142.455
770.212
282.871
-842.033
-18.0979
-914.936
109.463
-64.0016
-346.106
670.241
-930.205
134.854
67.2225
-764.961
91.4268
1420.34
-386.804
-104.871
45.9782
-771.931
274.905
-23.3855
-313.753
-843.59
-71.3839
548.686
1172.88
774.14
-19.9314
-525.605
-402.385
-880.962
1171.45
606.238
-391.652
-520.148
-331.892
1001.97
165.849
423.284
-505.816
162.089
-528.569
-954.312
136.409
158.33
-1162.54
195.466
-76.3682
-670.484
446.551
-887.733
892.878
-41.5124
537.346
-698.09
-943.604
-499.707
-713.938
-868.777
45.4629
544.166
1269.92
-893.394
719.891
1329.93
-29.2671
521.795
755.427
-243.507
-517.475
-274.111
503.872
35.4286
875.513
-328.166
539.821
703.796
125.331
653.234
-470.783
745.07
84.3756
550.904
150.119
-409.389
-835.23
398.424
-320.894
605.916
508.238
-379.908
-363.071
365.884
-868.845
-211.883
-137.388
317.654
-944.355
-668.213
616.822
-47.591
77.0034
385.599
-332.989
665.985
238.097
209.1
49.4909
388.732
-113.289
1438.01
276.204
702.051
973.199
-575.245
-192.822
-209.47
494.41
709.515
-526.388
-1128.39
502.64
-122.785
-40.209
393.826
691.224
316.941
777.463
-114.463
-8.56681
-88.1412
-45.8083
1172.56
-328.084
-307.979
336.82
305.42
-315.978
-46.8635
-499.044
571.894
495.903
1062
-431.774
-172.782
326.686
1370.94
-14.1248
-540.801
-115.445
-349.534
-16.4106
-474.266
13.263
-61.2903
523.415
1124.41
-1021.05
-18.4792
685.643
574.281
1188.48
-203.22
1047.3
576.937
-925.095
314.473
582.44
499.888
-507.767
-311.696
1104.13
-518.611
-1018.05
-177.921
71.4761
256.799
168.251
97.2816
-182.818
211.806
-33.8595
1237.46
-1264.46
-816.979
452.201
450.357
551.77
801.472
955.123
-324.886
14.8018
-120.087
1051.39
497.84
-663.022
698.339
554.279
-0.204067
1142.24
-164.337
-421.652
126.573
-5.55749
-182.235
192.687
-1158.29
-926.375
44.9732
154.452
-360.182
56.3337
1114.16
-157.743
295.283
505.629
237.389
-290.057
924.809
-108.79
346.725
-223.273
1271.87
833.845
1019.53
227.99
1009.48
-112.218
343.623
260.066
243.38
1166.41
1021.4
-304.209
-404.317
487.822
954.447
-57.9104
182.379
-1033.99
-609.514
114.919
-432.53
1018.04
156.349
529.583
518.21
669.298
-379.645
575.366
-95.3913
373.477
1105.26
433.12
-941.773
384.675
724.79
-283.163
845.394
742.006
-110.774
800.008
-677.466
-101.982
-471.743
-312.096
130.121
-507.94
-284.964
276.702
-7.05857
60.7034
13.5474
999.113
-267.482
-930.173
-167.243
-223.424
-59.1081
39.1632
229.996
-250.035
-321.036
223.713
-57.7464
-173.402
-293.61
305.37
0.145488
-111.541
909.89
728.056
88.7764
9.32117
-693.837
-969.989
319.39
325.885
344.886
-784.297
-562.974
-623.391
487.6
-614.159
741.176
-107.491
-162.408
83.3899
167.569
1237.97
517.34
922.382
351.329
-266.745
1338.35
797.388
149.275
492.306
126.96
-653.654
-925.717
187.38
174.356
1326.48
933.342
435.252
293.845
35.0979
-730.663
1012.13
102.909
-546.487
403.846
443.845
306.263
-430.177
745.672
-317.09
255.956
166.09
226.716
149.917
-440.54
-668.137
-396.55
137.818
368.887
117.782
-895.372
673.778
30.4062
373.855
278.564
86.0425
233.98
256.783
302.782
881.757
-103.77
-245.058
-1155.45
-328.349
-1240.98
617.957
1493.98
-633.222
341.644
416.076
826.439
-80.5838
-869.925
-452.198
-304.2
62.6067
366.341
294.188
-116.649
431.673
36.3341
-1140.83
1197.66
-27.2704
352.843
43.7343
508.601
239.589
5.16664
-721.781
373.815
-169.221
-1468.37
-732.241
345.988
184.307
-502.998
-514.705
319.375
-736.252
155.35
-1026.42
-155.057
10.2317
-118.249
-917.717
-1202.69
-295.235
256.314
486.784
-115.191
496.922
42.9076
156.972
-46.3668
719.099
376.413
311.354
-827.013
278.185
413.172
-41.8042
289.633
-849.482
-426.03
-320.439
-884.665
-5.54624
-673.543
432.799
-384.754
-87.221
96.98
772.413
710.794
55.0853
-420.483
112.693
1048.98
274.293
392.891
-285.119
88.2837
-238.74
404.5
-544.895
885.509
102.301
-800.21
-444.566
614.214
188.796
294.746
-366.704
-130.355
-230.008
525.31
542.981
105.669
-734.066
824.786
736.011
-552.29
-76.5135
1520.74
475.655
-454.584
-761.065
298.919
753.565
9.09872
-10.3975
93.3791
-283.308
856.054
358.589
210.974
320.88
550.173
88.799
84.0415
657.558
-597.764
176.433
474.278
-1115.33
-734.95
-864.794
632.085
1016.72
349.415
296.863
512.632
-41.2538
-283.337
-384.814
800.48
-1025.29
-352.126
-946.709
122.023
-948.777
-225.335
-450.393
216.341
-290.592
-881.162
317.495
434.755
199.573
-106.013
-11.2945
173.007
-246.486
485.535
1115.72
285.824
1004.93
57.6081
-347.192
-431.23
1181.57
-162.161
739.367
-600.334
-123.936
673.412
96.5591
-151.622
-294.47
1305.25
588.697
227.87
549.145
90.3387
-749.5
439.299
580.525
-159.382
11.5343
-1306.92
-221.109
743.265
-595.401
636.813
-830.118
251.455
66.0304
511.629
349.112
259.274
-469.364
1233.82
-389.369
985.192
80.3894
-673.293
-460.759
1301.57
-1184.75
-74.9971
-387.777
449.678
69.8244
-127.23
111.584
305.768
1328.41
-391.316
-50.6897
-148.205
126.934
756.236
-170.794
-158.834
130.062
31.9707
929.229
1160.55
-39.904
1187.93
-492.926
-341.289
421.982
736.181
-98.2051
474.432
-148.159
559.739
-227.944
932.256
1269.92
-446.345
117.799
537.55
213.705
136.541
-666.086
73.4524
-247.579
-284.843
-1115.41
-719.972
25.8014
-1130.21
985.645
234.746
740.052
-660.123
264.987
710.908
194.306
289.954
-814.056
6.13961
72.647
1108.64
-481.819
-629.151
-550.944
-417.57
937.234
1017.63
-480.327
102.122
-2.48915
-540.399
-421.76
374.583
238.526
819.208
-338.613
112.131
-181.709
6.58976
216.336
-12.5648
56.4005
-256.093
394.877
137.596
688.596
-166.282
523.202
-575.286
11.2819
173.345
-180.784
381.106
664.5
251.033
77.2129
598.027
1168
537.776
348.143
664.385
829.004
717.016
-939.126
117.36
114.853
-412.373
1268.07
-234.168
-1084.24
-263.855
-555.367
161.022
-279.575
557.159
-977.464
147.753
-837.475
-667.645
-1032.86
-445.589
620.053
-384.594
-512.524
91.8757
-484.583
-111.917
1483.47
657.625
-918.008
1118.35
358.277
363.41
68.1199
655.482
-46.3654
-507.381
378.148
578.239
-81.2059
-1274.2
-113.489
-321.52
461.39
-181.516
-537.164
18.1245
81.6487
432.896
323.954
491.229
-442.168
283.224
783.259
-1.52129
-938.405
771.497
-132.598
-246.31
344.553
-344.053
73.4366
63.6643
-28.359
-867.68
363.544
336.764
-435.285
-157.238
11.1678
794.215
426.372
29.516
619.955
-66.4418
769.82
-732.056
333.787
4.36753
-30.8402
26.1993
-362.307
-285.573
-157.82
237.484
602.768
-444.048
212.55
-87.5712
-127.308
-359.339
-45.9938
514.068
-208.759
59.4968
525.347
94.9378
-1296.05
730.458
-59.5551
999.875
846.848
435.154
1000.05
1076.15
535.468
-1057.35
0.181814
-486.309
927.148
267.877
89.6241
-649.079
-183.742
1079.66
250.897
828.071
-314.754
484.413
511.121
-142.061
-397.813
173.993
38.2913
181.34
566.353
618.615
485.839
42.5472
-54.0055
-220.143
-1266.89
-988.906
-70.4923
-281.285
664.387
-1261.96
694.427
195.652
-587.602
108.775
408.74
-575.582
876.431
501.405
19.4649
690.003
195.603
-1035.11
286.699
-400.576
713.045
749.597
6.59705
12.4068
705.192
-639.068
25.6991
669.766
588.605
-225.911
-1248.36
-208.614
203.495
-240.115
382.604
690.473
-11.8376
-722.927
826.817
-454.635
-640.718
452.793
1361.27
-493.907
-101.938
475.465
436.713
-26.3019
42.6871
481.455
-323.918
59.9108
214.143
15.1515
158.414
200.722
486.514
-454.718
298.935
618.33
136.517
740.152
46.4248
114.606
-229.446
-73.08
316.412
438.42
160.823
315.977
308.05
-31.2985
396.681
-598.436
640.806
7.81287
1312.45
249.796
38.4303
-816.427
-518.953
574.866
510.114
551.664
234.875
1261.26
413.7
998.291
186.909
140.354
1121.89
-1190.26
687.743
653.291
307.312
-1246.53
-519.507
-76.1694
-87.5083
-664.993
-516.34
-580.612
-14.3225
669.404
-467.943
184.166
-429.348
174.405
351.354
727.438
146.89
-132.599
409.218
-679.637
637.234
655.703
1.85241
-514.28
-179.484
-415.763
-352.973
179.125
406.437
188.23
198.757
62.9824
-292.005
-1195.77
1534.08
-288.039
1551.78
-706.298
1037.62
-885.852
-452.826
557.235
-884.029
487.62
174.306
-514.511
511.694
266.899
42.721
-97.6965
59.843
-14.4352
-816.788
964.439
520.967
-902.004
-33.0475
1297.27
80.2499
-457.165
693.434
240.621
-124.107
66.6392
472.093
662.064
77.648
-466.592
235.879
360.457
-302.163
708.848
384.387
596.454
-599.977
1240.04
-1014.92
-356.122
1210.81
81.2507
-277.315
-985.674
174.864
-169.419
502.943
-380.734
254.628
-165.185
-421.329
745.174
456.496
442.584
72.4949
54.5127
619.413
60.0286
1147.93
-580.276
-27.7254
233.492
516.118
316.02
-487.368
-385.51
571.18
489.299
170.761
-155.435
211.048
177.448
-267.262
1256.03
950.015
-787.94
-583.103
273.554
407.73
102.202
820.114
1187.34
626.825
155.876
212.786
347.649
-641.32
-847.351
486.217
-1136.22
-155.908
586.123
-525.968
375.136
88.2831
-586.553
845.28
211.578
568.662
654.684
423.129
-631.91
356.444
906.912
465.765
137.51
761.989
143.865
987.479
360.987
-130.165
-272.296
-281.79
-107.647
54.5956
-682.399
387.122
-188.056
712.346
566.798
-391.894
747.113
24.8796
-661.429
56.9135
599.642
939.014
-828.504
199.562
937.244
1349.59
528.939
87.6349
1651.08
-26.2359
-923.952
733.654
-1174.25
68.4853
466.501
107.507
-983.471
-656.255
-64.6406
-758.404
470.674
736.514
-246.013
479.733
-606.938
317.559
771.768
407.537
462.752
1105.95
-139.873
-790.486
-317.238
542.924
235.085
-322.53
308.022
172.48
-160.286
929.296
243.579
-46.5212
-377.51
651.771
148.351
-1006.8
427.415
475.583
612.072
515.103
375.625
-323.547
253.459
783.843
-139.137
286.052
-690.328
-99.3822
1307.18
446.808
787.928
-791.448
706.08
541.976
-103.631
-308.124
751.8
-25.9928
-529.381
511.513
-537.832
221.076
258.795
449.79
-189.744
159.952
-197.151
495.755
441.318
237.16
-56.7072
-696.146
427.165
449.081
319.503
443.227
7.39048
98.7004
-1040.83
619.094
114.871
81.1173
-298.575
33.1673
354.608
-47.8334
-737.568
464.539
-954.749
211.852
495.55
95.7373
126.711
-509.777
-114.393
844.544
429.927
-767.589
27.5918
-539.235
-914.786
-307.109
-171.766
-580.599
245.684
115.632
503.862
-185.965
775.266
1405.09
-75.7449
-166.735
-273.311
542.111
50.9642
-345.256
585.967
424.239
-47.4796
-593.713
-493.284
884.013
16.5699
-165.251
-576.496
-1056.23
219.335
-127.145
-249.961
369.445
735.499
81.4474
101.689
662.044
726.166
-31.199
723.369
-287.598
1140.87
397.438
-609.867
1359.81
-71.841
-148.021
286.269
518.583
236.58
-293.716
281.435
130.876
-136.654
987.933
-97.1274
789.145
369.525
186.282
-20.3288
281.143
-809.787
1152.6
-78.4911
63.807
-220.411
-189.992
112.842
897.621
-26.4687
81.6193
-203.226
-872.078
266.906
-489.67
211.407
99.8485
-303.557
105.644
-1188.48
-233.319
499.573
555.275
894.468
-998.459
772.061
658.022
506.832
248.851
-814.433
180.677
587.452
735.634
516.96
-336.419
-371.147
-207.769
-152.2
166.577
262.581
108.482
789.507
-66.985
-39.3752
590.254
-338.525
352.028
-1127.29
775.71
-1295.09
828.609
-461.819
681.992
-177.315
377.834
864.264
406.095
865.598
18.3288
29.6381
-564.121
-512.246
626.529
255.833
487.004
-912.932
-510.249
1119.93
-642.36
-78.5249
294.631
617.821
38.5024
-114.605
-956.55
-802.828
806.785
100.402
1036.25
544.448
-242.339
528.469
277.037
212
454.158
1489.1
-766.498
474.116
734.984
-406.795
806.825
-298.05
-223.207
800.484
682.315
390.677
-386.889
-398.435
440.601
-740.573
46.1876
38.3136
28.39
244.472
-207.605
990.262
29.6396
-305.056
-286.37
-495.038
-623.983
-1047.1
-522.697
314.636
-466.415
-400.888
-191.801
427.169
746.486
-103.811
-366.208
942.687
412.992
-783.198
510.575
-1245.96
-479.895
630.808
146.107
446.21
479.838
193.04
701.563
-812.742
-305.193
324.561
-414.22
479.061
305.851
-84.2629
151.705
472.46
555.175
-310.918
-857.52
428.232
-22.3576
626.81
355.761
927.136
-747.403
-33.9471
-161.973
-522.284
-98.5921
673.963
123.845
476.681
489.97
87.1776
-401.301
1101.47
354.48
-214.172
-74.6895
86.3383
-450.918
394.181
102.029
-192.029
256.548
-129.033
596.975
287.255
-261.577
670.461
177.918
624.958
1377.81
-715.996
770.007
539.223
-248.25
66.2224
-509.697
1458.18
-280.032
1368.75
1062.72
-474.478
297.532
20.1941
343.237
-717.395
-1399.41
-332.587
246.578
465.379
-558.188
287.998
75.2618
-174.354
-7.06475
68.2229
125.584
-574.293
-135.53
-252.811
-116.547
343.679
-360.347
705.98
-126.631
677.111
-699.282
-128.558
-415.325
1054.3
-153.869
206.098
-579.056
125.474
-615.291
-419.754
140.633
919.697
-693.272
610.921
-303.295
-154.164
-132.813
-239.251
159.694
-165.403
-666.481
-352.06
-799.445
-484.521
-316.838
-976.584
-1189.65
1372.19
-1120.29
1133.94
845.68
548.866
-978.922
-115.132
-810.997
644.912
313.768
-303.399
676.429
19.9449
-248.601
349.599
305.672
-318.498
1365.47
-394.172
165.372
699.739
-15.0532
-985.757
881.859
-286.715
1029.15
355.84
894.569
64.4755
-548.14
-830.436
-885.937
85.4385
765.862
-469.082
-924.383
163.782
162.497
500.081
81.1488
-87.2647
-504.79
-628.197
-138.55
117.02
-252.743
-240.598
289.859
419.692
377.381
111.878
306.97
176.837
424.894
-37.4562
-946.882
-8.90311
566.152
-46.4625
-511.559
1670.65
852.386
450.434
-831.652
602.831
-555.294
340.55
-360.725
366.025
-623.586
1247.68
567.77
-536.731
19.8354
658.328
611.832
-567.963
-1265.54
-258.508
-1100.91
-101.905
-570.819
-561.806
244.088
33.0876
370.817
50.5141
-467.306
1082.33
-635.203
440.203
-691.168
1237.78
629.834
1013.04
-367.27
-357.335
-916.048
-91.6928
309.362
-602.711
642.406
-353.27
643.061
-579.949
382.773
-405.989
278.611
55.6079
-557.083
57.1314
890.455
-258.346
760.687
51.1601
-285.704
1275.02
-340.216
-373.191
849.818
-68.1227
139.289
436.716
394.925
71.4904
-1134.24
729.495
335.629
145.596
-1226.67
386.055
211.262
-626.194
241.711
152.854
191.002
-201.522
-125.293
16.7927
-360.117
-1047.17
-111.534
866.928
-157.337
729.855
-776.594
-771.827
69.7425
-546.6
655.277
-589.75
-86.1095
167.963
190.814
-227.99
90.0905
1005.56
448.968
-644.415
366.672
-58.282
876.01
-418.378
986.605
254.288
60.4281
-833.476
785.648
519.632
342.645
287.409
671.926
-768.939
369.235
187.063
-685.312
-332.611
537.514
-237.273
603.907
124.227
-296.407
-182.058
1487.08
113.311
584.28
531.959
131.159
-592.693
611.92
1054.15
-14.068
-1141.4
287.368
712.456
383.111
407.533
856.114
335.88
-484.726
622.7
-424.059
266.441
879.728
107.159
453.139
-1448.93
145.845
-313.56
289.16
-141.181
-218.192
4.32755
464.777
241.163
-247.804
-30.7885
-135.851
1.69573
1382.13
-268.397
-168.765
-1089.14
-176.959
295.123
423.587
232.601
-188.746
918.318
-375.177
-587.059
551.423
-25.504
-897.885
586.222
-84.8161
1058.73
-386.39
-201.45
-901.932
-317.021
-8.42683
-801.965
-107.813
-106.547
-1136.27
1122.19
462.382
-618.344
51.0727
-637.143
-338.201
54.1355
-99.7055
-292.142
-296.787
35.3489
592.829
326.679
-758.292
-499.345
764.682
871.376
458.222
405.816
-0.638532
-111.279
-676.311
-62.8141
77.1078
-246.299
-178.603
-314.912
12.3486
3.52445
630.999
1340.11
47.6331
357.744
-577.231
-292.649
-575.549
833.712
649.742
40.4072
259.965
-1175.12
-579.492
779.912
397.217
772.187
521.431
80.3486
141.59
189.288
1059.78
-211.581
658.113
563.6
-357.72
-660.885
420.93
971.502
1029.14
-332.201
-712.862
-580.947
-71.7898
-29.9193
-276.937
-173.714
423.519
-89.6112
1037.59
-171.852
-13.9258
239.058
-268.483
-574.255
398.419
1152.35
-821.645
-76.4972
-716.357
-897.312
687.413
-224.151
333.262
796.007
815.738
1037.12
-279.733
403.699
486.712
627.698
142.039
457.918
-582.656
-505.88
1095.91
87.8811
885.352
943.428
40.1963
-253.236
751.861
986.347
-1117.36
-678.797
76.3606
629.23
718.637
-335.924
207.178
1471.32
-811.22
-100.257
-370.344
102.843
336.375
640.245
385.659
126.689
-100.283
169.846
-910.278
-504.882
644.155
-325.25
1326.21
-3.64854
949.196
568.425
75.9943
445.97
165.73
-239.587
315.665
-259.85
63.1404
-241.416
205.042
300.627
-438.077
-716.028
809.757
-85.466
-293.017
105.268
-85.7877
-329.69
-1078.52
646.508
405.846
798.92
218.093
430.011
-410.717
978.73
-858.609
575.243
1595.13
-480.541
276.736
-610.477
268.505
-517.9
265.559
1176.98
542.541
594.907
-258.31
362.233
409.598
128.877
1305.6
1096.41
-14.1229
844.973
-13.0704
354.211
35.1868
-529.166
85.9043
163.054
-489.336
1281.34
-738.191
665.03
228.2
701.581
699.482
-747.593
150.362
943.92
625.619
1047.26
1703.22
-582.603
671.622
-556.68
149.655
-652.769
513.493
-246.005
993.048
653.489
-41.1519
820.982
283.204
-328.124
492.649
433.086
-213.232
-76.1854
-153.212
635.312
-1105.6
-576.782
-694.911
884.138
469.211
664.404
-1031.18
385.488
485.903
142.71
122.823
-258.611
921.486
457.681
288.495
-24.223
-30.7146
-28.2428
-839.611
-492.288
-700.361
57.1491
661.62
-237.764
79.3708
-1014.13
57.9745
504.879
-908.089
75.9301
194.463
884.042
-564.047
460.57
780.448
626.563
1465.97
62.5794
23.8584
-770.255
1067.91
54.8006
449.36
-766.455
457.051
337.253
-1254.44
-610.277
-71.1975
-241.026
164.573
-753.059
539.613
-397.052
765.073
-288.987
471.249
-249.71
96.6796
271.811
206.408
-250.82
209.896
324.288
1407.09
661.858
75.3924
47.5428
281.182
-552.575
-714.795
-988.42
-237.849
-802.659
210.639
-322.315
-146.006
434.843
101.345
711.415
-238.384
23.407
204.95
-758.789
-131.313
-1065.25
278.568
1136.72
-822.479
-723.407
1102.02
-608.515
1056.24
16.2762
700.823
-141.932
543.848
-667.838
368.817
875.649
96.7698
-56.1798
1086.45
-17.3669
388.628
-51.6205
341.586
183.554
62.0641
822.32
1629.29
661.826
796.884
-71.9232
-63.1911
68.8157
309.378
964.636
-1047.86
518.515
437.025
243.416
65.2387
738.456
1931.88
-379.365
-100.84
33.1008
-443.968
332.307
-341.54
1030.09
68.8445
265.442
-407.639
-475.691
565.04
300.792
5.38092
572.065
1448.02
306.975
1394.01
-826.222
604.777
-499.413
51.5343
182.097
763.961
-482.611
-204.539
172.098
434.137
362.118
-642.785
894.152
376.315
-612.52
-1063.07
-214.219
12.9797
-115.933
971.557
333.058
-289.196
-110.661
10.0443
-612.198
-396.52
548.588
445.826
-293.544
-1094.68
946.374
628.004
237.015
482.328
-547.505
-527.385
1026.17
1120.47
-327.136
683.209
794.891
-582.185
-319.895
712.197
68.886
1217.45
612.405
453.33
703.023
174.53
1132.03
-1141.88
-589.897
32.261
-154.477
-391.864
-441.82
919.618
-7.9889
1004.81
515.63
694.494
-5.77425
-762.12
-138.364
-35.6276
577.889
-20.406
467.581
135.042
-929.05
-208.324
-512.413
-234.911
289.317
-614.57
386.941
126.788
176.971
548.366
-29.3666
246.026
-51.17
1066.8
-355.395
299.854
-338.62
-431.157
264.3
11.1424
370.699
41.2402
601.648
-106.726
-22.6987
883.209
546.242
-263.358
209.308
-382.336
407.968
26.6362
-660.935
-690.255
178.623
150.271
-1216.56
535.501
716.569
1085.55
202.781
321.864
97.1006
174.526
954.023
349.561
-774.468
625.474
-766.184
407.425
478.762
-14.0432
108.312
1439.48
306.34
-213.943
-680.336
-313.497
-1064.33
445.092
1592.87
958.311
715.96
-57.7282
1401.62
-150.305
782.66
-586.571
771.852
501.826
-91.9952
-0.994487
139.674
-84.3876
-753.644
363.829
-915.798
-664.987
751.392
254.032
165.429
91.7229
-867.98
650.474
-124.944
87.036
727.449
-367.704
635.136
-251.37
-782.935
-1029.88
-221.065
-60.402
-568.151
-817.807
-161.985
-331.476
143.718
189.016
224.311
-5.04713
-1014.33
-424.021
-245.809
268.671
551.453
582.598
869.927
-745.222
554.581
766.204
-379.745
210.012
1392.49
1266.22
-288.12
-526.151
127.8
364.491
553.83
-589.43
503.705
-399.554
710.987
-245.769
670.27
570.359
-176.349
-180.256
347.249
98.1494
378.095
-198.122
-497.579
-12.5202
522.221
843.477
-151.848
284.737
-648.944
811.154
126.564
-14.6633
162.835
267.308
-69.0972
-22.766
-70.4053
259.45
664.986
190.941
28.1008
821.191
-1303.28
472.459
-803.114
686.579
611.981
-1064.85
-234.355
-479.926
539.138
-651.07
678.154
-1062.75
210.583
-1013.36
219.805
-875.823
-627.186
-134.216
685.699
130.575
313.702
-815.106
232.812
-121.736
279.239
-489.922
-574.81
-546.635
-342.133
405.204
82.9287
876.632
644.117
615.812
-15.2013
-10.5839
639.489
-167.39
-925.239
6.86
-275.767
-784.122
-45.6794
1064.5
-834.37
527.059
-806.453
368.021
-1489.38
-596.429
-605.028
568.272
-540.213
49.2574
396.642
-1535.86
42.8853
-267.555
-339.511
1114.96
-448.383
-657.52
-746.827
61.6378
260.348
18.5421
306.302
350.867
-640.72
488.165
579.617
-592.781
992.837
196.395
478.018
-553.919
427.112
319.08
1261.27
439.118
-191.602
-278.592
11.142
-584.384
731.357
254.43
-437.396
-424.128
-258.83
110.872
-400.788
1489.19
666.667
-379.068
469.991
766.112
1320
26.2262
-632.8
645.246
859.96
-15.4338
168.09
267.984
-103.654
60.9557
212.7
-79.1016
768.812
574.012
740.921
166.034
-132.728
-7.39962
-412.05
-32.1568
906.551
-313.343
-201.313
945.038
362.664
522.644
136.296
-410.368
28.9647
25.2602
339.128
-446.603
360.342
315.598
196.291
-721.476
-547.447
631.993
-607.307
-66.2339
778.084
-349.486
1004.43
904.269
-928.179
266.067
860.303
277.367
275.078
868.489
-529.279
151.127
-275.094
234.119
766.132
-178.689
-428.712
-355.903
733.66
-269.508
451.609
-530.517
162.223
4.534
-406.619
218.035
-315.571
363.08
649.335
867.001
240.615
564.455
-20.3414
692.121
-239.607
46.9058
-751.277
671.852
-256.383
989.258
-842.049
786.691
255.041
227.682
692.649
-77.7257
1321.23
-468.221
872.777
410.194
403.981
199.939
164.713
398.095
74.3245
573.925
216.886
747.987
-45.975
506.339
-251.479
-81.7948
438.802
-26.558
-137.621
-119.028
-106.965
-281.526
-138.171
-493.809
-373.199
286.271
1772.26
353.927
-428.231
-164.848
85.1052
1160.68
-201.634
-982.928
301.128
-381.634
115.616
-52.4191
-630.532
488.763
-218.999
249.217
-116.495
877.956
884.474
-706.778
316.684
587.632
474.221
462.279
518.613
240.957
-107.909
739.053
-560.706
558.57
-1045.2
-5.20377
-27.6094
-130.45
733.291
-115.58
-679.792
-53.0298
-1036.41
701.648
-423.035
1057.74
138.379
432.705
-307.378
970.126
363.793
-152.679
457.159
-946.982
322.137
-365.866
-112.564
467.942
242.333
-121.251
-516.691
485.544
-69.273
-69.1437
1041.63
469.042
-443.708
-722.263
-755.037
-351.087
873.62
796.242
-174.144
-690.146
-582.229
866.126
-944.71
-699.922
-29.7164
487.08
-332.064
143.837
979.005
407.896
366.06
321.008
1321
18.1506
887.713
-737.851
786.662
278.93
391.106
1302.53
-133.905
383.537
223.136
-150.658
-1036.58
-133.139
736.775
-187.492
190.88
979.397
-12.1247
-15.6273
-802.202
1030.1
404.167
-38.4023
-160.008
-300.767
-120.976
959.52
1135.28
416.287
330.482
398.819
794.497
154.258
-6.90449
149.48
56.9441
-643.67
-504.327
-467.735
728.856
879.216
-832.903
-63.7106
-293.15
105.096
925.411
-661.229
184.757
-496.112
-321.504
-296.63
406.554
28.6944
753.627
355.044
-381.509
-431.032
765.903
-237.864
-1190.97
-503.014
-142.528
289.822
-138.455
480.601
189.807
-406.606
580.003
975.508
775.245
707.362
340.493
480.607
17.0141
-915.02
75.8035
-485.977
-311.716
-258.325
-1215.79
-443.529
739.88
229.085
-216.841
623.774
-0.0863837
-289.192
252.552
-177.399
185.366
595.178
-632.576
510.974
-41.8598
308.475
-94.5505
333.409
-527.582
380.969
94.3325
-218.714
-970.783
-157.852
-809.064
382.137
1281.63
464.629
-750.136
274.952
-248.681
-902.308
-386.34
-1000.48
-353.079
-81.2789
-331.507
-923.537
31.4208
134.128
-370.522
-1064.04
-887.062
662.91
-698.336
100.432
-536.187
-1183.36
530.074
-457.604
119.11
612.772
-555.557
394.331
-135.072
-283.031
972.884
9.4731
-620.153
118.728
-137.315
-341.209
-947.254
-44.363
-445.912
402.002
-486.359
270.946
-1238.28
349.054
308.093
300.437
-141.644
127.212
-124.537
-103.552
-915.068
1055.6
-107.364
194.255
-489.14
-502.7
215.414
-385.217
766.464
-1.47796
26.9001
1027.98
-568.566
-252.728
-33.8115
928.594
-66.6022
-905.131
654.093
1116.68
128.133
-295.265
-543.281
-407.861
-202.905
346.743
-484.423
420.594
1038.06
1610.57
-31.2741
-3.39939
83.1477
159.713
617.074
-504.855
8.34694
829.689
307.724
-197.947
-459.031
19.5428
482.333
-247.379
-952.997
591.684
717.319
753.54
-381.434
-74.558
-1268.68
219.567
-50.1078
-406.575
-353.891
-699.913
-512.301
546.097
197.719
707.73
-670.438
-52.7408
9.56087
-813.762
713.251
-780.508
279.545
-376.301
161.525
-142.162
297.991
254.077
42.2083
-47.4673
-172.265
-375.955
106.693
-201.625
-1003.54
610.48
-386.576
310.076
-429.61
600.299
-212.983
347.397
-721.374
-269.751
160.114
-676.955
180.487
248.036
-90.8789
-1321.99
1114.78
-465.714
190.207
485.021
187.244
-1364.15
-624.6
-290.901
420.449
-177.989
21.4681
1272.5
-98.7274
125.146
-321.52
128.019
459.15
313.141
-47.8651
-740.365
-158.204
-234.958
-1259.61
814.251
-204.93
-147.918
282.236
44.7476
308.136
-1223.41
-217.822
620.61
492.269
144.835
251.927
-145.386
474.509
-368.472
155.838
-398.965
573.433
361.887
-1044.77
-784.713
81.1678
799.457
-160.522
610.652
-365.26
-355.624
755.329
-62.0748
-403.491
139.86
-328.764
-1064.04
-98.3606
-1132.66
-563.76
-543.988
914.465
-89.1477
966.853
226.033
-128.299
661.169
-105.063
1116.3
592.759
52.965
-885.237
-371.378
692.218
546.312
-1045.86
178.438
84.8043
-1003.1
960.747
53.2059
187.019
197.806
-610.83
233.658
621.951
100.607
634.621
-11.4501
-50.9285
-177.918
429.204
479.824
286.275
-294.327
-663.565
-615.291
-52.4313
359.366
-97.3531
224.221
-953.896
287.253
574.536
163.977
515.372
-169.691
183.429
-532.259
-425.941
2.51726
1308.17
-193.578
268.341
-93.8756
118.593
468.431
320.394
181.124
978.014
1441.56
17.9481
350.769
580.91
-694.059
-254.601
349.648
-784.539
-767.171
-196.795
32.984
68.9246
-1291.73
-1097.17
137.726
-274.856
-1085.99
26.9104
474.816
803.513
165.435
636.279
199.007
-262.255
-493.361
336.606
-692.273
-175.483
716.802
-509.558
-1013.47
204.106
-330.772
1055.92
-428.562
733.43
1013.69
30.8568
12.6043
1274.39
-96.8208
387.038
706.99
299.31
-986.248
-84.3611
94.8924
551.753
-453.46
-1399.57
-1008.29
62.0382
328.436
-132.732
877.768
473.579
-630.104
-846.228
966.092
-36.3742
847.915
69.4057
147.541
803.081
1159.9
-55.5948
-472.378
550.605
-544.121
-370.877
-581.108
1016.87
-545.523
406.893
1206.47
-314.794
120.149
509.538
-567.446
525.433
673.925
-550.426
323.947
675.389
352.647
-807.08
1226.17
313.276
-412.409
-1013.89
240.924
-192.496
158.315
-50.4892
-360.651
313.343
-439.355
-434.16
139.573
-247.671
675.418
263.366
-867.729
593.193
1371.9
585.689
820.982
-379.617
408.02
-473.064
156.319
914.494
159.807
-876.917
-116.084
-571.834
133.292
518.46
-807.063
-125.37
-542.243
-274.442
-381.083
-446.589
-705.172
-240.168
12.8729
183.497
-362.874
-507.152
618.849
-564.895
-367.116
-455.77
-301.939
715.041
22.533
-396.207
-86.7038
1165.08
741.841
-1010.71
-372.09
699.259
-204.355
-72.2254
120.81
156.627
-202.644
275.635
-928.587
-288.402
-773.389
640.455
126.106
-429.747
-31.5209
-827.885
668.457
96.5496
-676.041
1131.11
-193.494
113.144
120.334
33.5151
500.418
7.68624
309.871
335.113
-618.173
670.713
-1262.04
1212.07
119.395
-202.373
450.237
543.375
272.191
502.893
-129.091
235.557
268.833
-413.818
-305.039
-959.672
-428.65
486.314
365.822
-223.453
538.981
-1303.39
-736.95
-458.379
622.894
-1198.99
-352.278
840.319
543.008
-549.532
-233.342
-458.937
-262.513
967.521
513.772
1283.3
-19.5714
-1308.08
-541.387
-470.249
-515.745
553.873
679.304
208.113
1223.34
861.591
878.658
1257.76
338.047
169.533
-15.5991
-1305.86
-94.8542
0.592425
-372.417
95.9269
-73.5405
-631.994
400.674
-253.819
333.6
-393.83
791.832
-572.001
-389.786
932.498
1162.46
-228.515
638.262
-184.957
342.62
-386.691
159.582
534.769
-485.406
-971.888
1027.06
201.555
912.78
-909.899
-457.23
1771.31
308.81
-220.337
-253.56
-194.318
537.176
809.548
-461.734
538.756
310.338
-1167.14
-499.208
919.656
-559.079
-1129.77
367.39
-1043.86
73.1894
-886.684
201.1
-144.614
446.943
311.317
406.14
82.7693
-826.848
-76.5962
652.243
679.204
171.18
-583.965
880.574
-173.404
510.582
93.9929
85.5587
-129.682
329.548
-437.765
760.149
102.83
757.435
965.007
47.2641
243.937
-655.061
826.732
-195.421
73.7564
607.282
360.927
-18.0289
587.296
975.528
1043.22
-703.06
-39.5513
400.778
72.2904
1295.29
1269.74
300.777
904.852
-64.6423
44.899
315.928
651.497
-586.295
455.644
697.025
8.37933
957.506
839.503
1250.38
1066.89
-7.982
-35.5517
147.413
-100.513
-113.644
290.49
-1079.28
1239.97
20.6796
114.851
1985.66
579.437
190.568
354.677
-441.614
-167.401
55.9435
-487.986
-630.99
-490.12
1146.69
274.542
-746.35
635.529
480.96
-454.277
229.941
-303.454
-248.375
-91.5803
239.126
164.567
182.821
-85.1459
295.292
513.256
-658.686
78.6278
273.755
-258.287
-583.413
49.4747
372.426
-360.103
427.975
206.75
492.521
-590.012
-953.431
834.74
143.456
841.993
-549.911
-658.253
753.895
720.388
-771.131
-117.191
-130.4
380.683
-744.106
425.568
-64.7315
-1130.35
-153.857
6.50272
977.589
-457.153
-399.768
1085.01
-206.394
622.556
352.262
-22.6805
132.635
-415.903
265.643
2030.6
-13.1984
-549.272
35.681
-182.914
-411.616
-622.929
26.0576
-26.9977
762.813
-409.495
-473.602
-193.518
457.771
88.9436
-540.112
-356.818
838.121
-549.617
-164.346
-270.473
1096.46
-303.316
57.2255
576.47
-16.1361
-812.759
-1402.32
397.798
-102.644
439.197
1324.9
332.817
597.41
805.071
621.407
960.913
1004.48
449.67
1059.56
-68.7415
27.9654
231.65
401.895
458.776
542.53
-1.9263
-435.91
290.577
1081.69
-28.2683
-205.684
-871.065
408.688
-260.405
1210.63
111.738
74.9931
-474.259
-285.006
989.442
656.902
-364.934
-225.898
-356.911
382.236
250.437
-362.464
386.97
147.137
651.876
222.666
-238.029
-173.076
404.196
5.50947
-1022.42
-222.208
-228.861
-812.365
-807.574
-460.938
-860.052
477.38
-446.068
200.477
-393.136
94.4955
311.375
310.205
-561.327
109.419
99.9744
1167.71
-1292.64
376.743
185.899
-358.317
269.726
808.905
596.597
884.847
585.238
902.323
528.399
-465.688
12.3364
-461.337
-372.883
-783.287
486.485
1091.23
-116.667
-491.156
81.0003
-599.231
-449.21
172.921
661.249
-179.315
7.95914
-295.154
-185.695
-210.872
443.11
1541.94
396.579
1136.33
1218.22
8.14887
24.9141
-148.696
444.005
234.516
186.991
73.1117
-391.112
977.882
251.37
-581.774
-296.628
-426.785
494.298
568.903
205.668
904.749
-180.269
206.626
31.9332
122.018
-72.4461
-20.8391
-237.691
-310.463
160.901
-253.77
-467.469
-1011.48
737.299
3.82714
442.802
1242.55
451.558
-560.553
-517.983
-25.821
-476.195
-24.505
243.299
-271.519
727.967
-645.678
66.3327
-769.982
-325.026
-199.872
-265.849
662.38
1463.23
-628.957
224.696
-596.438
-1104.51
-117.26
21.0866
466.35
196.273
832.16
-1271.63
-387.176
725.391
-581.273
-367.366
-346.366
-222.633
-742
641.542
829.188
555.969
-208.657
384.925
-54.0813
-786.218
-229.331
191.397
-321.236
529.212
-157.291
1532.92
-699.656
63.7194
269.404
394.587
1019.01
-169.14
-22.3807
149.418
-352.322
729.082
-33.0354
-592.777
1161.26
466.459
-374.32
-75.4239
667.777
476.956
577.3
-158.246
237.271
-296.158
144.693
603.758
628.305
-162.289
-154.647
-1179.24
251.051
490.658
872.188
240.915
322.107
294.062
919.613
-360.253
-603.738
-106.874
635.475
571.589
126.521
256.127
-1212.01
750.507
833.783
467.311
-137.93
1335.31
1206.08
93.095
-228.534
-319.922
-510.778
-387.55
-522.951
-22.476
-176.174
591.727
155.642
401.117
526.979
1356.62
-1010.09
-993.422
54.8457
-609.505
13.3044
926.578
-487.362
560.665
-783.834
-420.532
-148.996
-120.062
902.746
184.065
265.823
-33.3342
-793.571
-244.218
-39.6959
686.708
-217.519
-972.306
579.838
188.052
323.298
-539.47
748.685
364.653
26.9481
803.589
324.43
-604.993
1276.21
-280.344
-869.407
-994.963
409.801
-472.007
1156.27
-738.91
392.473
-198.91
-32.193
92.6517
-455.632
296.815
-316.878
378.913
201.618
-368.573
489.749
413.54
-651.595
628.489
28.2856
-200.51
1147.19
742.958
-547.612
385.023
-75.669
792.219
300.059
126.908
389.942
-278.288
-308.166
-721.065
300.203
792.115
477.042
426.174
203.983
-85.5989
-211.194
529.788
129.838
1369.94
594.311
657.877
1157.22
-563.656
44.6058
1306.97
266.497
-140.306
-112.818
75.1893
968.849
934.533
173.937
-261.078
406.187
-701.89
502.182
139.196
-345.121
1196.49
1180.31
-89.5158
41.1815
203.722
233.916
-455.461
-445.912
504.121
315.614
636.051
365.712
697.012
235.847
114.05
-528.549
288.999
-115.581
237.169
-490.636
759.782
-20.624
-500.558
-80.5733
-184.501
-591.071
-388.465
-203.277
282.945
-1072.7
1000.55
508.144
421.987
603.084
864.814
-84.4352
-332.343
-435.197
-531.741
110.054
298.404
-118.499
217.57
-63.691
-694.18
-11.16
537.174
112.757
145.459
-92.6038
-77.3454
-359.62
-71.9326
-521.083
-37.9524
-140.911
-519.681
127.639
-223.564
435.767
595.727
-36.3142
-105.617
-123.197
150.56
-378.802
-979.779
689.64
467.948
-154.273
-173.556
-545.916
-75.4741
304.358
-510.882
971.151
-698.066
534.909
-936.649
869.692
532.762
146.785
471.912
1161.33
-255.414
-1051.44
396.808
521.852
-489.466
139.161
365.334
-86.7796
720.881
-781.361
-280.017
-69.989
245.791
104.038
523.809
11.9864
-1105.94
-459.031
-591.602
-97.9653
-1094.76
374.211
1474.96
-207.042
476.071
-4.93625
-525.318
91.2736
270.407
385.26
548.939
-908.548
834.583
-37.7338
-240.006
1170.41
-166.111
-438.955
643.123
904.233
-242.026
-1085.09
-224.571
777.81
-820.917
823.575
-919.123
-541.499
-358.682
-978.988
-479.132
-902.277
127.519
954.184
-998.499
412.281
148.444
293.322
424.303
-424.335
740.715
-425.091
1107.49
-637.841
-501.44
928.045
287.209
463.174
-761.966
-78.8987
369.819
575.211
319.97
-66.9526
-1107.48
-86.0837
-863.903
-1206.91
457.629
-180.911
586.591
-550.503
267.191
745.769
1050.98
1292.76
586.643
489.822
826.099
333.43
990.709
134.787
647.132
-343.328
47.6709
-889.162
239.422
6.43336
-506.865
-420.932
-5.01167
244.061
-51.835
81.5108
449.941
-266.745
753.62
967.671
1056.51
69.9165
1159.07
312.387
236.277
-275.697
304.677
-705.3
613.383
776.117
1056.75
-1312.9
-291.205
-263.672
-365.01
-980.154
-38.9247
-858.855
-102.225
1200.28
449.588
409.824
732.086
-564.458
483.491
154.822
-31.9813
745.674
-121.994
18.8441
801.026
-923.92
-269.514
-339.37
732.114
863.614
388.746
-302.682
146.309
52.0579
552.646
449.355
-308.865
302.969
-740.281
-71.7201
-229.975
-20.318
649.769
-1212.47
-441.448
629.852
374.774
-238.851
1172.57
-828.23
-28.1519
40.7797
856.353
370.389
-33.0523
-219.041
51.9689
162.993
-131.952
753.828
-534.599
-85.737
439.36
-129.611
-172.913
-11.8062
-472.133
160.346
767.76
737.052
-71.4436
-27.933
731.632
-148.123
-1079.73
-121.966
895.706
867.795
236.278
-76.8573
782.458
1337.51
238.531
-283.521
-394.711
525.047
-397.988
20.2279
-974.92
-1446.18
609.551
451.308
468.596
500.762
-819.126
126.689
272.792
79.0249
646.659
-114.874
141.979
384.614
-210.409
91.4655
325.391
-391.017
-179.645
1213.61
776.193
879.162
-188.717
1495.47
-227.515
-16.341
-80.6808
87.211
422.082
431.961
-14.9891
315.061
-504.331
-561.713
786.969
-534.792
25.9404
11.6627
1482.17
140.195
123.51
-614.598
58.8611
-359.87
-16.321
515.178
-1380.18
-691.387
-266.662
-62.4649
616.049
185.609
154.238
627.142
-37.072
-237.962
-40.5965
-140.975
-428.581
879.191
16.1017
453.749
24.3738
-90.0032
1342.02
-157.129
519.899
-228.879
-0.887131
-96.1856
375.883
-357.392
-897.976
-157.68
-724.259
1338.9
-669.04
-321.639
265.182
-316.422
-187.674
385.428
213.216
1365.63
12.0843
187.639
1403.26
185.199
-604.775
-574.873
-652.578
561.814
-362.032
-810.453
310.892
-182.969
135.145
-31.4941
-1194.23
-100.882
1002.18
1.50452
-428.553
1579.62
403.547
-392.302
469.907
8.04349
865.205
160.254
-550.998
-61.1089
319.214
525.88
-1022.22
-749.243
105.893
101.035
232.361
-547.242
183.706
-700.288
22.4236
-329.329
1235.77
-108.413
289.009
-394.131
84.2028
91.4026
-1239.44
-708.324
254.229
-287.404
-92.6479
-4.96309
141.131
-444.513
195.061
-103.14
977.941
-166.94
-265.389
425.744
464.338
-260.532
308.543
382.022
331.581
-686.155
-291.261
-267.623
247.358
-283.279
421.786
653.703
1593.62
-440.198
151.089
189.35
-163.499
-498.705
655.786
-919.911
-156.374
-399.483
-210.141
-244.487
447.451
-590.637
797.155
-177.641
-1126.27
207.183
-570.952
-322.591
379.122
-326.22
-226.423
405.891
-1088.52
-759.696
-196.885
-112.904
-518.272
-303.728
-208.546
184.738
-638.253
206.496
-597.578
-389.193
-908.388
-53.8121
-410.797
-431.713
284.615
634.22
29.9912
-814.245
288.39
-1197.62
-454.653
393.039
-190.432
-342.078
397.555
271.525
771.244
-625.273
1012.41
-166.545
990.365
-50.5793
389.581
363.063
-953.246
-218.947
68.9223
-138.074
1036.07
697.424
847.631
-597.937
-216.179
77.5838
-232.733
-64.072
-574.747
-80.7249
-213.992
-7.46406
24.0235
-9.30009
-872.486
117.487
890.202
-545.715
-546.5
1218.81
-487.974
-276.236
1280.01
693.647
-472.289
0.641186
-66.6675
-229.732
-530.284
460.495
28.2274
224.788
832.94
-583.619
1014.8
-358.136
230.276
15.152
-9.65334
265.773
532.546
-188.455
-23.3541
-431.439
491.036
-550.915
753.982
-402.041
-553.289
-615.408
-827.841
205.686
527.8
440.658
-197.93
-247.439
409.99
1029.48
934.611
-299.99
821.105
439.737
487.783
-183.862
94.0961
375.219
581.075
580.772
-395.725
-374.19
275.301
-535.817
-102.688
-65.6992
-331.251
855.311
686.604
212.979
1003.09
272.285
646.805
-290.885
75.1485
566.318
-235.735
-440.252
555.744
739.547
-38.801
105.808
954.952
-675.347
94.8805
-738.719
-969.221
-854.714
6.09978
324.931
-75.3433
2.09669
339.39
1136.22
1401.89
402.854
-1128.23
868.971
-490.106
-504.185
572.652
-137.662
799.427
1045.29
828.36
10.2516
1084.44
-778.063
120.04
659.455
380.684
-160.185
-704.189
194.152
-171.618
-597.649
53.8383
45.6251
-598.229
-240.027
-753.906
1003.2
372.706
589.841
691.18
211.456
94.8001
-323.36
622.882
1165.1
-124.012
-600.939
629.456
813.402
-253.785
-297.84
602.877
301.998
415.039
468.211
-643.754
459.57
417.504
394.831
39.5446
32.8205
268.921
-382.203
-233.625
-1216.15
617.224
477.236
278.789
685.292
609.172
-535.258
-448.346
39.3912
-311.489
650.939
-995.891
612.887
-865.545
390.904
-638.813
117.645
279.194
-34.4993
319.973
-1468.56
170.651
462.501
-158.027
785.182
-802.308
-299.035
638.736
157.817
-968.717
692.086
-918.93
138.486
-626.738
-201.552
703.827
-579.885
-1099.15
-1147.7
42.4584
498.814
542.509
1194.84
213.459
-951.846
525.92
-589.162
-352.245
-279.804
284.064
12.8401
374.494
-102.021
868.019
156.39
924.018
-8.8836
583.32
-305.418
593.22
-593.995
1280.78
-14.5604
420.732
-85.7925
-17.2373
292.405
-623.055
781.011
5.72703
159.1
644.078
-721.742
-75.3789
528.149
-305.854
677.233
-271.187
-872.184
584.884
1297.23
-127.001
448.732
-99.4466
121.636
355.163
284.396
-768.533
-530.376
-754.976
182.929
357.016
1108.41
166.553
-940.869
196.121
-106.229
-1225.65
-782.984
188.709
2.01366
160.594
87.7728
-373.328
368.798
172.131
487.383
603.056
117.816
397.52
1265.74
329.395
-155.036
40.596
539.657
-396.802
480.111
-233.241
476.056
410.487
834.028
67.2343
-530.142
-14.1852
532.753
325.452
-1106.34
655.435
-291.536
-171.957
-250.336
542.144
6.79665
343.259
-366.329
-175.416
-337.289
1080.19
329.431
-688.209
-1026.98
-282.031
-29.0281
193.923
-928.652
429.358
-1053.09
84.5385
-585.946
-217.812
-531.723
-281.631
-561.532
21.2104
367.582
416.297
-230.931
187.898
-347.31
-816.28
721.474
-468.698
790.676
173.784
-994.948
-1486.36
-508.953
-930.202
-237.715
-370.25
15.1924
365.226
611.583
649.046
-215.143
-348.913
-922.101
167.824
1550.56
408.344
723.891
-35.6142
-709.441
48.0539
-318.854
93.025
628.42
418.621
-431.421
-397.899
-920.726
1480.1
361.259
499.911
-551.611
490.818
-396.551
-630.58
1029.07
121.994
-926.343
-209.214
875.855
267.887
-31.1665
-235.392
1156.32
341.301
1705.01
100.231
-56.7035
453.676
-345.415
-264.722
-503.857
13.015
-791.003
1317.5
-72.5895
704.213
-703.651
-410.22
272.884
12.8494
-190.989
1103.36
-416.089
155.284
230.709
-356.615
-71.6527
-109.734
1013.51
-862.08
158.603
-705.474
394.793
690.37
531.811
326.669
1279.8
425.974
898.938
324.962
472.03
-729.767
18.2279
166.082
557.974
446.489
134.609
949.997
650.059
-956.689
227.96
-428.017
535.533
456.855
514.814
-1251.42
-312.664
-19.1126
187.103
129.611
-813.427
-204.526
-138.514
311.082
1179.35
709.466
-596.437
-99.9835
-656.691
1267.49
-1180.56
-79.5356
-294.475
-1032.69
-25.6448
712.045
-349.13
-357.327
-273.625
753.861
620.135
343.449
-504.001
278.091
-278.231
610.211
-383.71
655.058
-343.435
354.298
689.46
-1283.7
-472.639
-218.613
255.135
1003.43
694.435
539.958
-101.609
-59.8433
-619.832
894.116
458.789
-1187.63
-761.52
300.801
769.158
590.05
-729.772
520.998
244.476
-1114.79
418.697
-247.068
1088.5
-215.184
-24.4713
768.315
540.596
-268.725
251.576
591.996
-224.164
658.218
-439.767
7.89344
309.173
725.21
67.8906
1188.05
-656.1
-309.305
272.686
-305.739
219.89
-751.314
-739.004
136.348
-758.087
97.3304
686.374
308.679
-219.217
150.819
-184.965
645.209
-13.0868
275.619
374.987
-219.522
-151.512
768.852
-223.126
36.32
-1384.77
-297.006
-133.433
-428.304
175.813
673.029
-602.385
-355.512
-98.3132
-551.097
-800.515
536.856
55.3772
-102.976
167.285
-1104.3
1259.2
799.112
-306.496
21.9694
604.354
-92.5905
295.264
454.829
1101.3
460.691
74.5281
-494.618
-584.869
-652.46
701.536
330.283
3.12724
528.915
429.097
486.24
667.195
-743.524
-441.281
847.299
-105.472
-735
-182.228
437.689
162.395
1011.67
-728.891
-217.55
13.6944
716.079
991.945
451.233
888.346
-135.963
628.478
-503.984
-510.697
399.117
-131.745
82.3387
516.62
35.3566
548.63
574.906
443.619
300.632
673.852
-931.223
-229
274.957
203.528
-460.654
-175.571
186.131
-214.376
-521.627
-1002.86
737.386
32.8544
996.212
-317.342
318.903
338.887
341.985
630.159
167.426
724.469
176.473
178.457
91.2337
-457.78
146.212
-682.321
-192.153
-296.45
-241.911
550.168
305.985
495.367
105.807
745.27
866.631
-194.489
808.614
301.414
624.099
9.86297
-156.338
256.976
428.663
21.4957
-506.837
-63.634
7.95107
518.723
-11.0027
-356.237
29.0565
-553.331
80.6042
443.049
-82.7644
236.084
-1388.67
668.042
290.871
215.571
790.385
-146.17
-460.521
-400.889
436.059
43.9535
-649.734
935.898
-625.327
1010.69
-145.752
624.479
735.111
-630.117
-465.828
-1209.14
-9.29465
224.466
-532.681
22.6783
32.8215
87.5631
-251.936
-215.836
527.487
-598.501
868.468
-838.902
-161.74
1179.72
-297.228
-193.102
1277.65
-33.4692
-8.08881
-620.465
733.216
1157.28
91.214
258.563
-100.944
986.957
699.631
-51.8682
-646.808
-833.257
-957.186
242.022
17.1229
51.2812
1411.65
-457.062
-622.438
338.316
-624.379
-1056.36
-269.893
297.142
-151.158
-1039.02
157.849
663.753
-961.826
1164.62
465.722
32.5419
1220.96
713.578
-407.356
589.984
-545.657
-202.862
156.283
-79.6135
1070.83
481.913
-456.289
647.767
835.331
-260.677
261.112
-1113.39
648.637
650.128
1079.05
1332.51
209.541
144.819
-492.257
-247.683
937.914
166.334
547.108
1317.41
-509.926
462.157
-1422.88
507.002
664.444
-1114.42
1723.29
-828.467
749.846
99.8139
58.2935
-7.31496
304.065
-746.701
340.251
1153.03
247.838
648.756
-618.618
-8.39689
-356.537
-186.729
169.214
-202.956
267.112
280.03
280.231
-22.8039
25.2512
923.555
340.661
1408.12
328.955
471.567
-248.89
-277.617
1123.7
67.5404
1166.47
-292.139
-173.39
-156.426
55.8887
-554.767
398.831
-64.5389
-538.318
-936.672
538.369
199.2
564.79
-322.825
81.0966
148.687
-645.885
622.934
-525.522
-719.644
565.89
-312.128
124.663
699.08
575.477
-99.9148
-188.406
-319.854
-913.419
623.371
514.174
4.54603
1148.06
447.641
445.625
454.103
-632.689
-235.013
103.972
939.981
87.8975
196.192
432.149
145.517
531.923
292.68
76.4549
43.4374
1570.1
-655.363
-345.768
351.552
131.062
409.398
343.551
516.602
-430.869
411.464
-147.213
808.35
-233.067
-258.138
654.935
93.7079
1149.4
-660.761
-19.4349
-759.216
1196.22
-1120.42
-169.301
1176.76
-27.1659
-750.399
534.672
333.12
247.414
187.397
-542.226
571.546
793.37
2035.42
-442.818
896.913
149.942
233.796
745.323
954.741
-1122.79
-252.253
128.909
-471.852
460.609
-38.4908
146.977
-162.522
-592.212
60.9293
-623.398
460.397
-1064.75
358.682
98.7077
-1238.68
332.531
-95.2893
446.103
1284.11
521.096
-379.84
-768.126
-299.287
64.4431
-596.543
1054.89
-577.457
-781.17
747.626
-564.456
-604.684
-1074.1
-494.622
440.823
-120.442
-756.366
-848.118
41.8379
-86.4337
1592.72
753.492
337.543
-327.033
191.415
187.971
461.909
588.313
-39.6003
1124.14
-70.9591
1069.85
688.653
668.432
-548.222
440.222
-906.214
56.7744
395.582
-46.4532
402.566
-329.533
-308.667
347.936
-697.355
813.436
420.032
346.768
141.733
149.566
-74.8674
338.451
17.9391
-645.325
-438.049
827.911
-651.151
658.017
-364.369
18.4483
233.567
-40.593
-188.901
1070.01
273.32
91.8349
73.0871
-427.649
-549.607
334.294
-989.91
-685.823
-73.6133
-420.594
234.649
-139.392
64.2808
-14.0831
29.9667
649.947
296.965
-215.771
778.469
818.814
282.476
322.281
-172.837
148.841
-522.929
264.097
163.381
-547.979
-505.794
-1038.1
-36.0053
1039.32
-23.4745
602.773
535.68
-95.2296
311.974
-839.802
-487.115
265.481
421.964
38.5023
-572.958
-87.1938
814.299
138.523
-928.861
228.659
-72.9436
117.741
-169.044
-140.284
-679.186
-110.913
959.286
100.785
-240.192
369.551
17.4066
-57.6364
736.745
154.789
-543.195
-154.525
-552.476
-728.76
137.82
-582.936
601.653
-658.408
-259.07
136.209
30.964
973.22
425.669
578.916
-92.7077
-241.795
842.789
0.08426
-291.464
62.4209
161.549
-567.028
487.257
-643.017
-485.443
-207.688
-1045.58
335.905
-212.97
-257.332
-109.291
-672.891
-71.9247
-667.585
1169.3
-211.578
-137.936
748.673
307.719
1043.31
377.18
1047.51
547.069
168.453
1697.4
189.696
-121.236
-631.791
-1046.95
-52.936
32.834
-490.452
604.714
-238.575
-929.494
-786.805
518.681
248.245
-936.78
543.747
850.725
-743.36
119.036
-504.938
-136.356
158.365
265.67
-343.858
-676.565
215.428
175.704
-170.955
324.987
439.152
586.14
307.883
223.108
53.7499
-464.652
803.094
-576.062
-152.045
737.991
-501.339
167.128
729.997
501.507
-146.835
556.713
-92.3143
1402.57
208.127
749.389
-524.336
-339.937
-46.5961
154.802
-299.612
-405.436
438.676
-405.666
342.65
292.781
355.694
-23.5059
-23.7592
209.958
356.736
815.051
1093.49
-177.377
-1301.01
334.283
-1011.29
-31.4799
-423.714
-287.755
497.516
637.268
-479.284
352.725
678.761
104.249
959.137
-334.22
553.436
-285.308
508.915
-470.563
195.122
-808.468
-615.038
171.737
411.907
-687.562
-1108.67
57.4877
272.153
612.985
184.32
-25.7003
-345.069
776.426
378.805
-103.78
-1566.52
-825.518
336.212
1019.2
-178.365
348.325
1310.41
306.441
-861.895
-348.254
-1135.38
414.931
-857.039
505.771
-1115.25
1038.61
810.268
678.013
-148.013
-251.379
491.457
422.009
-58.6964
-108.067
1167.35
1010.84
977.214
371.412
1096.57
-580.31
-1627.28
-51.682
-527.759
226.082
120.658
297.248
661.439
-582.271
-279.932
126.393
359.53
86.0304
-486.932
844.236
1485.88
1120.9
-516.183
599.467
408.28
16.3159
-75.3137
836.614
508.183
1203.26
-458.819
-264.185
-401.868
595.404
-632.566
-344.363
-573.7
-325.056
480.032
-176.043
-118.618
-485.425
199.437
-164.621
840.485
-521.466
308.444
1173.84
-38.075
-392.687
793.883
-1149.97
-237.006
264.03
-74.9566
-438.409
-693.697
-695.679
723.971
617.548
-4.03819
-11.1022
-290.766
139.717
-958.326
167.788
-170.894
-37.86
-70.1059
388.135
1382.96
-699.488
580.904
-999.603
325.515
287.186
931.838
508.861
-1073.5
346.065
90.5856
-989.037
528.752
541.731
1009.69
800.144
19.6862
-151.663
-57.9928
134.764
-60.939
852.639
-747.167
-863.539
134.826
90.3894
58.9388
571.119
255.441
1114.94
-485.43
-803.736
287.359
-847.046
28.3942
-532.841
-164.107
688.967
686.68
-356.208
180.864
526.855
861.961
-298.864
-677.671
-819.597
-1315.05
161.603
-686.272
-559.815
-788.073
119.261
-317.654
40.2177
654.019
116.726
154.149
428.889
556.673
562.281
-1011.91
-662.362
938.284
173.167
-639.65
-203.65
-69.7974
-254.28
-926.011
-237.679
-114.9
-347.426
-452.129
159.853
174.954
-388.683
-104.087
744.681
-212.633
128.094
-1211.81
251.686
-663.604
-373.615
-139.017
1296.88
-756.469
795.253
-1070.99
-235.456
282.206
28.8686
-1021.51
-239.326
-147.328
-106.61
137.495
413.262
186.327
-229.055
-930.902
142.201
610.145
-76.2246
-207.87
215.239
1214.01
368.781
494.518
-167.648
804.347
211.843
120.047
-369.08
284.624
70.4358
848.159
-561.109
121.8
669.14
511.768
-645.194
133.528
186.977
7.49283
217.059
-196.555
235.792
-21.6679
-363.482
-3.42966
-685.981
492.405
14.5778
327.39
258.304
887.551
754.176
-913.944
481.498
68.5855
-27.2467
737.835
210.051
1142.32
-410.02
-237.268
-9.34569
401.393
-186.425
-898.599
26.9636
-509.926
-63.582
916.255
-1019.98
-1268.25
-500.05
346.549
-1006.81
414.043
-248.877
-539.776
-182.575
-365.449
392.576
1086.48
376.759
574.903
518.137
1081.17
820.103
592.062
-302.499
-71.646
955.502
545.915
758.85
-71.641
-59.2524
185.284
-1133.3
630.033
828.575
-125.956
56.5098
893.028
-245.893
-417.183
-90.7876
-170.686
1073.9
962.72
785.684
1872.5
388.383
168.308
302.983
-1247.4
95.6476
-823.558
-492.486
1187.55
-579.7
-250.94
474.844
414.089
-519.471
635.757
847.461
685.61
725.104
484.541
-781.307
186.868
438.235
173.31
-372.838
-541.47
-372.059
713.744
-731.265
-634.036
-205.432
-100.962
-237.924
787.249
-381.844
-1425.4
291.304
920.902
703.292
545.4
1089.27
-339.946
-567.228
-202.391
294.334
306.932
87.9562
331.029
844.297
-298.731
-1210.94
-317.225
568.872
-448.09
151.83
-332.541
277.43
1017.49
-471.973
798.623
-604.263
-813.61
-106.568
-1448.78
26.4887
21.8829
506.601
420.474
-339.524
709.862
-449.842
316.87
414.441
-395.489
-155.557
-297.802
380.287
926.992
-265.955
-164.641
568.913
-660.361
-933.549
144.429
-71.5633
-1119.63
-137.178
1159.08
-1243.24
530.724
582.435
-1155.06
-465.668
-641.695
-193.627
-630.377
93.2427
1201.14
229.062
1086.24
-300.128
-7.3445
-785.797
11.4082
91.4651
-263.655
216.589
-425.766
1103.33
682.022
-215.838
-138.904
307.856
828.395
-59.3628
-235.526
48.1263
158.098
1060.05
293.242
296.48
-364.409
603.979
-714.017
-923.539
-214.816
1099.72
-62.4626
59.0432
903.523
68.9107
-37.6624
-552.397
318.827
-491.768
-71.7289
396.179
-649.7
-408.828
155.321
-148.719
160.317
-376.657
49.2375
-866.011
-625.597
550.21
1009.28
-567.29
185.629
253.721
178.305
900.434
534.673
-474.328
243.703
-846.651
394.473
-163.758
-943.744
671.115
-438.159
-980.656
-660.6
955.955
-67.2242
-573.575
-312.294
585.242
984.518
809.506
1319.3
-1123.8
-539.715
922.928
415.736
1241.32
1049.5
-452.093
406.282
-155.152
713.949
460.646
-411.977
-28.6873
707.478
-418.189
611.953
185.288
806.996
-245.535
-1020.89
145.957
-32.2402
1112.75
749.963
215.309
-554.006
149.681
-650.607
-553.908
209.865
815.666
-896.746
657.953
-272.428
254.359
-818.108
1218.6
512
157.355
-398.124
453.795
1033.33
-769.915
-323.79
1169.36
-435.424
470.244
-95.0801
646.596
200.526
-463.003
1029.65
759.536
255.041
-575.589
-868.179
-990.116
530.737
159.718
-425.299
-253.515
-345.906
-744.66
-91.4904
-642.434
-540.563
-883.301
40.9982
-574.764
-391.265
-363.889
-582.25
250.659
285.406
342.804
-845.567
-527.024
1478.8
559.511
452.231
350.719
917.972
-659.216
476.489
-838.078
-154.619
381.414
-295.986
665.908
-93.819
-1115.48
283.509
1014.12
-613.998
604.725
-1142.07
-0.107784
426.22
357.893
296.578
-150.665
872.412
-846.469
0.0502807
367.728
222.841
-182.466
598.248
384.371
939.479
685.558
235.809
247.607
-240.097
647.073
-600.855
-1071.01
-56.2757
-975.173
-1023.37
-231.658
-760.176
-253.399
200.397
-192.66
600.893
313.052
-83.2843
257.849
246.465
647.238
349.01
386.52
144.77
342.44
-244.747
804.118
-764.083
30.1053
280.254
-779.723
-872.705
-597.675
664.633
-855.552
215.212
-729.492
-662.712
1206.63
419.479
708.666
305.857
-327.803
10.8585
198.882
-107.986
435.981
700.952
-1300.26
620.317
-95.2984
-1204.16
479.883
-204.859
516.089
575.699
475.11
982.332
611.232
548.766
1019.6
69.8315
602.684
456.764
172.589
-235.539
224.323
746.781
-696.555
318.131
1092.52
-202.439
1040.91
869.193
-439.73
-307.31
140.773
-228.708
-309.106
-807.97
-789.686
71.2324
558.729
162.413
169.688
-230.199
1020.59
158.527
-488.238
-793.109
526.098
153.174
146.812
-1009.38
-841.105
1400.13
-288.297
399.817
-80.1183
-66.5116
505.112
-571.587
-614.04
-177.009
-261.143
-177.579
-151.154
-98.8084
351.13
1339.99
234.361
-326.136
694.843
108.162
681.4
413.761
-1072.81
630.893
558.764
-621.883
155.79
454.495
-212.546
-370.124
1213.25
104.214
-152.062
372.519
-356.839
537.836
153.707
648.525
325.341
81.8325
195.499
-340.737
-131.682
974.855
308.808
323.666
-743.13
596.527
582.396
566.318
-130.493
-333.828
-1404.37
-210.776
28.6875
-427.096
133.009
472.824
1033.75
-660.336
493.286
261
78.4871
-141.874
-726.691
-344.744
-214.209
664.499
98.8268
192.475
719.959
338.343
-26.8281
515.583
26.5966
572.204
-861.485
89.5045
732.156
-224.048
117.343
-385.952
138.856
-59.9789
385.055
1190.34
547.97
913.423
450.937
-497.615
790.929
-1054.31
-610.204
290.049
680.579
147.909
-65.9942
1359.46
-1192.94
226.249
1378.13
-555.686
-1260.57
-136.551
254.504
-84.3027
450.852
1040.03
60.6236
-893.217
-578.271
1677.1
679.717
-565.361
-214.316
7.68987
773.651
313.441
-725.963
-242.832
835.9
339.26
958.112
-483.667
441.043
-169.301
50.5216
-317.233
415.21
986.166
520.311
545.439
-359.199
-493.374
-818.945
501.274
-126.912
428.259
-201.14
-440.227
-879.633
59.3182
-1271.37
396.23
178.036
-328.646
-482.331
558.475
-455.285
19.0511
-394.975
-45.5405
459.802
-685.32
-190.173
-582.25
-972.516
233.595
-648.903
195.726
-69.3952
-427.294
840.579
827.632
-85.6544
334.455
886.949
-653.392
389.166
800.623
-763.488
1689.84
1020.07
401.237
348.079
896.889
648.733
-814.095
883.783
296.821
-140.902
-261.214
412.852
306.324
238.63
-66.9496
-570.876
-436.404
-0.235786
616.212
144.06
-402.127
-1041.11
95.6522
-200.85
789.511
-607.324
149.319
122.963
230.069
437.211
1549.88
-159.468
-885.342
-610.151
-314.916
-1411.1
465.332
-358.723
427.559
-72.2732
366.661
1389.23
-423.477
-100.898
-508.609
-329.806
7.65437
444.03
351.762
251.979
-116.767
203.241
-495.818
514.75
1176.12
-98.0147
1.94081
-103.49
-269.015
-616.556
-872.209
1277.43
-512.189
25.8864
677.359
1543.8
511.259
-451.603
961.903
276.338
480.32
-646.095
452.614
247.81
-400.88
-491.073
6.02746
-256.589
1136.12
136.411
486.981
159.899
172.854
1332.95
82.7399
61.5164
852.104
407.171
985.313
-689.633
-82.3752
-567.245
565.533
313.715
-85.0768
88.7668
301.453
61.1669
-165.185
1062.35
6.81028
-761.02
472.161
-43.4957
-44.0583
235.228
-401.254
525.431
690.317
-474.273
-964.263
911.13
996.83
444.758
975.132
-82.5322
1550.17
-59.9514
-376.538
567.326
-781.044
1220.15
682.064
-70.1887
-670.46
453.172
277.843
670.61
-1342.2
-547.172
791.674
102.009
-5.77627
787.616
1178.29
-120.413
-373.978
711.516
-632.392
-737.624
-215.722
365.682
507.409
-446.492
355.668
-262.411
260.132
-1016.62
240.841
341.69
-34.9325
-525.201
664.181
831.971
873.15
1269.85
-241.68
382.866
-313.441
-800.721
611.389
-811.109
557.208
-13.6116
174.305
-877.991
277.082
677.761
1116.86
-259.044
-606.037
-870.366
-240.37
1074.05
-828.938
-1010.84
-212.815
83.0253
-495.089
160.673
-797.383
59.9571
-197.679
-315.342
143.382
230.619
-234.286
119.962
685.854
92.843
-696.601
923.15
-43.8542
-427.885
115.731
-1076.53
90.2772
961.341
-381
529.996
-360.144
120.431
374.862
566.734
1430.83
-302.17
-278.398
-478.113
1041.37
124.993
-627.926
-568.427
-50.8538
-382.75
355.048
-331.377
-46.6945
83.0476
-375.368
16.5374
243.552
-614.439
581.196
614.324
-33.0284
938.242
-404.553
452.536
-620.007
608.747
-483.504
-487.258
-502.043
-159.766
-19.6824
378.631
-702.764
470.734
-762.393
-81.8708
719.043
946.355
-411.44
-590.951
-481.248
34.525
-982.314
34.2779
-962.781
-201.243
770.721
559.847
992.537
-1570.1
-29.0046
-388.007
-241.628
402.341
-30.6763
149.363
936.79
-52.8622
389.078
-1030.86
-154.34
-509.888
363.824
807.887
487.666
-843.533
-279.909
13.655
462.511
-714.294
-16.0232
466.695
-44.1812
289.454
736.343
766.518
482.542
301.683
16.6836
225.068
-627.643
921.296
342.906
702.008
-370.306
-649.098
-736.734
641.96
295.57
-868.119
-3.51462
-1112.62
1108.21
520.717
754.707
-347.474
184.345
-741.364
216.191
-467.628
427.739
143.67
702.961
552.881
62.752
1230.63
-49.7934
128.797
1010.43
300.952
-564.893
-677.53
-1008.7
-33.3661
-539.407
-1025.3
306.017
91.582
-180.326
323.723
726.309
388.982
-515.114
1270.09
-664.353
-747.39
204.002
256.577
470.076
248.632
413.768
-266.462
-418.497
-620.39
-838.286
-538.142
996.82
-956.08
-226.157
184.105
-1079.4
707.944
123.56
119.502
269.568
1.75185
-377.477
-421.527
138.148
794.535
68.0645
-667.205
220.196
1627.08
296.431
466.886
-417.961
-184.003
299.707
-514.499
59.7561
-231.645
74.4219
412.064
-609.411
-159.712
-1149.85
378.706
-372.2
523.757
1225.26
53.9007
-398.834
-341.499
1027.66
-662.175
-622.343
239.135
-627.598
-204.537
759.587
1474.87
707.861
-807.022
-701.503
287.79
-577.865
-189.34
126.794
-26.5559
333.421
-830.916
140.873
-875.562
66.5818
224.229
305.828
-532.66
66.5216
1213.72
-776.542
-478.177
1098.88
-345.028
409.603
904.213
321.674
-96.6128
420.083
538.324
-74.8239
139.139
-690.016
-212.348
-341.677
273.805
587.221
-139.889
-824.953
859.882
-495.601
730.045
367.873
288.579
-1444.77
557.081
1022.72
-315.922
708.845
430.089
-834.497
-716.104
-244.717
509.945
211.935
-134.11
756.889
554.981
1010.32
878.261
426.323
209.043
-329.098
1454.58
1290.69
57.7978
289.679
73.31
699.237
-158.286
253.943
-52.4593
-402.689
393.966
1195.47
403.172
-720.068
321.579
1097.59
-347.119
809.888
-312.773
704.025
-649.039
28.611
-265.925
459.395
-57.1374
-314.767
-143.763
-73.5837
198.387
-903.546
-651.939
-306.752
-330.466
-953.261
320.866
-369.634
35.4617
561.86
-554.821
762.528
-828.526
71.7688
-661.767
-176.423
140.545
-499.605
208.062
583.31
-211.098
48.164
-821.946
315.185
321.691
-42.3177
53.3952
97.4686
517.191
-202.355
1023.09
-612.8
134.271
633.872
-101.039
-424.487
387.519
-109.374
748.299
791.713
487.167
577.346
332.321
736.651
523.654
-296.346
-292.923
-462.125
30.7725
-411.363
-560.051
71.9251
32.8512
-388.18
-272.868
-112.523
-739.514
1218.62
457.955
668.53
292.724
-453.871
967.088
-376.539
-1257.39
-339.729
252.944
16.4113
-407.549
638.088
-212.022
-674.451
1050.14
-1622.71
866.212
-660.067
-64.9554
-428.66
-390.362
-210.606
-171.273
267.265
226.236
-605.742
-159.013
-437.806
-1164.14
237.501
-47.9692
512.861
-236.977
628.733
172.001
-736.099
-62.7883
148.915
-452.505
-694.299
-635.136
-88.6367
181.265
-442.569
223.554
-293.457
321.95
-302.782
616.698
1342.8
-205.007
885.775
288.341
-212.53
402.154
831.903
-869.468
-203.408
-631.955
713.389
793.182
391.111
44.0279
990.815
532.158
402.651
991.55
488.292
181.333
154.996
424.799
-97.6355
343.505
387.91
-1414.85
15.5149
724.083
362.805
358.674
982.083
113.575
-213.82
83.7089
-1123.83
636.838
-42.9457
-513.765
406.626
-755.634
-1087.88
-380.504
208.864
545.398
-51.4983
-803.875
313.651
-673.509
490.112
66.173
285.458
-484.008
-577.181
459.166
-559.2
9.79407
-817.629
716.225
1412.66
298.074
371.459
-710.111
-470.139
-412.325
1311.98
-384.114
-204.032
77.7008
291.598
-792.971
797.16
-816.364
560.594
698.147
-464.908
214.413
222.483
-3.09751
-208.999
-107.956
216.446
270.733
180.358
0.275298
-132.056
166.941
-712.761
-693.638
-845.752
108.128
267.186
416.545
372.693
315.1
-527.216
326.896
-114.678
127.186
-491.505
-258.022
666.915
-322.615
528.55
552.867
99.2071
2.91568
175.198
512.276
-311.563
99.2712
-128.358
-1253.24
-389.88
394.26
-126.83
113.647
670.92
1355.08
706.258
-62.2865
-578.384
-257.814
-865.247
-622.221
940.327
416.266
546.603
858.712
1112.03
774.94
1069.07
110.128
-63.8808
854.496
-33.5552
184.244
-963.524
431.789
-962.858
824.025
275.702
488.458
1063.65
-856.571
-59.3203
-46.8852
-665.233
-1035.78
-969.919
-68.5917
392.823
-203.223
-413.883
492.531
633.909
657.165
439.869
-71.0828
-866.779
423.891
-16.325
-242.677
-407.932
91.6487
-280.582
-265.319
579.061
-548.104
507.647
361.576
82.4436
-76.9598
-149.821
233.491
-5.5208
1447.36
-23.7405
-474.06
-307.222
-345.328
907.92
554.737
382.857
229.649
922.29
431.027
225.089
-781.622
645.419
-998.994
489.644
-278.16
1357.2
716.64
270.177
766.214
222.453
-349.678
452.354
-331.78
13.9641
484.952
79.4457
-877.036
-846.912
-14.5437
506.08
358.907
510.155
710.727
-113.023
188.489
-369.304
705.524
299.357
211.212
844.975
-807.945
365.616
574.806
-972.244
777.077
-188.1
943.865
973.42
-446.406
-123.262
-1285.87
-240.091
-309.841
-884.381
-97.7965
-972.564
1089.79
-792.39
382.093
1148.09
-735.16
-46.7295
-147.783
230.027
1197.79
-477.098
-831.333
-371.255
-228.22
95.4689
-489.967
-1153.68
-289.066
132.971
-687.394
314.774
108.348
338.071
-203.23
-1103.12
-537.799
-154.662
-772.821
-285.654
74.1156
-320.37
318.632
641.933
-222.837
400.276
-178.086
471.469
985.298
-120.465
-123.752
125.073
647.037
976.926
100.401
-827.626
706.864
-274.245
775.959
41.6163
422.491
541.778
658.529
612.975
281.624
-147.195
-151.632
281.608
-624.41
697.327
89.939
1089.49
-961.935
154.22
1356.16
15.4124
620.028
-200.682
-319.279
1527.15
-625.009
180.043
449.964
123.818
-326.881
-365.457
-948.058
-303.519
-190.389
242.471
-250.108
-837.524
695.711
-61.1766
236.145
413.742
32.1539
-252.59
-445.914
629.877
-933.418
-169.1
129.918
-802.066
998.275
1193.43
349.688
-641.122
-644.531
-350.894
398.865
-1176.57
1322.49
-673.336
-438.649
155.854
-134.843
753.001
351.973
-224.937
-469.412
665.617
21.8092
1413.1
422.233
-258.325
9.18919
444.641
-139.287
-21.9917
582.873
-74.9314
-493.016
-274.51
128.166
12.9985
335.709
327.135
-255.88
-42.8646
-50.9221
-347.231
-278.256
5.3743
-786.674
47.4535
39.4462
201.435
403.273
-247.816
5.27182
677.018
1158.02
-372.796
594.498
-599.298
-378.904
-831.747
29.965
366.558
266.861
1032.6
-430.451
31.9347
752.263
285.372
655.285
571.298
-916.67
-45.1192
438.197
394.757
322.905
-39.4303
-282.129
473.868
663.661
-186.043
-246.09
703.247
118.942
-226.694
-427.406
-449.351
-723.376
138.121
-44.4183
41.5768
1572.29
365.652
251.632
402.684
786.03
755.12
396.425
512.676
-4.54174
111.172
92.5366
-468.463
-445.948
1248.41
-242.249
183.724
-731.326
581.857
1269.14
392.01
-278.446
889.26
-271.366
-266.122
-774.056
-576.164
312.312
-131.927
984.253
-224.331
1154.4
599.535
-246.225
-914.644
531.472
853.515
-657.157
-672.713
807.799
-172.316
235.109
612.406
277.264
804.966
-694.117
383.693
-409.522
-500.564
965.191
609.394
167.064
890.482
1137.72
1031.54
635.172
146.23
170.527
-1317.31
1.306
947.567
324.69
280.439
-58.1287
577.558
-605.705
-174.648
343.591
-398.449
-325.515
-16.6808
314.665
514.666
1259.84
559.828
160.59
320.957
443.925
-9.86956
904.899
481.48
-1139.92
35.3008
-508.861
62.8131
-355.853
163.19
-58.6494
410.724
-553.735
1048.19
208.184
-758.772
-344.819
-211.285
-137.979
201.081
-334.634
-71.8446
-218.338
215.754
194.77
-566.465
-50.7232
-725.495
84.0694
1168.66
328.53
216.768
132.258
199.307
-21.066
-220.482
-535.468
-96.7366
-149.657
1286.41
-12.8759
208.018
-967.132
-306.341
193.227
635.128
-641.24
862.302
-1309.3
-1140.45
19.1084
185.672
-280.323
237.325
935.675
232.014
68.6836
-809.2
-657.356
936.622
-638.088
693.954
301.485
-1062.63
-172.771
723.325
-1139.79
-337.769
21.5697
452.73
-256.213
210.454
654.925
-123.313
-797.872
346.331
343.506
280.162
474.051
-411.471
486.456
-404.174
-182.045
532.798
-976.131
1075.46
127.51
574.887
936.156
-537.392
-193.38
805.941
1090.45
-574.369
60.6826
897.242
-328.798
197.321
-261.644
-452.798
595.257
-329.822
-974.803
-680.449
-185.929
907.7
-1144.24
249.585
222.322
-602.194
-175.512
594.287
-318.515
1090.23
19.0891
673.773
629.788
578.839
-150.862
-610.422
419.775
-809.046
-617.154
-438.79
317.9
735.171
644.406
179.215
-692.307
577.492
-331.877
-709.454
178.441
510.822
34.1288
-300.223
78.9966
-1235.52
519.584
-80.9386
-1142.14
1265.32
729.295
-91.2121
-500.202
-75.1385
-999.444
613.028
291.894
-952.102
33.64
393.696
561.516
523.688
263.881
396.925
-45.0852
85.725
-284.647
815.048
669.382
622.74
702.056
1.18388
-468.193
-17.5994
918.164
146.619
-70.5784
12.7619
302.538
1022.44
70.8723
-197.967
80.8245
1143.31
148.483
-823.222
814.07
438.864
-607.117
-599.224
-658.142
-461.152
-1013.21
-674.454
-1065.95
868.081
214.755
-591.903
-56.8381
-340.884
-102.866
-514.045
-649.738
346.523
289.581
-515.126
-41.377
812.327
-477.148
421.627
-157.471
431.957
390.963
-505.891
451.63
1211.79
404.468
-1256.48
300.982
746.317
377.038
-458.487
311.897
-212.875
-667.647
226.34
-83.477
24.0093
-359.31
-179.481
367.653
-76.8056
512.012
-22.0405
-245.284
763.745
234.464
-746.707
-230.017
386.347
-328.993
-722.876
-143.911
311.569
244.817
250.085
-894.383
-267.097
500.399
-435.537
-752.392
-32.5758
790.844
-89.0349
590.956
267.337
127.226
434.325
924.196
331.8
1100.68
733.633
-64.3473
-1021.46
-971.874
274.414
564.914
505.644
288.61
469.497
-418.776
625.867
934.93
-224.58
1144
186.714
354.406
1015.26
-135.89
446.484
370.871
-467.53
210.487
-397.806
392.435
-56.7114
625.752
344.816
248.079
351.699
1202.32
-100.96
578.919
12.0401
-686.121
270.361
-1146.12
417.807
545.698
880.495
-599.576
-97.728
122.697
493.251
284.683
-538.796
-305.615
175.37
-644.26
-964.181
-487.775
-454.63
-1394.09
-307.756
147.726
113.464
1498.66
-1325.52
-371.273
-209.953
281.06
-588.769
159.656
347.946
-506.482
-419.057
592.375
-495.553
429.39
1304.42
-751.193
-500.33
849.744
-286.806
-350.668
208.012
188.183
528.862
682.651
-227.039
639.822
683.568
832.2
1187.5
190.943
-283.724
-354.34
433.638
-925.233
1356.74
133.535
-704.541
267.47
880.695
1442.19
199.676
-196.018
-121.153
-17.6499
793.281
-588.574
-44.4777
126.879
-23.3017
887.916
-126.492
1533.42
37.6755
151.786
647.76
-621.766
1040.5
-209.934
-1067.05
-403.289
105.406
599.925
-11.862
-831.825
261.679
-445.652
-465.432
476.56
-201.541
545.135
1442.73
209.905
780.42
619.254
216.621
-126.93
331.378
-240.348
114.187
434.804
690.973
-45.8569
1159.39
671.983
-689.787
394.172
-749.984
366.641
563.913
-142.616
226.721
-765.655
-184.261
13.3801
-459.214
1385.7
518.976
-461.951
1594.7
-3.8953
141.343
96.1607
-751.985
-1037.79
-416.539
364.328
103.79
-428.206
454.599
-724.406
547.771
-605.249
261.552
753.659
145.833
-57.0204
-51.0797
269.369
344.384
232.939
15.0607
1180.05
467.339
-451.654
619.429
-654.588
-937.824
-712.451
357.406
-87.9749
126.606
-863.549
-62.2856
1175.78
-98.3785
-566.599
-1116.7
694.007
-238.734
971.057
312.079
-921.505
261.824
-86.3982
1026.76
297.35
1008.77
-355.483
-822.862
590.538
-853.721
-215.317
-710.017
-119.78
335.784
503.414
-722.168
774.145
627.655
681.73
-756.201
89.6727
457.175
1095.33
338.192
-93.2952
-217.782
-710.258
1218.16
-192.203
35.9855
43.0814
579.584
-556.119
1403.23
860.149
-46.5313
-244.876
-287.439
282.409
810.127
60.3408
-29.648
-409.816
-600.312
337.042
287.803
434.494
1014.07
402.827
-573.645
569.339
152.082
177.064
185.631
271.126
231.622
60.9972
-1041.7
-458.294
152.443
-421.84
-580.648
-29.2386
-413.66
51.3411
-259.272
603.255
-292.42
10.5415
-477.576
380.353
28.8041
467.825
-75.9694
53.2518
-814.697
255.043
371.846
524.974
-860.923
4.43686
441.645
116
73.7299
-631.924
285.016
-752.868
258.799
-5.67566
31.2442
30.6279
-1015.46
31.4664
-396.695
-1065.43
-350.587
-787.335
-456.074
-647.288
-228.223
-197.393
109.776
-10.3871
88.5702
-801.578
247.047
1143.66
919.298
480.218
753.204
-2.50319
254.229
-295.176
-365.206
242.707
349.98
137.244
145.904
-268.353
607.131
-259.512
-304.79
182.387
230.778
44.1871
998.782
-220.731
975.886
-738.995
724.372
-129.55
-490.951
-417.148
55.1738
474.374
322.518
-478.366
965.428
-471.865
-237.754
78.1246
348.477
410.391
616.252
607.361
48.3352
942.148
-87.6443
1305.84
476.145
752.423
56.8726
-470.642
343.682
-24.1785
-370.602
1329.59
-122.775
990.101
299.632
-153.113
175.514
21.2984
961.571
1070.3
-292.16
150.493
584.343
1315.72
-761.068
325.051
-544.154
648.936
-809.408
-242.887
-885.486
390.637
280.953
388.024
-673.977
-170.35
447.68
-99.5152
-164.764
605.378
-820.74
853.064
-111.549
288.605
55.208
1031.28
-777.847
-85.6996
419.413
534.448
19.4541
1051.94
-1064.85
406.296
532.806
304.817
753.946
-565.056
518.279
-835.379
519
168.309
-430.036
-658.354
541.462
662.164
-256.116
-159.398
451.214
555.717
1250.35
-417.45
-933.117
-171.612
-112.803
57.6858
-366.931
-260.034
-483.829
-471.192
-344.284
853.981
-95.0807
-194.853
-847.092
38.2121
139.153
-132.912
-704.441
-300.249
547.975
-62.6521
-278.913
412.475
-381.759
-301.152
619.877
283.387
45.7792
297.862
206.001
-485.679
437.48
167.666
995.839
-20.2537
-1203.64
-35.8738
-6.56498
47.7503
184.669
-255.519
652.177
-70.6489
953.884
-925.391
-464.009
-545.285
990.831
-266.803
352.497
-1294.75
-1070.02
183.614
-297.872
148.207
-561.735
864.888
-155.62
-643.025
527.959
-527.721
636.585
362.536
-37.5518
-11.0197
307.165
242.185
526.512
323.582
241.319
-498.975
330.318
-263.539
-548.314
65.362
-596.452
-666.826
-577.948
-307.137
-30.9458
-1128.22
858.164
358.254
-433.013
10.6154
-257.745
515.296
-818.652
-317.153
-29.5798
659.318
-1144.79
694.802
607.718
-621.087
-1037.85
-754.696
547.556
-57.8037
1490.55
567.402
-553.506
-116.188
499.453
-183.62
-262.717
691.247
-304.942
-412.34
622.032
913.025
441.124
-842.751
941.512
896.134
0.472655
746.579
1480.4
312.729
-449.9
128.452
1238.68
543.726
696.338
776.462
386.35
-40.5344
401.78
-549.383
653.131
-132.532
-428.236
191.349
-528.368
-323.17
-846.436
-241.174
-186.216
242.869
870.681
-383.528
621.809
928.87
365.618
179.512
203.73
-386.233
264.376
-325.008
146.015
-248.861
599.317
628.749
333.392
375.7
594.69
-436.404
284.539
290.168
-251.524
-420.389
418.328
208.037
-724.64
784.268
220.18
-653.086
1164.75
1190.88
359.992
-262.296
-344.537
-319.17
351.088
-904.599
-107.487
-0.0967949
112.969
1190.45
1957.97
490.693
662.384
-502.667
806.608
-427.562
-528.617
-274.292
-1407.99
227.686
6.81973
25.6479
81.2545
796.133
-804.306
-491.592
-360.006
218.607
270.399
24.9348
240.16
385.014
792.199
-178.348
-894.293
1580.39
49.0211
35.5944
-173.299
-1079.96
-127.634
797.418
336.019
-129.736
1043.87
-1056.41
135.303
-392.83
400.191
-212.511
587.681
494.328
656.721
-1044.93
386.415
-262.311
55.7523
-348.635
-551.32
-1237.9
286.859
-988.877
318.084
82.4487
-624.043
-442.253
-919.187
-51.6722
-438.414
-195.787
52.0557
775.008
-48.6786
-7.04386
-101.954
-404.278
-29.4764
528.107
175.025
-0.771254
-5.2797
296.937
928.304
417.755
-252.347
212.56
255.737
-722.816
-280.035
-746.056
1173.56
-225.279
-1051.25
-428.798
-1089.51
635.954
-924.972
107.812
-539.98
-1062.3
-223.334
-697.636
132.331
293.746
448.959
-810.558
-591.068
-625.03
1379.33
583.951
1079.35
-730.28
-575.377
574.728
231.731
-57.0214
-1047.51
838.831
67.0053
116.662
-311.289
472.056
-464.76
679.776
319.502
-264.653
92.8519
-123.349
374.843
146.848
-582.473
76.4809
-421.591
1009.73
629.292
618.69
-25.9234
1164.15
784.18
-200.466
350.087
605.32
-91.6227
-1582.43
255.562
-100.141
619.125
248.504
-130.175
-1301.78
1346.8
59.9095
-114.051
239.485
-863.566
471.028
918.997
743.633
1191.51
-184.221
-282.499
-756.122
-625.097
-219.096
1260.06
-86.7817
-551.86
1394.63
-306.116
341.446
-64.178
582.789
-948.397
97.2549
-10.4691
-491.458
-59.5923
-349.371
227.203
-918.024
206.768
-487.401
-1120.28
796.056
-250.338
405.399
-350.806
-637.029
-323.613
282.659
-624.157
1094.21
1090.35
-2.12547
87.5771
455.725
-378.128
-47.8615
308.024
-90.7117
-970.33
723.445
-669.37
-640.126
-1336.27
-786.593
150.269
194.282
513.595
213.446
95.5925
-293.571
256.239
216.502
1166.09
71.3333
117.692
417.974
-806.14
-189.459
51.4705
-146.001
241.071
-38.4137
-369.05
496.845
431.106
442.754
-853.492
-697.441
-1032.9
-18.7418
728.508
-402.831
585.593
-145.268
259.065
-72.2571
933.25
-254.728
553.236
305.949
1386.79
-60.3414
420.63
850.184
-77.237
742.024
316.356
42.8285
488.256
365.67
592.79
-1127.82
988.25
-233.649
-191.543
368.627
58.9945
276.462
-597.795
1073.02
422.259
726.412
315.817
826.515
557.68
1363.19
-803.219
-23.5712
-106.928
-343.774
-32.1582
-118.353
-371.052
-297.673
56.8691
-220.108
185.138
-135.883
-118.08
-181.509
196.895
-149.706
-20.5357
-329.921
104.586
783.531
-0.807783
-3.75848
357.367
386.553
-654.078
-266.493
-151.434
-329.911
-744.767
-46.2016
897.33
8.73295
470.049
-527.482
342.297
13.8266
-552.159
373.271
1095.7
-373.793
-1289.4
670.782
255.658
-177.87
-867.185
108.198
-1166.67
-582.216
385.587
223.373
-120.355
313.95
196.017
-223.868
310.149
88.3289
-981.757
102.087
345.441
306.167
120.036
13.3081
