1164.49
-861.956
420.274
520.291
-256.049
-568.384
1271.2
16.5763
97.229
967.469
607.302
293.561
997.326
-1.26465
-919.414
-86.8198
485.066
767.333
-388.466
169.407
-669.466
356.272
-370.129
843.37
282.684
-148.958
-970.632
783.56
484.582
151.167
-157.731
106.608
259.908
-330.55
-415.993
5.39226
-491.398
-1068.13
-972.349
445.831
535.452
209.357
538.056
1186.8
794.799
-215.983
258.552
-615.819
-968.791
89.4177
931.856
-367.25
-122.753
248.223
-126.333
-184.796
-394.464
870.318
464.454
-266.975
223.622
-678.945
346.682
613.716
-40.3619
-5.35859
492.467
-16.9245
894.541
927.325
-90.6565
517.811
-738.903
127.301
-88.9042
174.164
-63.5728
-178.692
795.45
-804.875
164.685
1657.15
-428.219
570.739
368.538
-163.397
-733.622
488.167
113.27
789.183
507.894
78.4232
36.3663
114.619
-423.065
91.9031
-11.9151
298.192
-928.583
436.773
783.658
-226.469
366.514
345.746
1134.37
-77.5074
752.733
-217.88
-99.1367
-875.841
483.754
-308.008
107.459
421.547
-154.913
311.46
574.589
-84.4209
400.04
-81.383
-471.044
567.431
-1078.83
-794.482
797.194
-330.473
538.894
-574.751
43.4827
-468.722
-687.54
161.294
-597.378
-14.3999
791.621
-82.3853
1042.2
-184.439
201.289
410.898
-240.393
616.122
56.6368
-384.544
970.188
615.582
512.832
187.015
-186.997
-311.156
78.6902
-208.995
530.119
-663.514
-147.047
-399.21
785.974
-261.05
352.413
928.884
391.785
-296.394
-957.356
421.157
479.466
308.395
-54.985
-526.731
1126.45
292.592
1175.88
-111.592
-313.63
426.293
103.088
-177.616
458.02
67.5488
-632.07
71.4891
153.125
-1107.22
-884.309
-84.3662
1002.31
-478.477
-361.557
-9.8254
-34.0753
194.25
-624.283
-1027.84
-306.069
173.002
-700.511
614.068
87.1014
793.289
881.813
-552.794
-138.658
531.039
-401.852
15.8844
-224.262
-498.577
-1328.67
-219.835
-535.931
409.729
-588.235
855.057
804.74
898.746
-266.323
165.626
227.421
361.011
69.9004
727.165
-547.988
175.037
717.533
-122.978
602.934
-217.88
1145.67
439.243
-833.696
-819.236
907.568
-955.401
-528.06
315.701
-626.5
211.359
-86.8302
-567.481
602.386
-540.588
-2.07494
883.318
175.689
-135.142
452.317
-571.742
-335.656
491.171
-492.821
185.603
236.33
-967.442
308.602
-122.479
1464.42
-666.143
93.4372
389.487
-81.5331
920.348
206.264
-399.778
-197.579
-870.236
498.71
69.2398
-489.361
1040.15
191.373
-87.719
-329.309
1018.03
-417.239
-506.128
-425.914
649.59
475.457
195.493
14.4644
979.595
401.504
353.984
187.215
868.069
-148.83
-355.628
4.77739
1293.31
-145.69
-660.918
268.278
395.444
331.946
357.543
1117.1
-1101.82
663.295
-809.246
-539.278
934.747
-613.005
104.498
-518.394
402.849
1352.36
1393.38
293.803
276.197
-669.23
-1116.37
-21.5347
-1265.72
-1344.91
348.381
20.2932
661.41
-412.417
164.315
48.0523
82.1469
136.689
246.123
-417.573
871.716
-720.018
-171.089
-598.808
49.1939
157.5
219.009
-222.565
183.498
-110.483
244.894
782.631
604.72
69.3983
-255.423
513.821
-595.42
-78.5261
478.492
459.19
481.264
1062.66
206.041
422.424
420.249
396.651
318.515
-204.642
666.468
-89.6156
-361.335
-102.892
432.046
-691.968
-864.449
-511.938
1697.54
806.379
1073.28
-988.658
443.73
665.101
822.427
-1342.02
-394.32
521.402
335.005
-700.172
572.859
-29.7682
-311.875
-662.026
548.652
233.797
1257.1
-82.9474
1072.04
942.198
-994.31
164.554
887.963
-112.812
-1397.56
-570.272
142.194
-453.519
650.998
-177.802
543.119
-670.912
-374.87
1270.02
-157.805
50.0033
320.299
53.833
-110.504
434.273
983.756
852.064
704.007
-249.831
-576.463
579.093
-893.082
-604.886
1210.89
-182.163
-362.938
147.294
-46.3495
-213.892
632.496
1044.72
-219.44
-124.484
403.3
645.423
204.721
329.626
309.944
771.862
539.735
-115.016
141.358
424.538
-288.372
756.532
229.778
507.582
-894.221
-201.204
57.6703
-157.119
1161.5
1102.63
347.261
353.613
-92.7858
256.143
-641.15
-561.658
297.004
-106.288
474.917
12.9915
-48.6761
-527.046
-851.991
-396.799
1230.88
363.988
956.414
213.764
912.199
-795.273
1133.08
640.764
59.2753
122.229
804.014
625.48
-893.374
764.744
-324.192
638.219
-72.1041
372.517
429.231
794.019
527.592
-587.547
99.4757
362.186
184.872
-212.153
267.137
192.84
246.255
623.035
237.82
-82.2166
-1084.94
100.267
1195.61
-71.4486
487.445
451.486
486.925
356.039
-122.107
-694.73
590.255
250.639
-833.832
-12.1001
291.641
-125.777
403.566
-450.573
-884.648
-353.003
314.313
-232.086
-311.247
-923.126
-403.816
662.654
1136.82
95.8198
-691.298
-345.818
607.357
149.247
93.6962
230.168
373.439
-494.129
-951.245
-618.578
-952.168
-351.004
764.8
379.465
-719.932
664.054
-3.80129
-222.794
605.497
163.219
511.65
108.361
1348.19
363.553
299.045
-217.716
-198.18
45.7545
-681.075
695.429
-266.469
-325.742
599.242
143.718
-643.146
462.462
-169.697
-462.595
646.81
-479.948
624.539
-54.1138
-473.405
858.646
-566.969
-263.224
-500.779
-533.469
398.541
386.481
231.756
456.159
124.293
-292.052
166.228
930.603
-144.885
-559.89
-364.118
-31.1169
75.5531
-597.435
-55.1542
-95.1969
1728.69
322.908
-281.925
-435.902
225.971
-33.4956
-1081.85
-638.562
-718.333
278.288
-461.991
-98.649
-439.839
65.6783
2.74705
88.8236
-453.718
-274.338
781.996
197.952
219.805
-1288.21
575.706
629.503
285.872
-92.7446
-59.311
-175.71
317.801
-209.43
1273.86
842.749
440.37
-650.243
-371.583
59.7423
88.3838
191.286
-1.63196
32.1239
848.913
-323.183
194.216
1130.65
-804.341
269.237
586.491
585.163
-3.38064
406.37
-314.224
543.941
1025.06
182.543
890.472
-318.827
833.009
-323.118
-626.27
304.134
1223.18
-705.309
589.621
231.656
570.498
1517.71
552.426
763.518
436.638
243.101
-626.723
172.72
506.364
127.188
1271.56
220.654
513.417
444.8
-452.047
-737.195
459.652
-241.099
-177.35
-3.10724
695.78
-668.711
-852.296
107.612
435.683
1381.21
722.5
-189.671
1629.55
632.333
510.801
1352.34
-135.608
-258.202
531.3
-405.484
465.853
-192.463
318.55
1068.62
415.901
415.474
375.185
1176.12
156.201
-550.734
-63.0925
247.225
290.761
-22.2414
-498.198
-115.257
-129.084
428.817
-1045.41
-597.258
21.3474
-66.0011
383.791
323.522
-472.773
938.833
612.186
53.467
-175.115
201.031
709.558
495.902
1354.51
954.065
-196.39
-342.404
220.549
-670.02
790.384
301.233
284.645
-114.744
912.501
83.5071
140.172
-50.1876
-321.888
-887.693
129.574
71.5298
1044.16
-115.278
298.691
528.544
292.97
131.622
562.729
27.5494
-156.595
487.006
-690.408
931.831
519.841
430.101
-1020.49
306.205
-56.9533
-629.986
81.9883
1468.67
244.035
-372.166
1316.64
869.028
842.134
202.308
172.839
1151.26
-18.6863
-120.104
161.951
423.118
-318.883
-966.837
-350.477
-193.17
26.5852
520.891
177.9
-1143.4
-205.488
1200.05
-200.861
597.557
1114.77
428.045
-749.2
-891.563
-873.389
-205.888
-323.741
466.079
-533.282
-291.703
-170.166
-214.715
256.865
-702.823
260.934
-788.526
736.158
529.873
565.631
-405.412
-386.981
394.693
-233.938
-129.237
-179.538
276.344
554.774
324.81
-320.735
-162.036
-32.6266
475.027
-30.3347
-1083.61
1013.47
-399.079
-124.323
19.1949
-722.531
140.049
646.751
-482.141
-319.978
982.954
-449.901
-293.558
425.538
-787.666
-333.951
1098.22
-222.797
-286.792
-696.348
552.646
422.096
-430.356
348.289
82.8283
553.363
-228.006
534.3
-958.186
-440.069
-259.72
-1041.5
-1109.9
501.788
104.475
-989.128
1003.45
485.904
-334.229
311.343
-283.413
-478.599
411.994
-58.9457
-405.59
253.425
-470.004
-568.592
901.347
479.779
1070.41
194.268
648.818
-718.585
259.402
-162.446
432.818
595.671
-307.132
1069.47
-1550.14
-248.061
-631.471
154.056
-95.4819
562.506
-416.025
-76.113
1.37423
-799.821
-796.263
-56.959
279.734
717.435
1686.59
1302.86
-130.428
516.115
1382.48
-660.346
81.0573
-248.235
57.5308
996.291
545.153
333.369
-66.9736
556.984
-72.1138
68.5073
-369.131
-657.197
1940.05
314.967
-110.517
495.392
121.166
-740.791
-414.838
243.776
690.332
229.854
358.711
717.122
-521.057
15.6256
63.7049
264.521
298.799
130.735
52.8978
-16.795
280.838
87.6288
-517.301
-487.107
502.808
1277.06
-416.497
-89.3096
-596.833
-370.078
-335.071
328.089
-678.202
634.068
1133.2
-969.751
408.403
738.614
-400.169
218.199
-108.296
143.724
-324.467
345.375
661.121
552.026
-164.796
615.982
460.771
-515.709
-354.178
426.101
-510.241
-402.847
122.464
-293.637
261.659
-101.393
-207.499
1320.62
24.6588
1120.37
378.771
306.399
-683.724
78.2454
1248.93
305.964
730.632
-99.1973
35.1362
257.105
1213.2
-1223.2
-48.2557
799.901
1470.69
348.587
603.766
1347.14
361.221
-1087.93
780.274
108.877
1066.77
-96.5807
515
-352.717
-571.976
746.194
914.375
1010.61
193.658
1030.24
-627.735
75.5797
292.251
108.049
377.032
-460.859
-788.428
230.462
-254.843
-718.702
-359.087
756.667
728.352
-58.0356
-624.339
-756.368
-412.305
436.88
-175.555
-588.984
-698.118
331.559
82.2575
-122.491
778.318
1044.92
-177.137
-681.178
586.944
-280.682
1338.19
485.645
389.599
-389.244
567.518
-434.728
673.738
334.342
133.461
-399.086
171.559
317.291
-81.713
42.6369
-755.266
735.844
-145.428
372.224
932.839
-564.069
-609.823
-259.969
-705.961
-801.751
-232.806
233.976
535.011
932.151
458.935
338.606
-260.009
680.854
-270.534
-131.15
-203.342
994.687
-420.729
875.543
-267.358
-848.735
-643.018
717.295
-123.304
-529.149
-191.491
942.923
-69.9458
-293.156
-777.082
-765.817
932.61
1098.62
1241.73
-830.928
-1140.26
376.194
-178.505
-459.112
-234.786
22.5213
-63.6306
-208.382
89.8665
251.034
195.166
6.47008
151.416
146.24
62.2875
-437.772
1094.09
357.212
-464.067
-524.447
-90.0314
1058.32
4.73866
1224.39
778.22
-253.91
821.029
-284.51
-510.367
10.9116
4.39539
-273.332
605.38
-309.926
130.066
27.7708
-131.386
-873.556
-726.585
-201.714
-280.331
557.089
422.155
-240.033
444.815
-821.597
-388.7
1184.63
1170.75
-506.309
138.909
102.712
-325.641
-23.4294
-626.892
-245.41
-794.298
523.316
464.143
-603.365
-635.482
-79.4417
-268.652
437.349
187.107
-273.713
268.978
665.33
-837.733
-180.59
-267.704
-457.385
-220.273
-167.019
64.2873
649.39
-624.646
616.014
-517.753
-489.229
-240.04
-64.9216
76.4682
-641.793
821.92
64.3921
388.192
1051.32
109.015
-452.432
-524.072
-1194.38
503.108
488.804
422.867
957.561
-638.36
285.804
-394.254
-628.074
222.578
392.138
328.334
277.841
594.711
950.419
-130.565
33.1341
442.013
336.248
-773.849
-521.931
-52.1356
170.885
652.144
100.922
-1209.18
-159.45
483.601
816.463
-1058.71
19.6945
-1005.42
382.538
-186.08
1038.84
-299.138
-45.416
700.25
-849.802
43.0244
1078.96
1385.48
261.331
386.213
-1284.01
-23.9135
502.791
287.653
-134.284
491.732
1161.73
-1034.61
804.081
-77.658
128.454
365.599
1106.6
-541.302
243.629
-451.36
214.223
95.4929
39.793
-341.814
-964.239
-767.906
-779.143
102.895
-831.083
475.315
461.229
-147.457
-585.792
-437.95
-124.958
292.387
-38.2578
-898.909
-58.741
378.239
-151.209
-421.733
466.386
-376.115
599.192
963.689
-606.729
299.697
276.855
419.946
712.329
-199.697
-610.396
-849.451
557.304
140.176
-143.851
-505.343
-433.096
-515.391
985.3
-526.657
-726.181
-190.61
747.159
-549.101
470.117
882.071
-1190.24
161.823
231.163
-1191.34
-261.109
505.74
-142.55
-147.615
199.147
661.085
514.665
-494.917
1815.33
-554.214
222.123
517.388
243.887
-77.2616
387.195
212.185
-81.4964
-326.813
497.176
-362.085
770.019
126.741
-486.268
1329.42
244.974
329.44
313.328
-21.0927
857.324
389.81
371.669
671.933
-209.415
1314.19
556.603
1029.4
-136.076
-348.477
385.517
-307.549
318.794
-541.515
-989.999
-93.0064
434.421
830.445
-112.253
-354.235
555.879
-686.127
603.143
-254.852
167.805
-252.102
-74.0289
705.567
369.875
-762.885
-143.371
561.96
27.096
-85.4728
204.641
1096
-20.0668
89.1402
855.29
236.646
-58.7268
-846.861
67.5695
-7.35376
963.455
-437.21
472.775
462.381
150.431
-480.048
418.048
363.977
-288.229
1139.99
592.457
-239.089
-189.727
209.311
-21.4698
-628.792
147.877
528.347
-338.543
870.83
901.197
-5.85435
-1426.19
-369.073
510.274
-117.515
489.307
401.349
-646.406
-617.51
-68.6116
-38.4391
-175.309
633.518
350.313
-739.227
-22.8606
-747.88
439.48
-321.851
50.1098
1133.17
-207.668
-407.355
-119.574
-579.485
812.994
-36.7422
-785.984
66.4812
-454.783
285.384
291.161
538.759
866.376
-285.39
-212.597
880.941
322.343
435.376
502.845
385.598
491.126
-186.587
-474.79
389.768
-272.941
158.782
-190.617
82.5662
-193.19
-202.281
769.923
-640.025
236.008
272.889
265.335
1229.92
1514.03
-146.185
-371.495
-346.891
35.1449
104.593
-486.835
-192.171
-557.808
80.4273
-424.664
-274.139
631.617
682.18
979.457
632.95
-342.468
92.4676
730.468
-709.265
990.827
466.781
-505.129
746.512
103.926
581.779
660.33
701.158
-150.399
354.652
140.751
-149.587
-419.108
-1213.62
-831.294
281.477
889.785
393.414
-486.834
211.624
-272.578
265.368
272.249
180.537
-736.011
-870.987
1213.56
-131.847
-468.931
211.214
-212.792
195.901
573.561
1017.45
-385.863
467.324
383.862
479.761
1557.92
489.026
242.437
-996.348
269.548
-315.653
319.848
484.879
913.868
-227.368
366.154
-685.399
802.577
-933.119
1291.22
-237.845
428.977
407.459
-134.993
-215.756
1769.82
577.443
-892.928
354.213
-294.483
841.38
-999.713
632.942
31.9793
-210.619
1579.68
1197.62
560.291
-155.453
-776.102
-390.254
512.438
62.5905
-676.652
376.344
262.808
-15.267
-248.751
737.489
-223.283
409.901
183.432
-780.999
938.343
-954.629
722.54
-243.233
855.659
-845.014
1112.62
322.667
963.981
787.186
-712.404
813.499
864.531
-198.289
617.403
-1028.9
-46.4105
397.788
-541.876
-110.765
473.15
-140.94
771.507
284.661
-840.665
-16.8601
-910.97
110.86
-62.2878
-298.878
672.8
-928.852
136.372
68.487
-761.859
92.6585
1479.35
-383.895
-102.397
48.2598
-768.671
276.323
-22.2582
-310.643
-841.752
-70.196
551.554
1174.96
777.862
-16.7189
-524.251
-401.219
-879.145
1172.72
607.588
-379.706
-519.082
-329.988
1003.81
169.868
424.456
-503.002
163.916
-526.685
-952.479
138.45
170.017
-1160.47
198.538
-73.3333
-668.955
447.785
-886.559
920.103
-38.3172
539.484
-695.225
-941.884
-498.741
-710.846
-867.563
48.1789
545.51
1272.2
-890.231
722.879
1340.36
2.23233
550.18
757.237
-242.323
-504.034
-271.447
506.922
44.6565
877.183
-325.332
542.834
712.161
136.523
655.004
-467.68
748.002
85.7915
552.419
151.899
-406.252
-833.435
401.637
-319.697
615.366
510.891
-376.806
-360.981
368.635
-867.201
-209.654
-136.079
320.764
-943.114
-666.845
643.677
-46.3414
78.2176
387.033
-331.39
667.493
241.117
210.294
50.76
391.861
-111.759
1440.15
277.628
704.265
974.93
-573.693
-190.989
-206.518
495.57
711.415
-523.587
-1127.33
504.401
-120.814
-39.1449
395.603
722.297
318.7
778.691
-113.028
-6.08424
-85.0797
-27.476
1173.72
-326.656
-306.703
345.133
307.74
-313.739
-43.7241
-497.235
573.604
550.516
1063.87
-429.8
-170.967
327.96
1372.09
-11.2702
-539.89
-114.088
-348.626
-15.2035
-472.706
16.4799
-58.2433
526.716
1126.27
-1017.59
-16.5207
720.393
577.005
1190.37
-201.742
1050.27
578.692
-923.613
317.858
583.431
501.679
-506.019
-310.754
1105.35
-517.175
-1016.3
-176.994
72.5088
258.366
171.402
98.7585
-147.313
213.789
-32.5113
1238.95
-1261.65
-815.746
453.919
470.7
557.991
803.302
956.123
-323.059
16.0993
-118.545
1053.21
499.91
-661.558
701.429
555.604
27.9262
1143.69
-163.412
-418.764
137.968
-3.837
-180.788
195.12
-1155.1
-925.052
46.104
213.662
-357.287
58.9078
1160.12
-156.037
298.376
508.53
238.631
-289.033
926.435
-107.356
348.188
-204.719
1300.75
837.313
1023.64
230.21
1010.92
-110.969
346.713
263.228
244.869
1168.29
1022.78
-303.003
-401.997
526.889
1012.06
-56.2679
183.782
-1032.19
-607.764
117.378
-429.44
1019.34
159.786
531.442
520.074
672.209
-377.089
585.843
-37.0924
376.256
1106.92
435.307
-940.07
395.524
726.473
-282.018
846.366
743.218
-107.334
802.309
-675.627
-100.749
-469.197
-310.207
131.634
-505.135
-283.758
278.384
-5.39259
62.553
15.1673
1000.38
-265.318
-928.493
-165.496
-222.239
-58.0626
75.6089
232.169
-248.965
-318.461
227.196
-56.3091
-170.277
-292.232
307.141
2.38305
-109.925
968.799
731.675
90.0753
11.0107
-692.317
-968.892
320.789
327.189
345.837
-781.225
-561.594
-622.483
489.764
-611.325
742.973
-106.393
-160.927
85.9149
224.474
1239.73
518.206
923.976
352.631
-264.879
1340.27
832.18
150.469
493.541
130.006
-652.561
-924.444
188.987
176.117
1351.07
968.114
437.481
295.201
36.2039
-729.14
1013.84
126.742
-544.485
404.846
450.302
307.684
-428.512
801.478
-315.758
256.961
167.728
228.615
153.145
-404.561
-666.488
-393.785
141.227
389.544
120.85
-893.038
676.973
32.2902
400.207
280.076
87.9162
235.342
279.282
304.113
883.269
-102.361
-242.294
-1152.97
-326.536
-1239.92
640.901
1553.19
-632.129
342.599
418.275
849.86
-78.9476
-868.163
-449.424
-302.367
64.7955
369.627
295.986
-114.986
432.54
50.7969
-1138.66
1198.6
-25.9471
356.063
45.1795
510.316
240.804
6.32265
-708.585
375.221
-164.463
-1465.23
-731.02
353.167
187.524
-501.992
-513.007
341.71
-732.587
158.462
-1025.22
-113.54
11.23
-115.057
-914.741
-1200.88
-293.657
258.841
488.435
-91.4704
500.222
45.6148
158.734
-37.5109
721.948
378.025
313.171
-825.174
279.876
423.192
-38.8834
299.496
-847.699
-424.189
-319.277
-882.812
-4.1836
-671.803
437.179
-382.556
-84.1168
120.038
773.83
724.958
58.1192
-418.605
115.469
1052.23
277.44
416.835
-284.022
89.6826
-237.442
425.752
-543.504
887.666
103.812
-798.205
-429.951
616.226
225.585
297.506
-363.748
-129.185
-226.555
526.234
544.637
108.402
-732.829
826.828
737.435
-550.403
-35.9594
1551.65
477.468
-452.865
-759.182
311.477
754.721
12.3864
-6.94486
94.6054
-281.772
857.74
380.752
212.407
330.991
551.444
90.2916
96.9854
659.338
-596.016
177.446
532.14
-1111.97
-731.653
-862.451
643.921
1017.98
407.395
299.993
515.542
-39.4008
-282.019
-382.453
803.366
-1022.38
-350.319
-934.693
123.523
-928.858
-223.788
-442.234
218.037
-287.386
-878.296
318.662
435.897
200.997
-104.721
40.9125
217.593
-233.415
486.807
1160.27
288.608
1039.04
60.4121
-344.255
-429.657
1183.3
-159.862
741.041
-599.207
-121.141
675.221
97.5769
-125.271
-293.282
1348.48
592.127
229.102
552.438
148.575
-746.849
478.904
583.005
-157.137
12.9927
-1305.69
-220.034
744.691
-592.817
670.557
-827.034
252.596
67.8859
552.152
350.869
264.868
-466.301
1236.55
-386.961
986.132
82.2841
-670.242
-459.221
1347.34
-1181.9
-72.8154
-383.894
450.776
104.834
-125.488
115.028
307.626
1331.22
-388.491
-49.5604
-146.718
128.465
757.54
-168.762
-145.492
133.563
43.6102
931.042
1162.44
-38.9386
1239.22
-470.205
-328.589
424.409
743.147
-71.2348
476.389
-146.567
561.098
-226.811
956.834
1272.73
-444.519
121.064
539.26
226.182
156.854
-663.573
74.7416
-223.224
-283.569
-1114.23
-716.55
40.9029
-1129.02
987.295
272.769
741.883
-658.255
266.355
720.95
246.156
320.117
-805.107
15.4563
74.8816
1166.18
-480.526
-626.942
-523.782
-416.507
960.377
1076.56
-477.991
103.898
0.586892
-538.893
-420.092
376.115
240.059
848.83
-336.458
154.518
-180.358
9.80922
217.613
-9.3555
58.0704
-255.127
405.983
138.762
714.881
-164.873
525.967
-574.274
43.7537
204.165
-179.007
382.202
679.974
252.532
78.3017
599.798
1225.15
540.736
351.379
670.155
839.356
718.499
-937.527
119.227
173.669
-411.115
1307.49
-231.723
-1082.7
-261.951
-553.034
162.335
-278.1
558.704
-976.43
169.041
-834.854
-666.601
-1030.68
-443.943
621.37
-383.266
-510.746
120.289
-482.54
-109.986
1485.63
691.012
-914.918
1121.43
416.955
365.208
71.198
656.727
-45.3312
-505.818
381.429
579.42
-78.9637
-1270.98
-112.075
-318.591
462.718
-178.044
-535.615
19.3544
90.8171
435.883
325.377
493.309
-439.135
286.477
800.834
0.47158
-935.503
827.447
-129.434
-245.02
347.584
-340.832
90.4678
65.065
-26.2009
-865.482
366.993
346.52
-418.387
-155.635
13.1798
795.924
427.276
51.2346
622.155
-63.3752
775.054
-730.734
361.536
5.23554
-29.1503
28.8773
-361.102
-282.584
-156.311
239.009
632.343
-441.807
215.459
-85.8007
-125.755
-356.937
-43.6665
516.126
-207.319
62.7871
562.538
97.2195
-1294.37
752.762
-47.0614
1004.38
847.934
436.29
1001.9
1096.49
538.625
-1055.18
2.01169
-484.824
932.324
270.281
90.9089
-646.366
-180.734
1129.23
295.576
829.893
-302.23
501.12
512.644
-97.58
-385.015
177.451
39.6584
189.551
568.162
620.934
492.677
45.2227
-52.1633
-217.938
-1265.28
-987.276
-68.9121
-277.994
667.029
-1258.85
697.645
227.569
-586.496
114.073
412.074
-570.783
877.832
503.073
51.7303
691.272
201.895
-1033.92
288.376
-398.083
714.737
766.879
9.43148
16.5108
710.884
-637.549
27.6292
679.635
600.849
-222.613
-1246.92
-206.357
204.651
-238.593
385.381
692.02
-10.1649
-721.358
829.297
-453.141
-631.766
454.513
1393.59
-492.445
-65.0237
477.607
487.923
-12.7792
45.0735
484.517
-322.235
62.1536
216.805
16.9793
165.049
204.212
515.828
-452.945
300.513
620.94
155.711
742.386
49.0301
116.74
-200.07
-69.8086
317.807
467.481
161.986
317.011
311.11
17.61
398.208
-597.346
669.98
8.91882
1314.35
251.598
40.0211
-814.128
-515.917
576.006
528.362
610.482
237.595
1263.52
414.991
999.354
188.427
142.147
1146.58
-1189.11
689.272
654.572
311.773
-1244.87
-511.275
-75.0682
-74.869
-636.479
-514.577
-577.399
-13.3703
670.905
-464.548
187.566
-426.137
175.488
353.43
729.655
148.698
-131.06
410.565
-678.281
638.843
663.712
4.76895
-471.448
-177.926
-413.612
-299.427
181.356
407.648
190.616
223.415
65.0253
-290.145
-1193.89
1555.11
-286.804
1552.7
-704.786
1039.04
-883.657
-451.746
558.565
-882.863
488.905
175.945
-512.626
539.12
270.005
45.0945
-96.7238
61.1161
-13.2618
-815.776
967.827
526.159
-900.834
-29.8291
1298.36
82.4242
-455.479
694.834
242.32
-122.967
68.6099
474.857
663.824
79.5185
-453.555
238.125
361.79
-243.952
711.913
385.708
597.918
-598.506
1245.25
-996.115
-354.92
1239.19
82.5511
-276.224
-982.808
176.084
-153.517
506.246
-379.062
255.824
-163.593
-420.059
789.559
515.964
444.859
74.9541
57.3189
662.44
61.2408
1158
-578.974
-26.4613
234.674
519.005
317.404
-486.005
-355.881
572.495
490.936
172.811
-153.94
213.001
179.631
-265.004
1257.47
951.716
-786.052
-581.168
274.479
408.998
103.968
878.59
1188.81
629.473
165.85
215.822
349.096
-612.171
-834.715
496.062
-1134.77
-154.628
587.551
-524.198
378.364
101.877
-578.132
866.499
220.891
570.629
657.937
424.724
-629.323
357.708
908.268
468.65
138.741
763.801
145.006
990.139
364.916
-128.262
-269.474
-278.343
-104.65
55.8752
-680.632
390.314
-185.947
734.34
570.203
-381.339
748.926
26.56
-658.638
60.3523
602.682
940.794
-827.577
228.046
938.993
1363.71
530.236
88.7398
1700.42
-20.5802
-921.788
736.987
-1172.87
71.6038
476.087
156.281
-981.918
-654.406
-61.7985
-754.95
472.358
789.464
-244.969
497.124
-605.7
360.766
789.088
441.162
475.678
1125.32
-138.068
-788.925
-314.68
583.051
236.227
-321.441
311.083
175.928
-159.043
930.832
274.585
-43.5936
-375.563
655.855
150.052
-1003.69
429.324
476.885
613.837
517.1
391.461
-321.033
255.732
785.487
-135.535
287.561
-687.223
-98.119
1340.92
447.976
834.439
-789.239
709.382
543.041
-88.0471
-281.51
753.692
22.3611
-527.795
519.5
-536.861
222.599
261.547
451.611
-188.431
162.11
-195.321
497.663
449.822
274.766
-54.4504
-694.899
428.643
450.704
320.609
445.784
8.49213
100.129
-1037.53
622.24
144.05
91.8673
-271.38
34.7798
357.761
-44.7245
-736.33
475.893
-953.4
215.417
511.009
97.5184
127.778
-508.825
-112.239
861.819
456.812
-764.588
28.7004
-535.745
-913.389
-305.595
-170.452
-577.476
246.625
116.773
505.345
-183.669
776.542
1422.96
-74.5412
-162.252
-272.408
544.359
54.0952
-344.184
631.181
426.76
-46.0912
-590.511
-492.202
886.311
28.2837
-159.196
-575.336
-1053.15
222.152
-125.879
-229.512
371.025
738.56
82.5511
104.7
720.075
727.962
-26.3853
724.914
-285.829
1168.11
398.955
-605.096
1362.11
-70.2531
-145.526
288.202
520.387
238.027
-292.034
282.655
132.671
-135.116
989.773
-95.5446
794.521
372.414
189.306
-18.4806
293.203
-807.974
1153.73
-76.9476
64.671
-219.288
-163.029
114.139
900.291
-23.7011
84.0412
-192.184
-870.7
269.93
-488.451
213.794
102.226
-302.415
108.06
-1185.42
-231.837
500.736
558.482
895.542
-997.33
773.361
659.845
508.626
250.09
-812.589
184.652
588.429
739.106
518.161
-334.435
-369.581
-206.078
-128.566
169.546
263.794
110.789
819.245
-64.0181
-37.6425
597.825
-337.347
354.468
-1124.05
776.965
-1293.45
831.332
-460.388
684.655
-176.034
384.661
874.256
407.586
866.769
19.8296
31.6052
-561.282
-511.139
661.442
283.467
488.301
-910.904
-508.753
1121.54
-638.885
-77.392
297.169
644.332
52.7755
-73.2332
-953.065
-800.929
837.7
102.228
1037.64
547.585
-240.333
530.172
278.482
214.939
455.25
1510.24
-763.032
476.72
736.274
-404.911
808.361
-294.764
-219.863
808.855
683.918
392.064
-352.329
-397.152
441.927
-737.395
47.3456
61.5385
29.2704
264.091
-171.241
991.649
36.8387
-303.347
-284.557
-494.082
-622.399
-1045.96
-520.816
317.847
-464.737
-399.064
-176.063
430.493
748.811
-102.219
-364.624
945.959
416.071
-781.642
512.151
-1244.47
-477.165
634.276
149.184
488.063
491.108
239.141
711.008
-811.451
-276.805
380.347
-411.085
480.808
306.941
-80.8342
153.894
475.267
557.078
-298.352
-855.985
431.439
-3.55596
627.966
359.24
930.298
-740.643
-30.8821
-160.505
-491.784
-96.5744
675.595
126.254
478.947
517.019
88.5769
-399.488
1103.36
362.999
-211.889
-72.9434
106.033
-448.974
395.553
105.277
-178.097
259.668
-127.946
599.973
301.166
-258.502
671.613
179.394
654.771
1379.63
-713.471
772.894
541.704
-246.455
71.9906
-508.084
1495.94
-278.942
1369.85
1064.5
-472.903
298.76
22.0664
400.698
-715.544
-1396.11
-331.194
248.178
467.616
-555.491
289.789
78.5547
-171.065
-3.9998
70.8191
167.018
-572.765
-127.212
-251.202
-115.332
345.132
-359.432
708.093
-124.971
680.194
-697.344
-127.399
-411.923
1085.85
-150.036
217.432
-577.198
126.796
-611.846
-416.419
142.031
920.601
-690.034
612.642
-301.765
-151.205
-122.461
-237.865
161.497
-164.048
-665.289
-350.205
-798.203
-483.226
-315.291
-975.409
-1188.53
1374.96
-1118.43
1136.86
847.284
550.521
-976.556
-114.104
-809.037
647.642
316.696
-301.281
678.343
21.573
-247.663
351.083
313.201
-313.714
1367.15
-390.887
166.608
700.796
-12.8776
-982.93
885.089
-285.019
1040.04
357.925
895.68
69.836
-541.095
-828.99
-884.621
86.9645
782.716
-465.963
-922.241
165.74
163.888
501.269
82.3006
-84.4224
-501.566
-626.11
-136.871
118.067
-249.613
-239.44
293.155
422.496
381.751
152.957
310.174
178.331
426.519
-34.4088
-943.575
16.5231
568.046
-45.5363
-508.805
1726.2
888.497
451.957
-830.118
606.106
-554.074
341.988
-359.625
367.67
-622.523
1249.08
569.418
-535.078
21.6818
684.276
613.438
-564.886
-1264.35
-256.068
-1099.8
-58.3727
-569.392
-551.636
254.145
34.5366
372.601
51.6045
-465.778
1118.36
-633.317
447.23
-689.995
1238.85
653.744
1027.15
-364.257
-349.253
-913.882
-77.4964
311.971
-599.885
644.175
-351.3
645.45
-578.429
386.047
-403.187
280.171
91.331
-556.024
60.3205
892.222
-256.82
762.284
52.3742
-283.356
1325.34
-338.697
-371.768
860.271
-65.5544
164.787
472.96
396.02
98.2435
-1131.2
783.527
338.165
147.513
-1225.34
395.831
213.715
-624.475
276.149
155.803
192.684
-198.825
-124.201
18.5988
-357.739
-1045.49
-108.588
868.462
-154.358
733.058
-775.727
-770.626
70.8405
-545.56
657.084
-588.554
-84.1998
174.617
212.955
-226.687
93.2919
1022.2
449.879
-642.745
368.288
-57.2558
932.971
-416.373
990.409
307.437
62.2651
-832.084
803.914
537.395
343.926
288.371
723.798
-766.172
370.344
188.828
-683.393
-331.307
538.929
-236.178
605.11
125.922
-268.628
-180.731
1489.76
115.029
586.92
533.052
132.257
-591.106
612.919
1056.87
-11.2483
-1138.69
289.048
714.357
388.338
410.823
859.046
336.828
-482.927
625.102
-422.616
267.493
918.043
108.877
455.014
-1445.96
148.424
-312.667
305.326
-137.957
-215.218
19.8308
466.196
243.027
-245.994
-28.9295
-134.431
4.93344
1440.05
-266.982
-115.215
-1086.44
-176.072
302.355
459.874
234.835
-187.126
932.662
-371.033
-583.918
555.887
-23.533
-894.407
587.715
-83.1508
1086.58
-384.792
-199.924
-900.901
-315.386
-6.82868
-799.396
-95.0573
-103.102
-1132.03
1173.99
463.466
-615.52
54.1786
-635.775
-336.899
56.8476
-98.1967
-291.218
-295.696
36.4531
630.508
329.17
-754.895
-497.49
768.068
872.92
461.072
406.772
4.88202
-109.493
-675.141
-61.0212
78.2425
-243.506
-177.482
-283.388
13.5603
10.7604
633.451
1341.73
50.6527
359.295
-575.624
-273.086
-551.076
839.532
650.706
43.0006
262.912
-1173.36
-571.749
781.6
398.88
783.819
523.542
82.0122
142.718
190.834
1061.32
-210.375
669.433
565.53
-356.533
-659.869
427.036
973.069
1032.35
-331.14
-711.048
-578.192
-49.956
-7.02473
-275.323
-171.881
426.842
-86.5977
1038.85
-169.945
-12.5026
242.474
-262.687
-572.507
401.237
1154.73
-820.276
-46.8496
-713.465
-896.031
690.847
-222.155
335.848
798.635
817.619
1038.5
-277.975
406.479
488.013
665.575
144.416
463.601
-573.538
-504.039
1150.58
89.3626
887.372
946.458
41.4211
-250.556
752.775
999.421
-1099.11
-677.83
78.9173
632.179
719.73
-334.157
248.432
1494.69
-808.394
-98.9118
-368.92
103.953
338.417
641.622
388.75
128.345
-95.9008
173.198
-908.942
-501.688
647.461
-324.151
1327.52
-2.54027
952.237
570.238
77.1941
447.482
166.775
-236.593
318.748
-258.525
81.333
-238.745
206.814
303.466
-437.014
-714.968
818.135
-47.046
-267.504
106.826
-83.4897
-328.747
-1075.49
648.134
409.295
841.756
219.045
431.254
-409.799
980.38
-856.819
578.355
1641.84
-477.055
277.856
-609.175
273.018
-514.851
266.658
1180.08
552.582
597.942
-241.355
365.009
411.323
131.704
1307.78
1097.98
-12.6132
846.218
-11.789
356.305
36.6412
-527.954
87.2267
182.107
-487.123
1284.55
-729.098
666.164
249.655
703.428
713.952
-746.482
181.552
946.725
627.225
1050.22
1756.55
-580.914
672.744
-555.434
151.043
-649.312
516.158
-243.831
996.354
654.911
-39.8393
823.484
311.979
-325.772
505.286
434.337
-211.447
-74.7913
-151.7
639.201
-1103.58
-575.197
-692.835
934.305
470.447
665.53
-1027.96
386.87
515.416
144.523
124.677
-255.85
933.829
459.845
294.566
-22.3305
-29.2286
-26.4225
-838.169
-479.471
-698.174
59.4309
680.817
-236.69
82.4339
-993.828
59.6792
562.612
-906.515
77.8818
220.525
915.796
-562.443
478.972
781.916
628.299
1499.56
64.987
26.5793
-766.949
1087.72
56.166
452.301
-765.187
480.626
369.172
-1252.91
-607.189
-69.3496
-240.011
167.734
-749.957
540.82
-395.51
766.324
-287.292
472.492
-247.653
121.071
274.376
209.637
-247.902
211.698
326.07
1410.5
663.868
77.4662
49.1175
284.385
-550.949
-713.132
-986.824
-235.864
-799.365
213.535
-319.985
-142.558
435.823
103.155
712.853
-235.561
24.7393
206.695
-756.048
-124.182
-1063.72
280.999
1139.95
-811.616
-722.4
1104.86
-607.45
1059.55
17.4574
703.514
-140.133
545.836
-666.192
370.198
877.646
98.507
-54.4699
1087.88
-16.3593
394.194
-4.58952
343.244
184.742
65.1022
860.121
1664.36
662.966
825.732
-70.5437
-61.6701
85.0528
310.904
965.709
-1046.56
545.162
438.234
244.77
80.2113
739.73
1978.48
-377.141
-99.5683
34.4403
-441.574
333.871
-339.959
1085.66
82.2579
299.47
-406.11
-463.95
566.493
302.703
6.69302
575.392
1448.9
308.495
1395.41
-823.767
652.578
-498.337
52.9825
183.472
765.504
-480.588
-201.907
202.275
436.818
410.62
-641.158
897.622
377.613
-611
-1061.3
-213.119
14.3272
-114.389
974.758
334.185
-257.364
-109.29
11.2193
-611.004
-394.64
551.103
472.754
-292.069
-1091.89
948.959
629.303
240.221
483.861
-521.6
-520.11
1084.52
1154.21
-324.266
684.649
796.9
-580.487
-318.482
771.003
70.1642
1218.52
613.812
473.824
703.982
176.028
1159.37
-1139.85
-587.222
33.469
-151.218
-390.166
-440.587
962.283
-6.28844
1026.72
517.186
695.415
-2.6161
-761.126
-137.073
-32.7894
578.84
-17.5222
468.749
136.606
-927.374
-200.696
-511.058
-233.439
304.23
-612.726
387.94
127.915
178.344
601.638
-27.6393
248.543
-1.9185
1067.81
-352.324
314.969
-337.154
-428.381
265.603
23.2383
373.98
42.5818
602.833
-105.077
-14.8726
891.294
559.416
-262.395
264.347
-381.39
409.46
59.0449
-659.236
-689.067
223.283
174.307
-1215.07
549.773
717.963
1087.09
203.852
322.858
100.307
176.344
957.261
352.71
-772.031
642.99
-764.441
408.961
480.243
-8.3357
110.604
1442.58
307.985
-212.83
-679.029
-310.366
-1062.5
446.762
1627.77
960.902
717.235
-54.5079
1411.67
-132.929
783.804
-583.847
772.934
504.015
-90.7423
0.194264
142.486
-82.7041
-752.386
408.918
-913.775
-664.076
752.83
256.979
166.307
94.4271
-866.802
652.131
-121.489
90.2316
730.363
-366.033
636.756
-244.134
-781.125
-1028.51
-219.697
-58.0114
-530.509
-814.88
-160.689
-330.336
145.794
190.91
226.966
-3.4442
-1012.38
-422.759
-240.411
271.756
554.721
586.62
871.569
-742.13
555.571
767.365
-378.645
212.685
1395.33
1298.38
-286.133
-523.974
145.416
365.897
556.126
-587.071
506.863
-397.919
743.544
-244.447
671.396
572.743
-163.575
-178.489
348.327
101.044
379.926
-196.586
-494.123
-11.2708
524.044
857.542
-148.716
289.623
-645.852
812.672
127.78
-11.5172
163.865
279.38
-48.5956
-20.7435
-62.5721
261.12
668.461
192.297
31.3264
824.3
-1301.47
500.173
-802.024
688.189
630.763
-1063.22
-232.828
-464.045
540.541
-649.781
679.81
-1059.62
212.352
-1012.23
221.019
-874.587
-626.064
-132.704
698.454
131.762
315.58
-813.602
234.137
-118.967
281.1
-488.304
-571.657
-544.961
-341.218
408.292
97.0405
878.14
645.371
643.237
-14.1179
-9.2822
642.598
-165.487
-922.743
9.02916
-259.543
-783.26
-40.7894
1065.75
-832.998
528.16
-805.09
420.254
-1487.56
-595.181
-603.879
570.727
-537.155
51.2407
418.09
-1533.03
44.6469
-266.03
-338.514
1117.23
-446.236
-655.876
-745.058
64.3133
318.195
19.7428
309.401
353.278
-638.545
500.754
580.838
-590.808
1050.31
197.803
480.507
-552.401
485.196
320.262
1306.18
462.62
-188.299
-275.682
14.179
-581.182
783.899
257.658
-435.652
-420.906
-208.951
114.258
-399.044
1505.41
667.945
-377.874
471.512
767.901
1372.42
28.253
-629.878
652.054
888.219
-12.9529
170.086
271.209
-100.361
62.7583
214.355
-77.8374
770.212
575.281
743.386
167.726
-131.132
-5.90075
-410.54
-30.9159
963.991
-311.945
-199.983
1004.45
363.597
525.071
138.085
-408.874
31.6826
27.039
340.64
-444.76
417.375
317.497
197.698
-718.723
-545.604
633.068
-604.549
-64.767
779.395
-346.83
1006.62
915.692
-925.156
267.245
862.045
280.793
276.575
871.435
-527.68
154.215
-254.777
235.401
767.667
-177.454
-427.433
-334.512
735.133
-267.182
453.078
-529.341
178.999
7.44672
-405.515
220.076
-314.399
364.192
662.293
870.222
242.289
566.203
-19.274
694.641
-198.742
49.5533
-748.541
673.252
-253.282
990.943
-840.207
789.911
313.727
233.261
695.184
-74.5084
1323.71
-466.31
878.503
413.166
414.774
201.432
183.881
401.577
75.7372
576.29
276.284
749.176
7.42815
508.146
-248.95
-79.9562
440.007
2.51755
-136.384
-117.826
-103.999
-280.215
-117.055
-490.513
-372.205
288.26
1821.22
376.563
-426.959
-161.958
86.0001
1162.66
-194.569
-980.922
304.144
-380.696
116.832
-50.0504
-629.382
490.248
-215.516
250.307
-115.255
879.927
887.551
-705.773
331.918
588.904
478.373
477.84
520.115
244.048
-106.838
742.11
-558.024
559.776
-1043.33
-3.92266
-24.1738
-123.73
739.238
-114.541
-678.864
-31.4015
-1031.86
723.205
-410.501
1115.04
140.554
435.768
-304.465
973.222
364.808
-150.841
460.284
-945.873
324.068
-362.869
-110.812
471.417
245.144
-118.281
-513.706
487.248
-43.8586
-67.914
1042.61
470.615
-441.147
-719.557
-753.398
-349.877
874.979
832.308
-172.614
-687.167
-580.344
867.277
-943.092
-674.776
-28.4208
488.046
-331.028
146.2
980.58
408.821
368.398
322.623
1323.72
36.9134
888.621
-736.341
788.862
313.869
392.318
1351.3
-121.677
384.632
224.623
-146.643
-1035.27
-131.094
737.774
-170.516
192.753
1033.59
-10.7498
-14.5457
-798.849
1033.19
405.186
-24.5978
-156.905
-298.943
-118.36
961.771
1136.19
418.038
331.825
400.548
795.687
203.194
12.7759
151.639
58.9982
-641.437
-502.789
-466.446
730.427
880.724
-831.89
-60.2344
-291.701
107.313
927.797
-657.74
200.155
-493.547
-318.448
-295.512
408.089
29.992
768.29
355.93
-379.985
-429.586
767.941
-234.835
-1189.97
-500.625
-140.635
292.532
-132.596
483.405
191.23
-379.985
582.889
977.079
776.168
732.007
343.22
481.706
18.544
-913.688
77.7525
-483.98
-309.425
-255.789
-1213.53
-442.483
741.822
232.59
-213.716
625.376
3.31865
-286.852
254.762
-173.484
186.907
596.193
-631.294
512.431
-40.3311
311.612
-91.7484
335.008
-525.078
383.388
97.4024
-215.601
-967.371
-156.026
-807.256
385.283
1289.54
465.739
-748.932
276.319
-246.819
-880.101
-384.035
-997.412
-350.767
-78.63
-329.34
-902.133
33.2353
135.451
-368.494
-1062.6
-885.892
664.079
-696.971
102.094
-535.115
-1181.97
531.773
-454.221
120.494
619.314
-553.584
396.93
-132.206
-281.865
974.153
11.0485
-616.856
121.933
-136.02
-340.282
-943.622
-36.9704
-444.611
403.976
-483.552
298.548
-1232.29
352.48
321.976
324.321
-140.16
128.531
-109.909
-100.489
-911.696
1057.46
-104.436
195.331
-485.685
-500.917
218.464
-384.017
767.429
0.350678
28.7218
1030.23
-567.319
-250.919
-32.7078
930.626
-65.3717
-903.782
656.894
1120.12
129.336
-292.466
-540.404
-404.575
-192.573
348.517
-482.923
422.777
1041.03
1642.67
-29.7246
-2.13423
98.1754
161.173
619.738
-503.612
10.869
831.635
318.274
-182.14
-456.989
21.3421
484.34
-246.3
-951.923
594.527
719.439
755.385
-380.167
-72.8129
-1265.39
222.125
-48.7001
-404.764
-352.118
-696.072
-510.526
548.018
213.864
709.536
-668.662
-16.5788
35.9503
-803.986
716.03
-778.658
281.465
-373.18
164.231
-140.673
300.02
257.531
44.0201
-44.2633
-170.486
-374.987
123.227
-200.241
-1002.31
612.262
-385.366
331.868
-428.031
601.479
-202.818
348.735
-718.066
-267.962
161.226
-675.848
182.507
249.202
-76.4063
-1318.83
1167.01
-462.6
191.728
486.022
188.666
-1362.85
-623.342
-286.421
421.874
-176.474
22.826
1274.36
-97.6215
128.577
-319.358
130.887
473.412
314.362
-46.1627
-738.137
-155.272
-233.726
-1258.15
815.247
-203.827
-147.043
284.062
46.5588
315.584
-1215.24
-214.653
635.767
495.714
148.134
253.032
-144.302
525.731
-366.064
157.407
-395.874
574.425
364.263
-1041.73
-782.472
83.3342
810.791
-159.331
612.887
-341.582
-318.075
759.497
-58.2542
-402.315
141.401
-327.178
-1061.69
-96.8824
-1131.48
-562.353
-541.089
916.788
-87.8424
1014.31
245.553
-126.406
662.773
-103.265
1118.55
609.152
54.133
-881.137
-370.154
694.751
574.257
-1042.64
179.61
86.2589
-1001.76
964.165
54.6968
190.096
199.197
-609.066
235.204
623.436
101.965
646.349
-8.66155
-49.6387
-175.447
431.12
483.002
288.007
-292.16
-662.474
-613.844
-51.3433
381.248
-95.6484
225.356
-942.901
289.716
590.27
165.793
518.383
-168.025
189.394
-529.623
-423.189
5.31698
1347.26
-191.911
271.774
-92.7822
120.312
471.034
323.189
182.884
1015.11
1444.29
19.4292
352.648
583.438
-692.543
-251.589
369.778
-783.01
-766.269
-195.445
35.7801
102.618
-1288.61
-1094.26
145.199
-273.747
-1082.73
36.9718
477.3
850.851
166.853
639.489
201.236
-260.623
-489.349
395.353
-690.803
-174.393
729.535
-508.257
-1012
206.922
-329.575
1057.8
-426.777
735.587
1014.63
33.7541
15.2914
1277.74
-76.9285
388.854
710.061
301.089
-983.189
-82.8278
99.3154
553.19
-451.668
-1397.82
-1006.67
70.7279
383.72
-131.236
880.23
474.73
-626.801
-844.823
969.49
-34.7275
851.021
70.7793
150.76
804.238
1160.83
-54.4929
-470.613
552.304
-542.993
-369.73
-577.818
1020.23
-543.166
428.134
1208.44
-312.938
121.599
510.891
-561.745
527.184
676.155
-508.14
325.635
677.212
354.428
-805.972
1270.56
314.611
-410.039
-1012.41
241.815
-191.145
176.349
-48.9338
-357.568
315.211
-438.293
-433.071
165.549
-244.456
719.28
265.024
-864.643
594.534
1373.48
640.642
821.971
-378.318
432.34
-471.215
162.866
915.821
161.2
-873.579
-74.1594
-570.299
135.451
520.785
-806.167
-122.549
-540.752
-273.44
-379.283
-444.883
-703.622
-238.586
14.2928
186.795
-359.667
-504.445
620.598
-563.706
-364.004
-453.739
-300.843
718.162
25.2632
-393.378
-84.5396
1166.21
743.355
-1009.03
-369.896
700.588
-203.256
-69.1693
137.595
159.849
-200.948
278.285
-927.535
-286.623
-771.601
665.725
127.953
-426.413
-30.1817
-827.008
669.721
98.6499
-674.349
1149.22
-164.318
115.159
123.436
38.9242
502.442
10.7431
311.879
336.091
-616.618
672.581
-1259.82
1214.82
122.796
-201.283
451.945
559.314
275.173
505.971
-122.88
238.694
272.273
-411.785
-301.678
-956.764
-427.45
488.487
367.051
-222.161
588.71
-1295.76
-735.678
-446.771
626.197
-1197.42
-350.753
842.469
546.089
-547.685
-201.979
-456.434
-260.905
1026.1
515.426
1288.53
-9.18651
-1305.02
-539.888
-469.185
-514.519
556.916
682.585
247.454
1273.48
903.805
880.421
1267.78
338.994
172.832
-13.5192
-1304.11
-92.199
2.93138
-369.969
99.1063
-72.3284
-630.072
416.49
-252.03
336.563
-369.288
794.024
-570.231
-388.217
933.8
1165.07
-225.552
639.766
-182.633
344.329
-385.329
162.191
536.285
-483.502
-964.451
1029.25
202.548
914.813
-907.513
-455.52
1808.99
320.442
-218.3
-251.552
-192.732
559.808
811.197
-459.349
539.889
313.51
-1166.12
-498.026
979.172
-558.003
-1125.4
368.838
-1040.54
74.5376
-885.144
207.002
-140.715
448.915
312.424
407.925
87.67
-825.227
-74.4839
654.052
714.531
172.923
-582.339
882.052
-171.995
512.105
99.3202
86.9182
-127.968
331.345
-436.066
762.764
104.742
760.234
966.334
49.9077
270.073
-653.868
872.518
-193.579
76.3694
609.137
362.367
0.874716
588.659
993.57
1045.77
-699.616
-38.3708
407.837
74.8188
1296.75
1328.82
351.881
906.531
-62.972
46.92
319.6
654.296
-584.932
458.908
698.485
9.6578
958.573
842.166
1284.85
1068.25
-7.02844
-34.4897
149.735
-97.1823
-112.521
293.696
-1077.65
1241.93
22.0903
117.399
2043.53
587.701
192.374
387.341
-440.343
-164.817
57.1589
-486.923
-627.799
-488.638
1162.36
276.955
-745.41
638.735
531.05
-452.503
231.188
-301.557
-245.069
-84.0902
240.774
165.999
184.499
-83.5723
297.377
516.021
-656.039
80.9702
276.093
-255.916
-581.689
50.7331
373.66
-353.124
482.038
208.003
493.795
-588.835
-950.791
836.438
146.556
843.522
-546.905
-656.739
755.006
722.441
-769.887
-115.789
-127.114
395.205
-741.452
445.576
-59.5104
-1126.93
-152.323
8.74144
979.048
-453.935
-397.821
1086.1
-203.326
626.043
353.618
-7.49243
134.563
-414.459
266.649
2065.92
-11.6218
-546.224
40.7005
-173.48
-410.624
-621.057
38.1684
-26.0692
790.834
-408.003
-472.528
-190.219
459.604
92.3884
-537.024
-355.513
839.397
-548.302
-163.202
-267.805
1098.03
-301.125
60.4257
625.766
-0.784812
-810.974
-1401.13
400.924
-88.559
441.358
1326
335.082
598.717
842.677
624.803
963.076
1005.87
450.801
1073.85
-66.5149
29.4008
234.267
431.473
495.205
544.384
0.85485
-432.602
332.584
1082.93
-26.431
-202.467
-868.937
420.448
-256.785
1270.22
113.393
76.5069
-472.893
-283.903
990.895
658.492
-362.665
-222.771
-340.22
383.544
255.559
-361.467
390.254
179.306
653.325
224.142
-236.445
-171.461
405.252
7.05706
-1021.14
-220.944
-183.637
-810.605
-806.249
-459.479
-858.409
513.228
-442.814
202.477
-392.236
145.971
312.563
313.247
-560.068
110.926
102.806
1171.51
-1291.7
379.28
186.925
-333.293
270.994
817.713
598.169
887.447
588.539
904.426
530.7
-464.611
22.406
-459.652
-369.557
-780.457
488.408
1111.12
-113.531
-490.235
82.7611
-597.825
-441.665
198.319
663.693
-176.292
9.13545
-284.922
-183.896
-209.404
477.293
1595.79
398.609
1138.05
1219.41
34.0788
59.5274
-145.643
445.892
236.247
188.411
74.4049
-389.636
981.082
256.614
-579.359
-286.334
-425.652
496.092
570.143
211.729
931.634
-174.805
208.478
33.5931
124.043
-70.9427
-16.6371
-236.346
-307.396
218.897
-252.515
-466.074
-997.722
740.515
7.3599
444.073
1265.27
452.527
-558.818
-516.828
-24.375
-472.941
-23.1464
246.173
-270.468
730.769
-643.896
67.4485
-761.634
-309.801
-198.04
-263.226
664.872
1465.6
-627.267
226.651
-595.216
-1102.94
-115.818
22.1746
468.262
197.797
868.192
-1269.54
-384.997
728.489
-579.925
-365.965
-343.239
-219.823
-739.724
672.977
846.529
557.694
-205.725
388.395
-28.3789
-783.72
-227.788
192.874
-319.929
530.734
-155.987
1591.8
-696.561
66.5842
270.511
400.43
1020.89
-166.936
-21.1995
151.14
-351.21
730.007
-30.2667
-589.699
1217.29
490.391
-371.247
-49.7338
682.999
479.369
579.132
-156.68
239.094
-294.827
145.976
605.861
629.507
-160.506
-152.824
-1176.34
296.488
492.235
897.238
242.427
342.206
317.025
922.906
-358.7
-602.738
-89.8882
636.48
572.828
129.359
258.987
-1209.19
751.604
835.29
470.295
-114.382
1336.51
1227.46
96.1822
-213.823
-318.787
-509.168
-385.98
-520.469
-20.6351
-174.764
593.188
166.659
402.949
527.927
1357.93
-1007.03
-991.964
56.3835
-606.467
14.2754
950.173
-486.362
562.004
-780.867
-418.988
-147.224
-118.253
906.039
185.646
270.055
-31.794
-791.816
-243.217
-37.9624
689.101
-216.276
-962.968
601.91
189.314
324.593
-536.292
366.417
30.0048
805.139
327.636
-592.046
1301.31
-278.672
-867.259
-991.749
411.207
-471.031
1157.44
-737.104
416.44
-196.337
-20.8814
94.0805
-452.191
314.485
-287.614
380.115
232.76
-365.94
492.909
430.506
-650.073
654.265
31.3032
-199.103
1186.3
764.194
-544.395
418.226
-74.4913
794.91
301.443
129.482
391.813
-276.593
-306.341
-719.986
301.46
793.831
478.172
427.38
237.132
-82.2832
-209.822
543.726
132.815
1428.24
596.118
661.02
1158.72
-562.074
46.6395
1309.69
268.652
-138.308
-110.325
76.1729
983.103
935.993
175.8
-260.006
407.717
-699.733
503.943
152.27
-342.155
1199.05
1181.84
-58.9614
42.2766
206.747
235.762
-452.262
-444.82
506.933
316.636
637.24
367.016
698.228
237.765
116.65
-525.156
291.088
-112.902
238.601
-487.521
771.505
-17.7495
-497.11
-78.1956
-182.965
-589.776
-370.369
-201.26
285.327
-1071.12
1049.07
510.426
423.315
604.083
866.45
-81.2941
-331.047
-433.973
-530.541
110.962
301.484
-116.839
220.301
-62.4038
-691.739
-9.92947
540.359
140.862
148.472
-90.7
-75.9827
-358.029
-69.9984
-519.285
-30.6012
-137.448
-518.058
130.49
-221.593
473.36
597.724
-27.7335
-102.958
-121.804
153.839
-377.146
-968.726
691.28
478.665
-153.16
-172.645
-544.243
-53.8589
305.467
-507.963
979.141
-696.922
535.864
-933.443
873.032
534.469
153.844
473.005
1162.37
-254.405
-1048.25
399.711
523.559
-486.207
140.647
367.177
-85.2017
745.721
-779.985
-276.723
-69.0441
247.264
106.857
526.633
14.4672
-1104.74
-457.505
-590.351
-76.3855
-1091.81
375.217
1477.79
-196.647
477.666
-3.46639
-524.044
93.1231
271.44
387.129
550.363
-906.742
836.365
-35.958
-238.455
1172.14
-163.871
-437.129
644.218
906.917
-238.822
-1083.86
-222.599
779.346
-818.12
848.821
-916.139
-540.099
-356.947
-977.78
-478.056
-901.008
129.631
957.196
-997.254
415.552
150.05
294.471
425.958
-421.148
742.56
-422.859
1155.58
-635.631
-490.727
931.335
288.399
464.613
-760.89
-77.2549
372.891
581.581
323.102
-65.3762
-1106.06
-84.1771
-860.415
-1205.47
516.576
-177.753
605.452
-548.799
269.401
746.859
1051.92
1295.3
587.882
490.926
884.79
335.899
992.597
138.186
648.846
-319.026
53.5375
-887.843
240.426
8.11447
-504.943
-411.231
-3.085
245.378
-50.4752
83.7398
452.319
-263.707
804.098
973.586
1066.8
71.7338
1161.26
315.448
267.711
-273.043
307.091
-703.962
666.51
794.728
1069.53
-1311.94
-288.078
-262.528
-364.075
-978.672
-37.4303
-855.937
-100.863
1215.55
451.509
411.332
733.195
-561.684
484.748
155.849
-30.4482
748.685
-119.743
20.5015
802.556
-923.048
-266.211
-337.87
732.986
865.366
391.284
-301.536
183.635
53.685
553.831
450.545
-306.899
341.548
-736.95
-70.0891
-228.56
-19.3516
650.867
-1211.33
-440.381
631.162
376.54
-237.336
1202.83
-824.987
-24.7249
42.5941
858.04
371.809
-27.2257
-215.947
53.3434
164.193
-126.926
755.045
-533.4
-82.4508
450.454
-127.379
-169.815
-7.83062
-469.805
178.133
769.513
738.528
-68.4014
-24.7985
732.74
-146.389
-1078.42
-108.683
899.213
869.182
250.025
-73.9552
784.242
1391.98
240.692
-261.496
-391.595
527.669
-396.54
22.6466
-971.837
-1445.13
617.636
453.795
470.839
501.865
-818.145
180.912
275.789
135.107
660.899
-113.327
144.221
428.906
-208.646
94.2939
352.885
-389.517
-178.301
1224.06
784.977
881.419
-185.5
1521.79
-226.048
-14.8558
-79.3666
88.5751
424.349
432.889
-13.1765
316.378
-502.508
-560.115
790.076
-509.937
28.0965
13.3197
1483.56
161.565
127.769
-613.528
60.7289
-358.684
9.04595
518.054
-1378.49
-689.12
-264.787
-60.919
617.508
187.703
157.288
628.286
-35.8184
-236.564
-29.4694
-139.604
-413.606
924.473
22.4735
511.618
28.5512
-64.5302
1343.54
-123.405
521.16
-226.627
0.642271
-95.1079
379.094
-355.938
-896.462
-155.42
-721.232
1378.1
-663.062
-307.079
267.316
-299.154
-183.307
387.012
216.423
1366.59
13.2869
190.535
1459.42
188.634
-602.809
-547.149
-637.068
562.822
-359.411
-809.201
314.061
-179.824
137.232
-30.0735
-1191.49
-41.9684
1061.75
3.47016
-426.173
1638.45
404.618
-390.989
472.5
10.0886
867.702
161.547
-548.192
-58.681
322.521
527.079
-1020.61
-747.491
159.727
103.418
233.574
-544.521
186.138
-698.282
24.2308
-323.734
1279.51
-89.3684
316.173
-392.62
85.1906
111.024
-1237.44
-705.057
269.095
-285.148
-91.4374
-3.76514
143.68
-442.958
196.53
-101.734
979.151
-164.991
-263.81
428.042
481.552
-257.071
310.097
384.93
333.933
-679.374
-285.263
-266.584
248.805
-281.398
422.945
655.528
1648.14
-434.549
153.995
246.937
-162.079
-497.234
673.944
-918.614
-136.981
-397.656
-209.029
-242.924
478.098
-589.289
798.288
-166.244
-1123.77
208.1
-569.513
-320.739
380.997
-324.651
-224.123
419.091
-1087.05
-758.556
-195.444
-111.156
-517.377
-302.567
-206.39
187.06
-635.369
208.415
-582.785
-387.511
-905.213
-50.3224
-398.264
-430.075
286.479
668.423
31.235
-812.646
291.494
-1196.22
-452.821
395.099
-189.224
-339.737
398.681
272.944
774.297
-622.963
1064.43
-163.29
993.298
-44.9772
392.706
386.373
-952.384
-188.478
70.9251
-112.477
1037.37
698.807
850.055
-594.774
-213.363
79.9104
-231.635
-61.6333
-573.459
-65.4516
-201.389
-5.41938
26.4147
-6.14757
-870.922
118.713
891.122
-543.979
-545.527
1220.77
-486.401
-274.425
1281.37
694.724
-469.789
1.68744
-58.1023
-228.389
-529.111
518.458
30.9735
227.682
833.837
-581.176
1016.07
-356.732
231.939
18.0826
-7.92019
267.243
535.249
-176.321
-20.4683
-428.469
492.276
-548.576
755.026
-399.764
-551.514
-614.497
-825.624
208.771
586.607
443.784
-194.009
-246.117
418.061
1042.23
987.46
-296.766
824.505
442.892
489.238
-181.69
95.4724
376.652
607.615
582.535
-392.818
-371.823
278.353
-534.766
-100.536
-64.596
-329.37
857.004
687.661
214.234
1004.01
274.002
647.89
-289.703
76.8385
568.34
-232.723
-438.092
558.69
770.187
-35.8347
108.611
956.374
-674.149
97.6622
-736.039
-968.105
-851.259
7.78477
326.794
-43.6458
4.93813
340.303
1185.68
1404.72
404.621
-1126.61
870.29
-488.664
-502.296
577.1
-134.658
802.497
1078.89
831.508
11.3193
1085.91
-776.668
123.171
662.567
382.024
-159.036
-701.781
195.272
-169.796
-596.347
57.0529
48.8089
-590.828
-203.938
-750.869
1004.06
374.093
591.601
692.666
212.378
111.066
-321.981
624.342
1222.33
-120.722
-599.261
631.24
815.207
-251.723
-296.665
604.631
303.103
416.514
471.002
-641.873
477.099
420.519
397.572
41.1279
34.0525
272.124
-380.947
-232.526
-1210.65
620.066
479.72
279.767
688.336
636.728
-532.296
-402.758
42.3878
-310.238
676.96
-993.671
615.957
-862.301
413.424
-636.204
146.997
336.921
-32.9867
320.939
-1467.05
173.03
465.865
-154.964
787.401
-799.559
-278.931
640.527
159.591
-966.332
693.995
-917.13
139.396
-623.632
-200.364
706.95
-578.994
-1097.49
-1146.58
44.241
500.369
543.483
1223.76
214.947
-948.842
527.211
-587.923
-350.906
-278.349
285.081
15.0448
393.579
-98.8042
869.609
157.984
925.358
-5.9356
586.305
-302.91
594.419
-592.442
1288.6
-11.5235
424.187
-84.3904
-16.1151
293.539
-621.658
783.852
9.1793
162.197
647.386
-720.472
-73.6873
529.573
-302.921
680.256
-268.368
-858.164
587.008
1299.02
-125.087
452.22
-98.0014
148.127
357.875
285.578
-765.562
-527.946
-753.89
193.382
358.373
1166.28
168.314
-939.382
197.639
-103.389
-1224.23
-781.59
191.367
4.66704
162.335
89.6564
-372.209
370.542
189.655
490.246
653.513
119.098
398.776
1268.55
330.979
-151.891
42.611
541.801
-393.742
484.488
-231.803
477.578
412.389
853.569
69.769
-528.54
26.7301
533.886
327.357
-1105.03
687.227
-290.126
-170.968
-248.297
544.602
8.14017
344.456
-364.985
-172.634
-333.118
1122.31
330.447
-687.12
-1025.09
-277.026
-25.8656
195.661
-927.732
430.66
-1044.76
86.3795
-576.132
-211.685
-530.572
-273.643
-545.395
25.6809
370.832
417.734
-228.156
189.207
-344.019
-814.592
724.477
-466.918
792.094
210.817
-992.155
-1483.5
-506.422
-926.994
-236.403
-367.466
18.3031
366.368
620.725
678.65
-213.426
-345.997
-919.747
169.589
1609.24
409.953
726.126
-34.0748
-706.811
51.1651
-307.662
95.7705
629.603
451.559
-420.914
-378.905
-915.489
1520.48
363.093
501.631
-505.539
492.387
-393.569
-629.187
1030.38
125.129
-918.419
-207.426
879.607
327.178
-30.0589
-234.213
1158.17
346.263
1735.4
124.235
-54.8071
511.387
-344.017
-261.361
-502.913
42.851
-790.077
1318.73
-70.8519
706.698
-702.296
-407.226
275.685
14.3644
-190.094
1127.52
-414.9
159.925
232.861
-355.394
-56.4694
-107.418
1015.39
-860.578
160.097
-703.701
398.002
691.392
533.09
349.519
1282.87
469.178
902.095
326.189
474.271
-728.658
19.774
167.259
565.778
477.503
135.911
951.245
696.717
-954.867
229.221
-427.047
561.474
458.019
517.492
-1249.96
-311.703
-17.3942
188.61
131.308
-801.887
-201.312
-136.976
312.825
1180.59
714.058
-594.961
-98.2065
-655.137
1273.05
-1179.04
-76.4888
-291.172
-1029.81
-24.2631
766.522
-347.367
-305.828
-271.312
754.798
622.882
345.305
-502.495
280.703
-270.48
612.001
-380.725
656.62
-342.152
355.383
690.819
-1282.3
-471.222
-216.843
258.228
1047.82
697.672
541.225
-99.1097
-52.1709
-618.703
895.587
479.529
-1185.68
-758.395
302.646
786.721
591.115
-727.766
522.201
292.373
-1112.92
419.921
-246.112
1120.63
-213.422
-22.7752
781.322
581.714
-263.345
254.406
595.051
-219.72
661.499
-438.111
10.3304
345.521
727.512
70.5054
1236.44
-654.482
-306.713
298.328
-304.245
221.668
-749.858
-737.718
138.872
-755.741
98.5453
689.311
321.001
-217.212
152.35
-179.51
646.825
-11.3384
277.866
376.125
-173.729
-150.195
771.431
-189.889
39.101
-1382.42
-293.707
-129.979
-424.939
221.928
676.189
-600.248
-346.822
-96.2179
-550.013
-798.769
540.176
58.4731
-56.5316
168.659
-1100.97
1262.34
829.211
-304.338
24.6468
606.664
-91.479
325.125
493.032
1119.54
462.76
76.1317
-493.456
-583.571
-651.272
703.497
331.569
4.82938
530.509
430.634
488.011
692.933
-741.833
-439.237
848.241
-86.4148
-732.78
-181.135
439.625
164.356
1013.61
-727.086
-215.198
15.543
727.876
1018.97
452.82
889.808
-134.655
631.828
-503.04
-509.693
414.595
-129.957
93.9081
525.868
37.8844
550.155
607.714
444.625
303.717
707.552
-929.47
-227.147
276.203
205.856
-432.507
-173.809
187.197
-212.91
-518.883
-1000.57
739.365
34.1383
997.57
-316.387
320.759
340.827
343.139
633.294
188.399
727.604
178.694
180.511
94.4493
-456.503
149.352
-649.72
-188.205
-293.425
-239.901
551.31
308.445
528.594
107.676
784.302
867.739
-191.821
810.398
302.789
625.182
11.7843
-155.404
262.656
429.69
32.2533
-504.477
-51.9982
14.6944
521.2
-7.91077
-354.846
31.0963
-526.121
83.896
445.998
-79.7169
239.343
-1385.45
669.248
292.011
217.159
791.653
-144.588
-457.564
-397.597
441.225
45.3789
-647.436
937.704
-623.884
1012.19
-87.8238
677.746
738.401
-628.757
-464.577
-1207.39
-6.08799
225.589
-530.312
36.1001
52.9206
89.2673
-250.09
-214.472
530.614
-595.894
871.242
-837.434
-151.658
1199.22
-295.687
-191.686
1285.16
-31.8522
-5.34939
-617.236
734.652
1168.83
94.2332
271.753
-99.0287
988.095
745.849
-50.6102
-625.2
-830.966
-955.536
243.541
20.596
54.3914
1414.72
-455.378
-621.474
366.175
-610.28
-1054.29
-268.792
298.361
-149.33
-1037.86
159.672
664.946
-958.697
1166.07
468.538
35.2111
1244.36
715.052
-405.68
625.143
-542.823
-201.432
157.858
-77.655
1072.11
483.345
-444.147
650.064
880.19
-259.647
262.919
-1110.22
649.895
653.617
1092.45
1385.26
210.491
147.894
-491.013
-245.938
941.126
169.434
549.565
1318.91
-508.184
463.246
-1421.09
510.069
695.763
-1111.42
1763.47
-826.611
753.042
101.309
60.0717
-4.3783
306.422
-744.21
341.632
1154.18
248.945
676.676
-615.239
-6.00484
-354.506
-182.883
171.095
-201.803
268.444
281.522
283.27
-21.406
28.5377
934.783
341.765
1443.61
330.493
473.323
-245.817
-275.982
1125.27
69.8016
1168.71
-290.656
-171.804
-154.904
57.7362
-553.682
399.933
-62.5639
-511.351
-934.247
539.451
219.466
568.084
-315.263
82.8454
178.32
-644.778
662.046
-523.25
-686.087
572.814
-308.089
127.387
701.368
578.612
-98.4107
-181.499
-305.844
-912.033
624.314
519.708
5.97396
1204.96
449.36
471.465
455.908
-631.608
-231.799
125.882
951.379
90.9884
199.287
434.864
148.486
535.209
294.527
109.462
75.2651
1615.41
-653.853
-342.466
352.732
132.818
415.644
345.381
528.724
-429.6
412.962
-137.813
854.675
-231.405
-256.906
660.284
96.9308
1150.83
-659.668
0.218748
-756.009
1218.58
-1117.83
-167.993
1235.71
21.1218
-747.138
536.17
334.941
248.637
189.25
-539.394
572.738
812.461
2078.68
-439.966
921.9
176.689
235.024
748.299
955.673
-1121.08
-249.218
143.639
-469.971
462.273
-37.2631
148.918
-160.638
-591.301
62.3707
-621.884
462.617
-1061.45
359.78
100.494
-1237.37
335.836
-93.845
448.678
1285.7
568.796
-378.91
-766.589
-298.297
89.7953
-595.279
1056.43
-575.927
-779.464
750.667
-561.365
-602.735
-1071.44
-492.247
456.687
-117.843
-754.906
-846.42
43.4547
-84.3479
1650.42
754.867
339.755
-325.518
193.928
211.349
463.677
590.139
-36.438
1125.88
-68.9433
1127.04
689.959
669.352
-546.569
442.033
-893.551
57.7632
397.041
-44.8141
405.466
-328.135
-307.21
391.165
-695.31
816.857
423.321
348.348
142.993
151.096
-73.7736
339.903
19.9152
-644.031
-435.117
829.143
-649.706
659.397
-362.772
21.2741
234.862
-18.35
-187.061
1072.25
277.378
141.194
74.8157
-420.13
-539.787
337.058
-986.847
-684.064
-72.1288
-417.508
237.788
-138.292
65.6483
-10.5995
36.4539
676.467
298.403
-212.747
780.026
822.28
332.229
341.902
-171.584
151.735
-521.08
267.1
165.417
-546.279
-503.965
-1008.9
-25.7177
1098.24
-21.1636
647.299
542.324
-92.0748
314.982
-835.203
-485.299
268.529
423.254
39.6987
-572.096
-85.6384
817.176
141.617
-925.557
230.348
-71.1389
121.048
-165.727
-138.452
-675.971
-109.664
962.095
143.27
-238.385
387.259
20.5454
-56.3996
752.19
172.959
-539.772
-152.976
-550.401
-727.115
191.822
-579.631
604.165
-656.635
-257.081
170.603
32.501
1013.89
432.968
591.385
-89.4466
-240.648
847.4
30.8111
-290.11
64.2858
163.147
-564.991
488.936
-641.62
-482.637
-204.494
-1044.35
366.147
-209.823
-256.025
-108.274
-671.542
-68.7115
-666.183
1183.3
-209.021
-136.74
755.284
308.815
1098.08
379.406
1088.23
550.201
170.082
1752.26
216.212
-118.323
-629.431
-1043.74
-49.7229
35.7005
-489.273
605.973
-236.886
-925.2
-780.31
521.973
250.096
-933.677
545.177
852.54
-742.029
120.199
-503.289
-133.298
160.326
266.767
-342.61
-675.389
216.579
195.314
-168.461
328.114
449.636
588.294
308.923
225.452
55.5777
-461.961
804.853
-574.018
-151.005
740.154
-498.587
168.543
732.58
503.641
-145.166
558.466
-89.6593
1442.21
210.646
752.469
-522.821
-337.257
-43.4874
157.326
-296.267
-403.037
462.244
-404.357
344.649
295.747
357.389
-20.4137
-7.55667
230.602
359.865
816.494
1096.43
-174.15
-1296.56
337.096
-1009.62
-30.2231
-421.974
-285.014
499.259
638.556
-477.522
355.028
681.205
111.458
961.449
-332.915
555.281
-282.712
511.072
-469.132
196.943
-805.801
-612.083
172.96
414.361
-680.608
-1106.87
58.836
274.231
615.426
216.41
-24.0956
-343.88
778.21
380.423
-102.197
-1564.19
-823.483
338.256
1020.31
-177.117
351.613
1311.7
353.801
-845.642
-345.064
-1133.58
442.876
-855.257
513.953
-1113.05
1098.04
811.345
678.999
-111.113
-249.084
494.665
423.529
-55.4805
-105.554
1169.04
1013.73
1035.06
372.761
1099.76
-577.227
-1625.01
-11.7146
-526.026
227.185
121.875
305.655
663.602
-580.681
-278.419
127.543
369.739
87.4571
-485.557
847.304
1540.05
1170.46
-515.066
602.08
431.843
17.6546
-72.3174
838.501
510.5
1205.51
-456.841
-262.744
-400.917
597.567
-631.322
-341.262
-569.758
-322.1
480.968
-168.192
-117.05
-484.527
201.285
-163.634
841.825
-520.482
310.799
1233.04
-36.6353
-376.197
795.739
-1148.58
-234.448
266.803
-73.1785
-436.625
-692.246
-692.884
725.115
634.722
-0.62461
-7.96912
-285.22
142.351
-956.356
169.333
-169.212
-23.5692
-68.5703
389.588
1435.38
-697.574
582.598
-998.305
326.872
288.252
980.028
510.258
-1070.04
348.73
92.6299
-987.651
530.279
543.618
1011.53
801.3
21.9388
-149.246
-32.0042
152.359
-58.0769
854.433
-744.859
-862.288
137.333
91.9521
60.8432
573.622
257.729
1116.93
-483.808
-802.518
319.03
-845.954
29.8489
-512.493
-162.037
690.167
700.987
-354.666
187.483
527.883
865.078
-284.03
-675.009
-816.49
-1313.14
168.285
-684.585
-558.54
-786.56
120.388
-315.845
65.1861
655.682
117.639
156.38
487.638
558.443
564.772
-1010.66
-659.623
939.355
175.965
-638.636
-200.356
-68.661
-252.694
-924.815
-235.812
-113.695
-341.175
-451.131
162.383
177.078
-387.19
-68.1005
758.653
-211.66
130.317
-1210.83
268.581
-660.491
-372.389
-137.089
1299.76
797.295
-1067.92
-232.667
283.972
32.1622
-1018.23
-237.541
-106.45
-95.8289
140.127
414.309
188.168
-227.623
-929.316
170.47
623.414
-73.0078
-205.921
218.235
1215.51
370.07
497.637
-164.588
805.492
213.666
126.725
-367.043
287.468
73.533
880.684
-559.957
123.458
671.851
513.299
-642.974
137.049
188.683
8.73631
220.036
-193.812
236.964
-10.6904
-361.779
-2.01404
-683.44
493.686
17.7473
328.456
261.408
894.851
786.111
-912.556
505.437
78.5849
3.58397
739.212
213.625
1143.9
-407.131
-234.407
-8.04072
404.304
-185.332
-875.487
29.157
-508.974
-62.3571
952.366
-1018.65
-1266.68
-498.539
349.648
-1005.14
428.454
-239.567
-538.788
-179.362
-363.598
393.539
1088.06
379.721
576.863
548.729
1082.96
823.324
593.265
-300.302
-70.1925
958.559
548.683
760.761
-70.2571
-58.296
193.325
-1132.06
631.262
829.882
-122.711
58.0137
894.428
-243.322
-416.006
-89.6103
-157.093
1075.12
1022.09
832.99
1911.53
389.736
214.307
334.136
-1246.45
97.0782
-822.392
-491.187
1188.85
-578.311
-249.119
476.045
417.504
-488.205
637.488
849.036
708.949
727.564
485.606
-774.913
188.044
439.43
174.467
-371.693
-540.123
-370.721
715.045
-729.68
-629.975
-203.394
-99.7139
-234.066
818.324
-380.245
-1421.94
293.478
945.916
705.219
548.694
1090.95
-338.619
-564.968
-201.054
297.621
308.848
89.1552
333.923
853.868
-296.976
-1209.11
-267.018
570.708
-446.951
155.204
-330.974
279.242
1075.6
-470.97
821.791
-602.408
-810.769
-103.109
-1445.67
28.2928
23.312
508.861
422.155
-338.426
767.791
-446.682
318.484
415.581
-393.68
-153.335
-295.547
384.007
928.869
-264.64
-161.532
570.746
-659.276
-931.039
145.797
-70.2405
-1116.16
-135.649
1160.54
-1241.52
534.187
583.474
-1148.24
-464.549
-640.455
-191.354
-628.297
96.5633
1204.17
230.552
1087.88
-297.002
-5.65972
-752.513
12.6559
94.1113
-262.171
222.321
-424.153
1104.28
704.895
-213.072
-137.765
310.22
831.611
-57.6832
-232.236
79.0849
159.9
1061.73
306.771
298.947
-353.892
605.29
-712.52
-920.454
-213.52
1100.74
-53.1607
61.3079
905.934
74.2612
-35.8598
-551.179
320.163
-479.279
-70.4758
398.822
-646.579
-405.927
157.557
-145.561
162.533
-375.469
52.2215
-864.16
-624.488
551.279
1012.58
-565.734
242.433
255.217
179.984
902.35
536.839
-472.99
269.455
-819.099
397.61
-160.458
-940.537
674.388
-430.101
-977.595
-658.296
957.113
-64.4408
-570.778
-310.799
605.538
986.673
812.414
1369.36
-1121.11
-536.631
924.636
418.537
1242.96
1051.31
-449.827
438.056
-154.011
716.36
461.574
-410.685
-26.7913
709.027
-416.407
615.051
188.211
808.301
-243.861
-1019.74
147.157
-30.7993
1113.97
750.939
218.107
-552.407
204.362
-634.53
-543.834
211.019
817.561
-894.979
660.363
-270.047
255.83
-815.752
1219.71
537.016
199.762
-396.542
457.017
1035.18
-768.079
-321.295
1177.8
-432.967
471.555
-92.3023
649.545
203.617
-461.408
1072.53
763.01
257.985
-574.629
-865.169
-987.961
532.266
161.31
-422.678
-250.75
-344.126
-742.344
-89.642
-639.375
-538.932
-881.568
42.694
-573.44
-388.612
-360.594
-581.178
253.495
287.533
346.232
-844.274
-525.189
1527.7
560.953
454.064
353.776
919.113
-657.461
479.841
-836.288
-152.779
382.467
-294.763
667.406
-91.5951
-1112.57
325.166
1031.6
-612.429
609.279
-1139.07
17.8153
428.231
359.164
319.112
-149.376
916.188
-844.935
11.4901
397.077
238.534
-180.574
599.95
386.038
943.519
686.434
237.503
250.861
-237.23
664.666
-591.914
-1069.36
-48.6215
-974.034
-1021
-229.966
-759.05
-237.056
203.582
-161.35
614.411
316.161
-81.8912
284.946
248.278
693.529
352.492
388.142
145.864
368.468
-242.891
805.436
-762.786
31.6062
281.212
-778.077
-871.014
-596.146
666.797
-853.982
216.926
-726.887
-661.048
1210.01
420.75
710.368
308.225
-312.951
13.0931
200.451
-106.784
438.798
703.41
-1297.17
622.501
-94.0505
-1202.8
495.52
-203.029
521.723
605.56
477.959
984.895
661.901
552.059
1020.67
71.099
604.011
458.09
174.218
-232.463
226.156
748.622
-695.678
375.236
1095.02
-200.603
1042.27
870.657
-432.431
-286.101
179.904
-227.188
-307.67
-805.414
-788.135
72.3978
561.634
163.391
171.376
-227.373
1021.87
159.937
-487.241
-791.972
549.579
155.014
149.063
-1006.35
-839.414
1414.22
-286.352
403.294
-78.619
-65.3302
508.409
-569.894
-612.865
-174.179
-259.704
-175.301
-147.724
-96.48
353.311
1341.38
235.483
-323.903
698.015
110.941
693.623
423.34
-1071
634.189
563.179
-620.614
157.093
455.641
-210.303
-368.94
1271.9
107.324
-149.151
373.667
-355.663
546.216
157.015
695.29
328.713
82.872
197.259
-311.843
-130.017
977.364
310.246
353.803
-741.948
599.053
607.221
569.226
-129.171
-325.282
-1403.3
-209.453
30.9627
-425.632
134.214
474.426
1036.89
-644.628
496.039
263.823
129.43
-140.771
-723.385
-343.813
-212.762
689.052
100.797
194.681
721.558
339.808
-25.6117
518.077
29.4437
573.463
-858.796
91.042
749.685
-221.149
118.918
-383.795
140.537
-57.8108
422.883
1244.92
549.054
916.223
458.091
-496.168
793.296
-1052.34
-608.187
292.427
681.805
151.106
-64.2111
1389.92
-1191.12
227.225
1415.18
-552.478
-1259.17
-134.658
255.929
-82.7788
452.517
1041.58
64.0242
-891.77
-576.573
1730.23
680.633
-564.014
-212.226
21.6013
776.86
314.734
-724.446
-241.274
884.351
342.081
960.438
-482.723
442.427
-166.199
53.1698
-315.556
418.326
988.039
550.187
557.195
-357.953
-491.439
-815.74
502.845
-123.704
429.442
-199.648
-438.963
-877.181
60.5099
-1268.58
399.447
179.304
-325.856
-480.505
560.102
-453.534
20.4234
-393.234
-43.2405
462.351
-676.943
-188.365
-580.475
-971.257
254.655
-638.597
198.037
-67.6457
-424.309
850.59
830.889
-84.5486
339.799
921.64
-650.76
390.938
806.768
-761.825
1733.85
1022.42
459.34
351.157
905.52
649.987
-805.672
886.984
299.686
-139.203
-259.469
413.964
308.177
240.42
-64.3574
-569.857
-434.99
0.940478
617.692
145.749
-400.208
-1037.89
97.0052
-199.709
790.894
-605.505
151.084
124.72
240.986
460.73
1581.48
-157.573
-883.507
-606.952
-313.755
-1409.99
467.808
-346.971
429.121
-71.1711
368.36
1392.56
-420.187
-98.064
-505.661
-328.29
21.2291
464.034
353.527
254.471
-115.234
204.943
-493.584
519.406
1177.35
-66.5323
3.95454
-102.312
-264.802
-613.669
-870.558
1300.21
-510.653
32.5474
680.647
1602.53
513.04
-450.295
963.061
277.571
481.53
-644.645
454.843
251.152
-397.669
-489.785
7.41672
-255.603
1162.73
146.83
488.812
162.732
174.813
1334.3
85.8038
64.7263
854.562
409.335
990.169
-672.276
-81.2418
-565.135
575.276
315.424
-82.3704
90.1667
304.572
63.3326
-162.463
1064.62
15.8711
-757.907
473.506
-40.3718
-40.7562
250.91
-398.456
526.577
708.676
-472.943
-961
968.974
1020.94
458.843
1030.25
-81.3056
1565.16
-58.8917
-374.972
569.459
-779.837
1221.07
698.07
-68.2994
-667.001
455.081
278.791
677.196
-1340.22
-545.328
794.964
103.485
-4.27374
788.83
1182.72
-118.231
-358.56
712.621
-630.758
-734.561
-214.29
368.974
510.172
-443.562
376.651
-261.301
263.026
-1013.2
251.244
343.925
-30.0764
-523.784
665.824
833.678
874.395
1270.78
-238.459
385.63
-311.431
-797.84
612.42
-808.203
558.337
-11.3548
175.315
-876.83
278.332
678.836
1135.13
-257.504
-604.004
-867.308
-210.024
1076.84
-827.122
-1009.22
-162.75
84.041
-488.86
161.644
-795.408
108.348
-184.776
-313.589
146.364
236.448
-232.864
166.604
686.795
96.0442
-695.627
925.254
-42.0521
-426.271
116.694
-1075.58
92.1812
987.925
-377.706
531.777
-359.131
122.102
376.045
568.23
1432.33
-299.506
-276.923
-476.938
1043.47
127
-577.576
-567.066
-49.2688
-381.749
356.154
-286.214
-45.0688
85.2026
-372.872
18.0821
244.829
-613.345
583.726
615.951
-31.3298
991.643
-402.606
454.28
-618.708
610.484
-481.071
-486.01
-500.508
-158.753
-16.9911
380.272
-698.806
473.787
-761.002
-65.4785
740.746
949.416
-409.941
-589.789
-463.888
87.5255
-980.096
35.2899
-959.491
-180.84
773.74
561.867
994.154
-1568.18
-27.3978
-386.751
-221.277
403.673
-27.813
152.159
941.075
-49.9294
391.996
-1029.42
-152.131
-508.743
366.165
858.782
489.455
-842.178
-278.693
15.3093
464.218
-711.888
-14.0192
468.585
-22.5428
291.054
790.822
770.246
483.86
303.308
19.6683
226.181
-625.141
922.263
395.446
703.2
-368.04
-646.699
-735.613
643.22
327.454
-866.606
-0.155772
-1109.66
1109.72
522.02
772.11
-344.72
185.626
-740.213
219.343
-464.772
445.607
151.573
762.049
554.474
64.416
1231.69
-47.1853
140.893
1032.8
309.907
-563.844
-674.398
-1007.24
-32.2567
-537.13
-1022.94
307.724
93.3706
-178.101
325.06
728.894
391.141
-512.202
1284.63
-661.137
-745.996
206.036
258.933
479.42
269.813
419.625
-264.052
-415.467
-618.799
-837.014
-535.574
998.622
-950.536
-224.863
185.649
-1077.21
730.273
124.937
120.628
280.137
58.2935
-376.492
-419.965
139.756
797.568
69.2636
-665.993
221.276
1666.17
298.117
468.658
-403.503
-182.14
301.487
-502.507
61.3915
-230.121
77.6265
414.104
-607.383
-157.934
-1148.48
381.769
-370.362
524.709
1227.07
57.552
-397.901
-340.552
1030.62
-650.963
-619.501
240.575
-624.402
-151.654
762.805
1494.12
710.771
-805.218
-700.349
289.287
-574.56
-188.32
129.84
-24.8876
336.115
-828.08
142.538
-872.587
68.5043
225.488
308.829
-531.529
68.4978
1215.22
-775.067
-475.372
1115.65
-341.747
411.597
906.41
338.836
-94.8513
425.799
539.28
-72.3475
142.139
-688.733
-210.585
-325.881
277.244
590.049
-137.051
-823.519
863.039
-494.368
733.892
369.009
290.793
-1443.39
558.932
1024.47
-314.316
710.301
481.016
-833.239
-713.015
-243.808
511.966
213.73
-132.526
759.763
557.937
1012.08
937.842
448.128
210.375
-325.693
1478.8
1291.83
59.4996
321.299
75.7626
702.018
-154.992
257.005
-50.9026
-401.259
395.961
1229.81
404.58
-718.317
323.358
1100.88
-344.83
812.169
-310.861
706.104
-647.796
30.0014
-263.525
460.743
-54.4956
-313.604
-142
-71.9921
201.518
-901.893
-650.168
-304.897
-328.665
-941.322
323.368
-368.705
36.9889
564.312
-551.355
771.572
-826.993
73.5513
-660.225
-175.327
151.657
-497.96
209.16
634.069
-209.51
50.4082
-810.381
356.261
324.743
-41.0354
54.5334
99.735
518.399
-200.964
1052.81
-610.147
135.799
635.075
-99.2878
-423.237
388.877
-108.261
787.629
793.517
530.576
580.33
334.32
738.74
525.617
-292.943
-291.267
-460.837
31.7485
-409.824
-558.901
73.9304
33.9562
-374.578
-271.448
-96.5167
-737.331
1243.46
459.431
671.592
295.941
-450.83
968.165
-375.323
-1256.44
-336.521
279.671
18.1711
-404.596
639.388
-210.267
-672.312
1052.27
-1621.34
867.9
-626.559
-63.7382
-426.768
-388.675
-209.546
-150.474
268.285
227.538
-603.779
-157.917
-436.407
-1162.81
238.492
-45.0461
514.179
-234.724
654.971
172.94
-734.624
-61.6142
176.472
-450.365
-693.312
-632.31
-87.6643
184.051
-441.698
264.155
-291.492
323.609
-300.386
658.018
1369.19
-203.814
918.72
289.443
-209.502
405.316
836.905
-867.16
-201.793
-606.339
715.249
794.325
426.306
45.8085
1008.75
533.941
404.081
994.613
489.814
184.345
157.462
427.359
-94.6148
346.945
390.666
-1413.14
17.3633
725.29
373.566
360.969
1020.63
115.354
-212.294
86.8782
-1122.5
637.926
-41.0477
-512.661
435.777
-753.885
-1086.13
-377.409
212.073
548.585
-50.1444
-800.66
324.572
-672.316
491.736
69.4337
297.46
-482.166
-572.701
460.39
-556.073
11.644
-808.02
718.11
1413.8
299.511
374.543
-709.072
-468.937
-410.554
1312.91
-383.001
-202.65
80.6713
293.943
-772.904
798.517
-814.165
562.351
699.257
-463.773
216.675
240.76
-1.83535
-207.097
-105.219
219.738
288.93
187.337
3.39024
-124.07
167.83
-711.37
-692.295
-841.28
109.553
315.632
417.876
410.546
331.124
-524.44
328.121
-112.904
128.992
-488.572
-256.375
682.387
-320.082
530.525
586.213
100.281
25.8792
178.257
515.223
-309.74
100.633
-107.68
-1251.78
-336.595
395.652
-125.777
115.513
672.434
1413.96
707.118
-61.2286
-576.437
-256.048
-862.092
-621.306
941.873
444.643
549.69
860.012
1115.24
818.152
1070.54
111.98
-62.6332
878.43
-31.9568
186.772
-961.689
433.533
-959.644
831.395
276.843
494.757
1087.82
-853.372
-56.7665
-45.4352
-662.153
-1034.41
-967.495
-67.251
395.735
-200.302
-412.478
495.972
636.991
658.304
441.264
-69.809
-865.661
426.901
19.3257
-239.742
-400.381
93.8684
-279.344
-264.224
582.259
-546.793
533.677
362.512
83.5795
-71.4071
-141.035
236.862
28.4544
1449.05
-21.9582
-472.775
-305.457
-343.834
953.442
611.33
396.908
282.13
923.351
433.9
272.18
-779.665
699.979
-997.057
492.104
-275.238
1389.48
733.714
272.945
768.367
245.459
-348.54
459.963
-328.775
15.6528
488.151
81.1445
-875.35
-841.766
-12.1235
507.188
360.173
522.586
712.079
-111.172
191.08
-367.088
707.38
300.76
245.423
848.095
-806.518
383.426
576.499
-969.068
779.148
-185.505
945.27
976.46
-443.249
-110.581
-1284.33
-238.835
-307.527
-882.597
-96.832
-970.813
1091
-791.297
407.217
1198.9
-732.953
-45.3974
-146.016
287.683
1227.89
-474.767
-829.903
-369.738
-222.794
96.8351
-488.101
-1151.65
-286.949
136.042
-668.831
315.686
121.81
340.909
-189.771
-1101.26
-509.278
-153.573
-771.742
-283.886
76.3612
-319.135
320.463
642.856
-221.436
402.098
-177.138
473.014
987.256
-119.522
-120.945
160.354
691.433
980.067
102.475
-826.072
708.426
-245.983
777.693
44.0405
432.103
582.009
662.357
621.175
306.429
-145.351
-149.923
282.524
-622.183
698.294
92.7965
1103.41
-960.023
156.96
1404.19
46.4951
621.219
-185.798
-316.237
1585.91
-622.22
181.751
451.283
124.879
-325.102
-362.598
-945.907
-301.931
-188.414
243.444
-249.095
-834.441
696.839
-59.6919
239.066
414.958
33.4529
-250.295
-444.076
680.738
-919.878
-168.017
171.863
-800.757
1023.97
1195.08
351.515
-639.95
-641.413
-349.896
400.817
-1174.68
1382.02
-671.575
-437.55
158.165
-131.958
754.051
353.692
-222.053
-467.627
666.997
32.878
1414.05
423.295
-256.801
10.7586
446.546
-137.456
-19.7556
584.056
-73.4807
-492.098
-272.586
131.463
16.1083
336.814
329.004
-254.488
-41.6431
-47.8356
-289.616
-275.039
6.7564
-785.387
49.0619
40.5463
203.082
404.368
-242.079
19.356
678.088
1168.21
-371.475
597.379
-597.292
-377.84
-829.792
31.8645
369.781
268.191
1035.95
-427.36
35.1388
755.335
286.879
712.676
613.097
-915.158
-14.4046
443.737
396.392
348.027
-37.6775
-280.085
477.002
666.093
-182.069
-244.83
760.684
171.326
-225.311
-425.652
-448.242
-720.748
141.187
-42.6178
75.9581
1584.05
410.344
254.417
404.333
787.235
779.902
406.593
514.079
-1.79562
113.412
102.128
-467.347
-444.003
1249.57
-240.234
194.773
-729.56
585.217
1271.65
394.957
-275.53
891.585
-268.241
-219.078
-772.358
-539.347
313.716
-128.72
985.68
-222.729
1155.96
600.829
-243.118
-912.895
532.896
855.754
-654.948
-671.309
823.207
-165.187
236.518
615.306
279.076
808.093
-692.1
386.821
-408.241
-491.518
1023.25
610.929
169.279
893.908
1139.11
1033.7
636.807
149.02
174.633
-1316.1
2.77925
961.147
349.696
283.868
-56.2758
609.581
-588.159
-173.51
344.835
-395.369
-323.974
-14.8797
315.696
518.065
1261.36
602.768
161.53
380.155
446.822
-8.54358
918.663
499.251
-1137.9
38.6043
-507.696
64.7814
-354.34
165.01
-56.1505
412.56
-551.766
1073.82
222.517
-755.686
-342.548
-209.767
-128.822
215.542
-332.91
-14.7103
-216.481
217.036
213.464
-528.115
-47.4195
-723.915
86.8956
1191.45
331.499
218.156
133.547
200.967
-19.9762
-219.246
-534.176
-95.4225
-148.027
1296.06
-11.7111
209.133
-964.035
-303.74
251.613
636.818
-640.033
864.572
-1307.7
-1138.22
20.95
187.314
-279.203
238.94
936.916
233.473
70.4706
-807.367
-655.59
988.937
-634.986
695.057
304.791
-1060.21
-170.437
726.092
-1136.34
-336.753
23.021
455.939
-253.794
212.43
657.39
-121.746
-796.124
347.525
345.197
281.893
532.946
-408.611
488.114
-403.173
-179.758
581.865
-974.297
1118.38
128.762
596.924
937.546
-535.831
-189.01
864.334
1106.94
-572.488
66.6542
898.613
-325.576
198.773
-258.621
-450.159
596.297
-328.137
-964.753
-624.941
-148.591
941.751
-1143.03
250.919
223.536
-599.48
-174.338
595.342
-316.619
1093.32
20.5661
675.291
630.899
581.969
-149.61
-609.094
421.003
-807.711
-613.945
-435.853
324.567
737.331
647.481
209.845
-691.198
579.267
-330.068
-707.53
180.402
512.104
47.1221
-296.936
80.74
-1234
521.433
-78.7212
-1140.48
1269.98
731.806
-90.1908
-496.902
-21.9512
-998.338
640.816
294.497
-950.936
36.9254
396.89
564.611
525.81
265.282
398.396
-43.7494
87.2516
-283.39
816.973
670.516
625.949
705.175
2.58884
-467.066
-15.3481
919.734
162.475
-68.2595
14.4571
305.205
1023.44
72.3827
-194.87
82.4467
1145.72
151.574
-820.109
825.207
441.391
-605.406
-595.927
-656.983
-459.326
-1011.61
-671.662
-1064.82
869.243
215.688
-575.255
-55.7942
-339.475
-101.693
-503.345
-646.764
347.51
290.94
-513.92
-40.2756
851.756
-475.32
423.58
-154.693
433.67
438.614
-503.569
452.931
1231.14
406.036
-1255.35
302.294
747.692
433.41
-457.24
315.339
-211.06
-665.774
229.496
-80.6763
25.8295
-358.281
-177.734
369.424
-74.0769
513.832
-20.4961
-238.811
769.822
236.618
-742.254
-228.171
387.954
-327.751
-721.481
-142.212
314.648
246.151
251.17
-892.748
-265.777
501.624
-427.622
-751.047
-29.5467
792.249
-85.9361
593.819
268.76
139.449
435.593
927.414
335.23
1151.45
736.403
-61.1926
-1019.95
-969.658
276.265
567.044
524.736
289.733
471.741
-416.157
631.434
938.95
-223.476
1145.89
188.487
383.812
1055.49
-132.796
453.316
372.401
-466.145
211.713
-370.694
416.472
-55.1856
627.471
346.508
249.922
353.177
1203.42
-99.1304
582.33
13.6299
-683.765
272.127
-1144.89
419.604
547.04
882.16
-597.829
-94.4282
124.204
551.698
285.817
-537.199
-303.865
177.258
-629.793
-962.661
-486.511
-453.538
-1391.4
-306.341
149.158
115.365
1516.82
-1323.75
-368.237
-208.945
283.748
-586.051
162.952
362.135
-504.139
-416.007
627.751
-494.311
432.073
1358.68
-750.053
-495.901
851.32
-285.728
-348.687
211.218
189.81
530.674
684.49
-224.354
642.851
686.876
833.983
1213.85
203.049
-282.034
-353.247
479.436
-923.207
1358.35
136.831
-703.292
269.326
910.098
1449.31
201.521
-194.482
-119.633
-15.8575
794.611
-587.643
-36.992
129.754
-20.6269
916.906
-75.0239
1535.24
40.6076
154.135
650.849
-620.552
1041.99
-186.157
-1064.87
-401.698
128.805
606.602
-10.5941
-830.013
262.742
-441.541
-463.838
484.632
-200.613
547.068
1448.02
211.469
781.577
651.755
218.111
-123.829
333.695
-238.305
135.336
436.588
713.348
-44.9427
1161.87
673.382
-687.156
403.581
-748.399
367.98
565.822
-140.854
228.495
-742.391
-182.694
14.4882
-457.039
1399.95
522.463
-455.8
1624.75
-0.688003
142.964
97.8376
-750.89
-1036.64
-415.407
366.813
105.55
-427.335
457.812
-721.042
550.804
-603.635
264.366
788.1
147.645
-55.2398
-49.337
272.686
345.605
234.246
17.2418
1189.96
491.065
-448.659
621.441
-653.7
-935.425
-709.019
359.957
-86.4656
130.078
-862.455
-59.3105
1178.49
-96.7688
-564.573
-1114.37
695.427
-236.633
1024.45
330.117
-919.263
264.937
-84.6567
1054.95
299.435
1013.97
-354.065
-821.921
592.804
-852.208
-202.794
-708.253
-117.863
338.861
506.297
-720.761
775.723
629.185
706.658
-754.18
92.2
459.231
1151.36
341.578
-92.1947
-216.369
-708.841
1219.77
-191.105
37.3588
45.9429
582.152
-553.026
1417.04
890.25
-24.136
-242.487
-285.314
284.213
842.097
63.794
-28.0521
-407.828
-598.147
338.131
289.209
436.681
1016.14
405.728
-570.816
570.532
153.343
178.514
188.307
272.525
234.919
61.9896
-1038.79
-455.794
155.489
-420.416
-579.522
12.1551
-412.266
54.7444
-254.142
605.356
-290.677
23.3417
-476.019
415.101
60.1676
469.638
-74.3475
55.4804
-808.862
266.703
374.677
526.395
-859.741
6.79464
444.741
117.254
79.6414
-630.165
285.96
-751.187
260.048
-3.75269
33.7859
31.566
-1014.18
58.7395
-395.432
-1063.53
-348.899
-786.025
-435.696
-644.542
-209.018
-195.772
110.84
-8.91626
91.3588
-800.004
249.909
1144.91
944.647
482.023
756.316
-0.218268
256.002
-292.38
-362.868
244.25
351.085
165.816
147.205
-265.06
608.742
-256.048
-301.926
183.727
233.109
45.4176
1001.12
-219.598
1007.79
-737.43
726.992
-126.305
-489.799
-413.939
76.3814
475.588
367.666
-476.947
968.538
-470.955
-234.884
79.2261
351.508
441.406
620.638
662.171
51.8051
960.814
-84.4333
1325.75
479.349
753.969
87.4867
-468.061
346.554
-21.9711
-367.082
1368.33
-119.968
991.039
302.596
-102.568
180.211
22.3526
970.13
1071.35
-289.615
153.576
595.957
1316.93
-758.56
328.496
-542.297
650.62
-807.93
-241.233
-882.771
444.996
308.849
390.878
-672.734
-168.379
456.444
-97.3511
-163.142
607.85
-817.646
854.748
-108.512
290.376
57.2297
1033.9
-776.499
-36.5213
420.821
541.244
63.969
1102.59
-1063.48
408.515
534.64
324.342
771.383
-562.317
554.084
-832.499
520.217
170.237
-426.847
-655.673
543.685
665.539
-254.68
-158.006
474.495
557.013
1306.95
-416.088
-931.968
-169.908
-110.451
60.0003
-365.291
-258.674
-482.217
-469.958
-324.946
887.527
-93.752
-191.457
-843.953
39.4098
140.849
-126.842
-703.001
-297.156
551.103
-61.5852
-277.008
418.467
-380.551
-298.086
621.087
285.118
58.2646
301.026
207.999
-444.065
440.625
169.341
1023.21
-17.7621
-1202.48
-34.9979
-5.23838
65.37
186.855
-225.472
654.081
-67.6487
955.553
-923.298
-462.257
-542.904
993.414
-264.323
354.096
-1292.36
-1066.81
186.211
-295.938
149.099
-560.61
866.456
-154.637
-641.317
529.426
-524.916
680.139
363.651
-25.479
-8.16256
308.411
254.396
527.766
326.785
242.591
-497.622
358.851
-259.985
-547.211
67.3802
-595.284
-665.119
-575.082
-304.766
-29.2961
-1124.92
861.062
416.838
-411.029
12.1533
-249.946
516.646
-816.669
-315.983
-22.5031
660.346
-1143.09
714.436
608.819
-619.667
-1036.59
-753.479
551.323
-56.6813
1535.21
608.15
-550.586
-114.185
504.285
-180.32
-261.563
692.922
-301.805
-411.011
623.152
959.512
450.43
-839.299
979.119
897.59
2.05932
750.832
1481.68
313.738
-447.711
129.698
1241.34
544.656
699.469
777.877
394.472
-39.3985
403.091
-547.521
654.285
-131.63
-421.735
218.512
-527.067
-321.288
-843.139
-184.322
-184.508
244.388
929.475
-382.394
625.231
930.232
366.982
180.878
204.726
-382.906
299.451
-280.227
146.886
-247.2
601.811
629.899
336.365
377.038
595.97
-434.929
343.875
293.479
-250.233
-419.032
423.439
210.858
-722.81
842.196
221.612
-650.283
1211.1
1230.52
362.145
-260.768
-343.121
-316.205
379.584
-903.043
-105.867
2.38833
114.846
1191.64
1999.01
493.299
664.359
-501.04
808.42
-398.188
-526.828
-272.81
-1406.23
243.156
7.89599
27.4734
83.6869
797.836
-802.523
-488.129
-357.207
220.895
282.089
27.4831
298.922
386.846
793.534
-176.778
-892.613
1636.38
50.4141
37.4889
-159.328
-1078.75
-125.979
799.147
337.154
-128.591
1045.75
-1053.83
136.637
-391.429
401.486
-176.165
589.226
496.242
658.64
-1042.5
414.954
-259.698
56.7075
-345.122
-549.647
-1236.95
287.735
-987.809
331.205
87.0429
-621.814
-394.007
-917.578
-48.9522
-437.248
-192.753
53.3706
815.833
-45.7594
17.22
-100.192
-402.568
-26.8841
565.764
176.392
1.05778
-2.23309
313.503
930.392
420.738
-250.04
221.246
258.467
-721.318
-278.16
-744.295
1176.16
-222.617
-1047.95
-425.795
-1088.25
638.325
-923.864
144.517
-538.337
-1060.52
-221.065
-696.248
133.523
295.539
450.249
-809.514
-589.455
-624.116
1428.22
615.797
1081.56
-727.974
-573.353
575.773
233.172
-16.8115
-1037.15
840.328
70.7564
119.329
-280.2
483.752
-463.38
681.593
321.28
-262.895
94.9083
-122.145
382.707
148
-577.183
79.1803
-420.36
1034.66
632.487
623.326
-24.6647
1194.85
811.803
-199.263
365.282
606.85
-89.3865
-1580.14
257.246
-87.5737
620.225
258.522
-129.21
-1299.83
1349.52
60.8378
-112.471
290.177
-860.149
472.375
920.118
747.058
1193.87
-183.049
-280.505
-754.737
-621.897
-217.78
1261.85
-85.6816
-550.255
1395.95
-304.138
343.984
-62.5221
583.807
-945.463
102.268
-9.23471
-489.831
-58.4365
-346.304
228.526
-915.132
207.643
-485.384
-1118.55
797.736
-232.439
408.457
-349.693
-635.492
-321.903
284.521
-621.39
1104.95
1095.92
-0.531907
89.9381
457.372
-376.601
-16.7851
310.043
-88.7142
-968.622
725.24
-665.897
-636.934
-1333.14
-785.062
152.67
196.106
516.791
214.813
98.0502
-291.967
257.361
217.645
1185.4
73.8805
143.239
420.968
-804.803
-188.176
53.1014
-144.405
270.474
-35.4079
-363.504
497.833
434.21
443.747
-852.195
-695.302
-1031.63
-17.1689
743.44
-401.533
587.155
-126.263
299.796
-69.643
934.458
-253.344
554.67
307.657
1390.06
-59.0086
462.716
853.158
-47.3915
764.119
317.879
44.6334
490.023
377.898
607.243
-1126.76
990.027
-231.965
-189.739
369.794
60.4114
277.885
-596.027
1076.24
423.216
728.097
317.92
828.038
559.139
1364.72
-799.997
-21.661
-104.143
-341.36
-30.1599
-92.849
-369.979
-296.383
59.019
-218.393
186.745
-124.02
-115.362
-180.279
198.608
-148.503
-7.98625
-326.994
106.142
811.388
0.866621
-1.39435
360.83
400.846
-652.174
-264.57
-150.332
-326.812
-743.301
-44.6171
898.77
9.95696
471.58
-524.309
343.396
15.7352
-551.236
374.649
1097.24
-370.81
-1287.29
674.205
257.039
-176.524
-865.907
109.343
-1164.96
-579.356
387.45
224.917
-65.563
316.4
197.154
-221.922
311.605
102.784
-978.701
103.93
346.778
307.317
121.902
31.0601
