1164.58
-861.641
423.655
520.53
-254.574
-568.058
1297.83
17.5092
118.974
969.647
649.385
302.112
1004.71
0.493798
-920.102
-86.6624
489.678
777.071
-387.053
169.559
-669.993
355.992
-365.659
863.894
282.573
-120.778
-968.323
792.262
491.119
151.504
-146.718
117.359
262.298
-328.707
-411.557
8.07197
-486.964
-1063.95
-970.191
452.595
534.823
212.272
545.1
1193.99
799.891
-211.456
260.042
-616.484
-969.302
89.0375
933.62
-363.299
-123.276
255.329
-126.744
-179.057
-388.763
872.09
496.723
-264.059
229.467
-679.466
346.978
647.198
-38.1222
-5.48284
505.668
-15.2403
949.057
933.824
-89.7468
530.141
-736.132
127.38
-87.0978
174.402
-57.2858
-178.673
797.212
-805.744
174.144
1675.85
-426.675
579.801
376.302
-162.539
-734.286
488.992
115.157
794.238
512.778
115.225
73.4704
131.887
-406.865
91.9864
-10.5139
298.506
-922.012
437.292
786.331
-219.368
368.393
346.417
1136.9
-19.5297
769.702
-214.955
-95.3811
-876.225
483.957
-303.63
111.478
438.29
-147.843
351.034
580.444
-74.8122
402.022
-78.3476
-464.246
581.73
-1078.56
-788.705
856.282
-326.067
555.427
-572.858
57.7504
-469.265
-671.895
167.993
-595.461
-9.80522
793.794
-79.6747
1047.23
-145.229
247.788
430.781
-237.809
617.942
105.938
-374.515
970.342
615.789
519.464
190.179
-181.32
-310.532
83.3085
-207.216
539.268
-664.106
-100.684
-391.107
838.199
-249.592
353.833
954.66
394.291
-293.868
-957.213
425.73
478.42
307.41
-50.3646
-523.039
1135.78
297.906
1181.49
-109.547
-298.903
485.873
130
-174.975
459.423
79.1084
-610.858
75.9577
153.629
-1100.61
-879.807
-79.8031
1005.22
-479.119
-359.371
-2.72683
5.89026
196.264
-619.886
-1022.16
-305.737
176.383
-694.984
616.539
91.7104
800.246
888.223
-552.053
-138.334
549.352
-403.028
16.0548
-214.215
-491.732
-1326.77
-215.346
-536.561
410.127
-585.598
856.777
807.473
907.295
-258.835
167.013
232.095
398.073
69.5898
735.969
-541.114
177.955
770.346
-123.209
605.455
-204.918
1145.75
445.002
-831.499
-810.2
913.916
-948.611
-495.397
320.627
-610.835
223.397
-83.9171
-562.865
602.7
-538.749
-1.75149
886.011
217.665
-128.531
467.467
-572.273
-328.699
493.408
-489.965
190.606
238.214
-966.495
308.185
-116.701
1474.76
-661.645
99.0784
388.872
-80.5995
921.292
209.27
-400.806
-167.212
-868.38
512.877
75.6048
-487.777
1070.91
231.592
-83.3576
-305.559
1017.57
-415.844
-483.381
-419.276
650.963
476.044
195.253
31.0589
1007.98
403.414
360.572
190.163
872.421
-145.326
-337.468
7.7757
1299.84
-127.099
-662.091
271.264
450.026
334.339
357.012
1121.54
-1101.95
663.617
-809.652
-533.959
945.767
-603.941
110.764
-513.914
421.027
1358.9
1438.25
295.475
276.41
-665.792
-1110.01
-19.7354
-1266.29
-1344.45
349.208
19.4992
687.709
-413.103
165.712
58.0261
120.464
139.591
273.799
-413.129
890.516
-711.16
-159.168
-592.277
50.3786
159.693
242.808
-218.259
187.81
-110.506
245.056
784.779
611.005
71.0695
-248.57
556.455
-579.322
-73.841
485.489
482.016
515.448
1115.62
213.147
426.118
427.943
399.299
321.519
-199.851
666.247
-79.5488
-356.885
-100.106
469.988
-683.512
-862.043
-506.257
1733.83
806.732
1074.22
-988.475
443.592
665.247
823.412
-1336.34
-388.47
521.319
334.316
-693.272
578.458
-28.1313
-312.286
-657.943
552.914
240.45
1263.49
-82.3842
1084.51
947.521
-995.036
164.079
893.368
-96.0094
-1392.96
-570.826
146.703
-451.369
651.312
-177.704
547.606
-663.81
-375.189
1268.83
-149.909
52.1771
321.07
53.1516
-111.456
437.306
1003.57
854.145
710.545
-246.849
-564.437
585.423
-890.962
-604.012
1212.33
-176.369
-354.195
153.132
-42.523
-207.608
635.189
1043.55
-220.123
-120.05
424.913
647.948
204.094
336.227
314.41
800.016
563.77
-109.318
174.35
430.816
-286.535
757.72
253.904
523.059
-888.545
-198.687
61.3544
-150.263
1181.2
1114.73
346.752
357.373
-86.1945
262.744
-633.128
-561.96
307.016
-101.966
480.23
13.4254
-42.9026
-520.234
-852.79
-390.535
1284.25
368.436
959.401
217.217
920.23
-790.38
1172.27
641.684
61.6357
133.174
805.836
624.755
-891.917
764.948
-325.362
639.475
-31.5126
372.306
429.395
840.571
529.481
-587.071
100.425
369.374
190.96
-210.762
267.22
195.321
250.718
629.427
239.012
-68.815
-1082.76
106.998
1197.26
-66.973
507.917
457.178
493.802
357.939
-122.217
-694.85
600.903
257.017
-831.297
-9.46167
292.09
-124.85
410.452
-446.196
-879.309
-354.182
317.432
-219.433
-310.948
-921.269
-380.772
665.475
1140.82
100.39
-691.908
-343.279
606.676
149.129
99.1756
245.054
373.431
-484.544
-948.658
-615.873
-948.094
-350.912
769.261
397.837
-714.301
671.159
-3.40224
-207.917
624.682
163.112
513.129
117.876
1394.51
393.25
309.221
-215.796
-186.888
50.8897
-680.889
725.482
-247.955
-323.118
598.938
164.086
-636.042
462.79
-167.538
-449.097
653.319
-477.16
630.777
-38.0872
-466.301
860.729
-561.1
-250.267
-500.58
-531.207
401.547
392.251
233.509
463.261
130.739
-284.948
170.62
937.21
-142.292
-554.564
-360.041
15.7894
81.9614
-597.263
-49.4663
-92.5401
1784.67
327.393
-280.27
-436.282
231.632
-28.3635
-1079.72
-631.458
-679.127
287.221
-451.269
-79.6455
-437.14
67.5509
2.85046
88.3263
-447.079
-248.043
781.554
198.876
220.171
-1288.1
584.684
647.407
287.757
-87.1257
-52.4077
-133.172
356.028
-202.926
1280.77
845.724
444.536
-650.649
-363.332
66.8442
91.2227
195.658
5.16531
38.39
860.15
-320.447
200.914
1153.09
-799.95
274.577
592.495
584.709
0.562797
405.759
-293.249
551.477
1029.62
191.301
928.884
-306.215
833.766
-317.619
-627.332
315.507
1222.95
-700.704
590.112
235.666
572.598
1549.05
558.814
777.67
451.785
260.063
-625.241
173.905
506.692
133.529
1280.1
225.971
516.055
495.084
-446.359
-731.902
465.944
-235.078
-174.775
1.22887
695.946
-668.344
-849.821
112.241
446.007
1383.41
729.137
-183.933
1688.06
638.727
515.341
1356.95
-133.144
-234.704
536.74
-405.918
471.083
-192.584
318.748
1074.73
420.38
418.073
389.777
1192.23
156.494
-534.395
-63.6625
256.767
301.911
-22.7474
-496.295
-88.0583
-130.027
430.699
-1038.54
-590.907
21.2226
-60.6845
390.332
328.013
-462.837
945.176
611.439
60.5711
-174.892
206.568
752.717
494.727
1358.46
995.083
-180.65
-332.952
220.627
-663.297
790.581
305.588
283.477
-107.104
912.662
88.6262
148.579
-46.6739
-315.029
-881.032
131.442
73.2101
1049.95
-103.078
300.439
544.672
297.393
136.146
569.022
27.9628
-154.607
486.003
-688.619
942.808
526.12
434.716
-1018.57
311.374
-47.5016
-622.428
80.8122
1491.43
245.651
-369.279
1316.51
879.38
849.817
207.984
173.77
1159.85
-19.0945
-115.49
180.588
424.928
-314.5
-966.031
-350.141
-180.015
42.7544
530.742
184.509
-1143.28
-201.152
1234.72
-190.673
603.344
1162.8
432.501
-740.644
-891.97
-873.101
-199.119
-318.295
468.454
-522.826
-291.893
-170.848
-173.417
262.655
-685.761
285.703
-788.038
735.671
528.686
572.296
-403.679
-383.074
399.307
-232.114
-75.165
-162.66
275.247
557.404
324.607
-321.126
-160.803
-30.859
474.601
-27.2992
-1083.76
1018.78
-396.539
-110.285
18.2366
-719.574
144.63
651.347
-480.648
-316.153
984.288
-446
-294.359
432.469
-781.415
-321.624
1099.9
-222.572
-280.982
-694.155
553.366
426.438
-387.7
347.77
82.9904
556.111
-228.042
545.026
-951.807
-434.28
-251.296
-1041.12
-1109.53
504.791
104.849
-981.713
1002.26
538.3
-330.043
314.764
-229.255
-472.85
414.456
-49.6238
-401.123
257.653
-465.435
-562.062
908.449
482.381
1072
194.44
648.498
-718.429
263.882
-161.214
454.821
598.05
-304.452
1104.61
-1543.12
-246.596
-631.39
160.353
-87.6914
563.947
-416.212
-21.0466
0.928999
-795.84
-789.719
-51.5312
287.011
717.13
1744.48
1322.94
-125.229
516.405
1392.78
-656.183
79.8756
-233.32
57.7634
1003.96
552.332
347.593
-62.3529
563.551
-41.7231
68.5912
-366.86
-642.852
1999.08
316.853
-109.111
508.817
120.557
-740.453
-414.335
246.398
690.707
264.486
367.373
719.825
-520.978
17.8061
64.6398
279.23
298.053
140.32
57.7924
-3.05599
282.647
92.2193
-514.759
-487.788
507.377
1336.11
-410.68
-87.4173
-596.441
-367.073
-334.765
335.422
-668.967
635.763
1134.64
-968.799
415.187
740.797
-392.767
219.135
-105.923
143.037
-323.846
351.063
668.725
556.576
-162.99
659.044
460.726
-514.913
-350.216
481.488
-505.975
-400.871
126.921
-291.953
261.929
-96.8734
-204.767
1322.8
31.764
1130.72
385.567
311.894
-684.913
84.0306
1290.21
306.051
738.721
-94.6894
43.8264
267.805
1233.93
-1217.39
-46.8353
821.495
1522.22
350.024
612.455
1401.25
360.51
-1088.76
827.038
111.391
1074.85
-89.3035
521.314
-351.852
-572.417
745.559
919.637
1010.87
198.103
1060.8
-628.344
75.6659
298.54
166.292
379.922
-459.918
-782.789
236.304
-246.051
-718.62
-360.228
764.307
728.3
-59.0893
-619.896
-750.654
-403.624
440.299
-166.592
-583.671
-691.841
336.866
86.5115
-114.107
778.077
1074.22
-140.622
-678.574
594.05
-280.161
1343.52
487.109
393.365
-384.761
569.598
-432.739
675.502
337.159
138.084
-399.282
177.307
364.095
-77.3371
44.8166
-752.727
742.387
-138.621
384.694
933.04
-562.141
-603.469
-249.656
-701.41
-796.15
-232.534
237.001
539.512
932.502
463.254
340.701
-255.174
719.766
-268.217
-128.514
-200.572
993.5
-420.453
878.627
-260.521
-841.166
-637.88
726.838
-121.12
-520.729
-186.986
994.86
-69.9019
-286.056
-777.089
-765.071
935.13
1098.82
1271.5
-828.333
-1138.69
381.346
-172.16
-460.241
-235.461
22.9577
-63.3428
-205.784
96.1766
257.298
202.269
9.69614
155.999
148.425
67.8982
-435.737
1151.43
399.793
-457.5
-517.677
-62.9511
1060.79
11.5322
1225.92
777.411
-251.263
824.991
-281.969
-508.201
12.827
11.0354
-257.669
607.157
-308.049
141.564
30.2112
-81.0914
-867.28
-724.386
-202.536
-264.515
557.728
423.523
-236.426
498.281
-822.074
-379.67
1205.52
1170.62
-501.388
143.385
111.471
-325.455
-21.5988
-622.505
-238.253
-794.939
525.245
465.072
-604.048
-632.864
-79.3582
-268.571
439.163
195.527
-267.327
283.823
689.808
-838.265
-181.622
-253.116
-451.883
-218.861
-161.248
71.5248
654.827
-617.542
618.17
-518.506
-476.481
-235.783
-65.19
81.0897
-641.645
828.415
109.329
389.134
1051.18
111.833
-449.46
-512.814
-1191.44
504.036
530.663
422.752
962.154
-636.475
287.682
-393.73
-625.498
229.564
391.668
336.128
278.831
599.196
951.277
-130.187
33.2091
452.119
390.267
-774.528
-519.935
-51.2
191.527
654.769
106.237
-1206.53
-158.828
490.299
826.091
-1058.96
20.5035
-1005.34
384.056
-187.258
1059.03
-299.018
-45.0537
699.563
-842.835
49.6228
1087.37
1428.28
263.995
397.444
-1281.12
-19.3777
503.659
287.961
-135.444
498.65
1185.92
-1028.93
806.607
-71.1574
129.016
364.569
1110.85
-528.374
245.337
-452.02
219.546
119.839
41.95
-336.505
-957.291
-769.093
-778.731
107.179
-829.275
485.011
468.013
-141.193
-537.363
-428.257
-122.389
297.322
-33.7141
-899.04
-59.3256
403.029
-149.434
-415.929
473.058
-368.857
646.819
963.237
-602.256
306.789
278.796
426.493
742.32
-197.474
-610.505
-842.525
564.405
142.678
-142.429
-505.173
-426.613
-508.977
985.41
-522.07
-725.45
-138.829
749.343
-549.716
471.048
898.496
-1190.77
163.384
237.571
-1184.23
-259.93
505.054
-138.086
-141.001
200.103
663.61
523.587
-495.641
1848.29
-549.764
227.384
523.903
243.556
-74.3028
388.146
218.476
-77.2528
-325.434
496.633
-354.595
813.042
131.337
-477.453
1329.56
246.728
357.262
317.695
-14.8272
858.101
389.98
376.162
683.623
-196.055
1320.93
562.9
1033.74
-122.291
-348.402
390.088
-307.209
329.099
-536.191
-978.679
-90.9221
438.866
848.05
-109.447
-352.515
560.218
-680.544
606.04
-256.017
169.872
-252.52
-65.3715
717.98
410.125
-762.798
-140.966
604.274
39.7009
-86.636
204.524
1103.76
10.6162
88.5396
857.173
247.806
-55.9555
-845.116
68.8642
-1.6525
966.243
-430.047
479.338
464.169
179.781
-468.277
426.794
386.708
-281.455
1139.31
618.007
-237.424
-160.456
209.416
-15.9877
-624.388
147.954
536.566
-334.072
882.249
941.076
-6.53689
-1422.22
-369.663
528.49
-114.533
492.192
402.246
-642.071
-614.441
-63.2969
-28.4514
-173.84
652.295
357.554
-710.883
-21.9388
-745.04
492.801
-316.158
58.6123
1137.58
-176.128
-405.154
-118.672
-573.221
817.571
-36.4156
-775.218
67.8296
-454.164
284.322
298.231
537.591
865.206
-278.306
-209.741
881.819
326.737
437.405
502.693
391.242
491.442
-179.483
-474.766
392.308
-254.638
159.177
-185.008
87.0039
-191.318
-196.551
772.949
-627.959
236.21
274.816
269.118
1231.11
1565.34
-139.639
-367.02
-344.54
40.5378
113.009
-480.482
-192.305
-553.327
80.7711
-423.711
-232.556
631.695
984.832
676.587
-343.104
94.9793
732.189
-705.506
1004.46
471.322
-503.442
746.748
106.514
584.287
659.808
705.533
-150.708
354.806
140.976
-150.357
-416.931
-1212.27
-828.694
288.566
889.653
399.798
-462.468
211.812
-265.412
270.849
272.332
186.905
-729.774
-871.097
1212.92
-130.417
-451.365
213.034
-207.024
195.459
575.262
1016.79
-381.425
474.493
390.659
479.759
1603.13
532.224
244.617
-994.186
279.796
-315.458
321.617
491.434
914.424
-225.974
366.537
-678.33
806.945
-910.034
1346.9
-236.278
435.786
407.544
-131.861
-216.438
1795.7
581.925
-890.542
358.812
-288.71
852.561
-994.4
662.674
36.2444
-200.544
1597.87
1231.34
562.873
-148.812
-770.28
-388.356
534.236
68.0906
-669.865
389.166
270.507
-15.7633
-229.402
738.885
-218.91
435.309
185.403
-773.394
938.154
-947
764.341
-237.46
856.459
-842.498
1112.78
322.102
968.371
793.993
-704.668
837.014
873.644
-198.403
624.505
-1023.23
-43.7747
403.65
-541.748
-110.288
483.986
-141.232
771.58
292.529
-840.775
-16.675
-901.178
115.413
-55.4114
-251.596
673.882
-928.96
136.09
67.7562
-758.926
93.0157
1538.46
-382.512
-101.436
50.8628
-759.188
280.8
-16.2194
-308.119
-837.148
-71.3849
553.067
1183.27
787.569
-14.8154
-524.81
-395.103
-872.043
1179.86
607.92
-365.106
-512.723
-321.954
1003.35
179.694
430.599
-498.738
171.019
-527.115
-945.376
146.697
184.472
-1160.01
201.544
-70.7356
-664.473
454.064
-879.949
946.362
-36.653
543.942
-692.304
-942.454
-492.442
-707.888
-861.153
57.2224
544.907
1280.79
-887.693
724.449
1354.04
33.5313
577.777
757.441
-235.375
-488.493
-267.658
508.417
57.4986
884
-316.196
545.381
724.411
150.672
654.485
-464.746
749.482
90.2697
552.118
151.389
-404.388
-828.837
404.157
-319.613
628.384
515.248
-373.87
-360.486
372.64
-862.107
-205.219
-135.619
323.555
-942.748
-667.525
669.505
-40.515
78.1689
391.495
-326.877
667.359
242.873
216.137
50.6382
394.701
-111.984
1448.56
282.099
708.705
975.205
-573.064
-183.885
-197.282
494.619
710.998
-514.482
-1120.98
511.36
-112.678
-32.8039
395.091
753.144
318.859
778.772
-113.711
-1.69639
-82.4148
-8.47893
1180.64
-326.206
-306.627
357.335
310.779
-310.897
-41.8551
-490.209
581.353
605.226
1071.88
-425.178
-163.865
333.691
1378.18
-9.91391
-533.626
-114.663
-342.991
-15.2434
-473.514
18.372
-55.6151
529.022
1125.83
-1015.5
-16.1612
755.435
578.299
1189.95
-201.075
1051.8
578.842
-924.299
320.032
589.131
501.18
-506.568
-304.47
1105.71
-516.563
-1016.85
-170.72
78.2426
265.091
173.186
103.469
-111.554
214.179
-33.0114
1238.27
-1260.23
-815.665
454.851
491.27
568.76
803.619
962.453
-315.143
16.173
-118.705
1060.32
504.383
-661.944
704.171
555.903
55.1838
1151.1
-157.14
-417.345
152.241
-2.97362
-181.207
197.755
-1152.56
-925.337
45.0921
272.893
-355.911
67.8264
1206.34
-148.304
301.334
510.098
237.861
-283.304
927.152
-108.039
347.789
-185.557
1328.98
839.509
1033.51
232.996
1011.38
-104.666
349.679
265.121
243.99
1176.31
1022.24
-303.848
-398.964
566.317
1069.75
-51.1787
184.36
-1032.69
-607.616
126.164
-426.477
1019.19
161.781
531.697
524.682
673.796
-374.374
599.537
21.2167
380.573
1111.46
437.888
-939.145
409.458
731.78
-282.996
852.159
749.453
-105.332
810.919
-668.554
-94.4788
-465.669
-310.633
136.104
-500.858
-276.769
277.771
-6.05076
69.6586
15.3817
999.639
-262.704
-927.584
-158.441
-222.251
-52.1605
112.402
234.814
-243.206
-314.09
229.397
-56.7475
-168.525
-292.913
306.623
5.2216
-104.928
1027.77
741.338
95.7059
10.4062
-692.586
-968.759
320.108
327.023
351.507
-778.536
-561.706
-616.846
492.382
-607.09
750.858
-106.215
-155.599
89.4074
281.425
1239.2
523.82
930.727
351.96
-265.322
1339.87
867.279
150.448
492.397
139.326
-652.413
-924.367
193.955
177.035
1374.77
1003.21
438.135
302.466
35.0317
-729.394
1018.4
149.819
-539.902
411.157
461.221
314.469
-429.174
857.406
-316.117
263.551
175.363
228.191
155.641
-368.32
-667.122
-392.455
143.408
410.334
123.365
-890.422
678.806
32.6302
425.543
279.764
87.4802
235.695
301.384
303.491
890.746
-102.253
-237.961
-1148.58
-319.435
-1233.23
663.345
1612.51
-626.352
348.89
421
872.665
-78.086
-860.353
-445.373
-297.763
69.2406
371.787
295.495
-109.827
438.143
67.0183
-1136.05
1204.88
-26.2249
357.948
51.7976
518.072
240.886
12.1404
-693.207
374.539
-154.388
-1463.37
-724.786
364.579
189.415
-496.162
-513.599
363.693
-722.921
161.378
-1019.03
-71.8113
17.5507
-113.221
-913.178
-1193.78
-288.751
262.34
493.554
-68.4842
502.517
49.5093
158.891
-24.9352
731.113
382.541
320.273
-825.638
280.695
436.581
-37.4938
312.779
-848.214
-419.585
-312.893
-874.864
-4.81052
-672.365
447.137
-379.837
-81.1841
142.545
779.256
741.001
59.8871
-418.328
119.789
1053.98
279.972
440.008
-283.886
94.2381
-231.81
446.966
-538.049
896.1
110.488
-790.025
-413.641
620.792
262.763
301.53
-362.341
-122.579
-224.503
532.505
543.968
112.742
-725.783
831.32
744.041
-550.063
4.84521
1582.37
477.677
-451.998
-751.185
326.471
754.754
14.5519
-4.89062
94.5408
-281.169
857.127
402.612
219.771
344.438
558.571
95.0328
112.222
666.41
-595.073
183.299
590.047
-1110.12
-729.396
-859.369
658.478
1016.86
465.413
302.869
517.124
-32.2949
-276.448
-373.791
804.911
-1020.81
-343.218
-920.063
128.849
-908.659
-224.475
-430.165
224.887
-285.467
-876.8
325.265
442.77
205.468
-98.3228
93.1659
262.36
-218.105
493.168
1205.12
292.918
1073.43
64.6923
-342.858
-422.741
1191.08
-159.128
746.243
-600.382
-117.036
675.437
103.897
-99.9662
-286.666
1392.06
594.097
235.516
554.656
206.832
-742.494
518.848
583.985
-156.473
12.0793
-1299.45
-213.477
749.306
-588.449
704.512
-824.318
258.97
74.9921
592.995
350.338
275.305
-463.634
1240.89
-382.561
991.876
81.863
-668.461
-459.397
1393.41
-1178.98
-68.3689
-374.131
449.691
140.087
-124.546
117.218
307.165
1335.5
-384.242
-49.4973
-139.287
133.283
757.378
-168.324
-130.005
143.17
58.0318
938.145
1170.47
-32.6413
1290.73
-447.971
-313.523
428.807
754.423
-45.3382
476.745
-138.999
560.988
-219.964
980.514
1277.01
-444.991
122.815
538.667
241.124
177.391
-654.737
81.2504
-199.777
-277.842
-1115.42
-714.62
57.5492
-1129.88
988.048
311.154
748.987
-658.696
271.852
734.361
298.083
349.82
-792.488
28.3606
79.316
1223.79
-474.13
-622.503
-497.708
-409.807
982.98
1135.55
-475.375
111.743
2.39514
-539.026
-414.914
375.902
239.921
877.925
-332.006
197.129
-173.106
12.3176
223.332
-7.44376
63.3786
-248.829
420.085
145.192
740.172
-157.545
530.005
-568.555
76.2393
234.656
-178.836
382.344
696.886
257.286
84.6814
599.26
1282.47
542.26
353.865
680.689
852.974
722.953
-932.212
119.491
232.504
-405.324
1347.36
-227.329
-1077.38
-253.917
-549.972
162.15
-277.959
558.017
-970.095
190.272
-831.169
-660.058
-1028.02
-436.968
621.658
-377.711
-511.259
147.886
-474.298
-101.91
1490.09
724.586
-913.202
1123.95
475.668
364.716
73.9062
656.641
-39.0033
-505.173
383.203
578.232
-74.5313
-1269.11
-105.485
-315.632
469.255
-175.846
-536.303
18.2
103.618
437.453
330.79
501.621
-436.546
288.937
819.276
5.08099
-934.123
883.522
-126.898
-238.627
349.216
-331.375
108.483
69.5576
-21.7488
-861.04
369.035
359.733
-400.487
-154.939
17.7416
803.676
432.908
72.7665
626.598
-60.3594
785.311
-731.796
388.37
10.8393
-21.4383
32.7012
-354.115
-273.319
-156.444
238.76
661.359
-439.212
216.906
-85.6339
-121.265
-354.308
-41.0534
520.602
-208.254
64.9807
600.151
100.165
-1295.01
774.74
-32.116
1014.38
854.319
435.111
1002.22
1117.09
540.513
-1054.61
9.11508
-485.51
942.553
271.158
98.0566
-643.544
-178.995
1179.03
340.442
836.996
-287.273
518.909
511.803
-52.9566
-369.887
179.526
40.1907
201.677
568.365
629.561
503.858
49.0406
-45.0586
-215.199
-1260.3
-981.965
-69.6901
-275.795
676.022
-1257.01
699.508
259.397
-586.394
124.354
414.233
-560.699
878.234
503.979
83.9656
697.774
212.696
-1033.62
287.735
-393.698
715.659
785.102
13.633
26.3715
721.379
-637.826
27.9625
692.931
615.657
-220.463
-1247.85
-203.476
211.55
-238.852
389.701
696.504
-3.17192
-722.046
838.117
-453.272
-619.14
454.779
1426.01
-491.8
-27.7526
478.166
539.249
2.82885
48.2673
486.187
-322.843
65.0059
220.589
24.0825
176.083
206.415
544.517
-453.463
305.014
623.68
175.39
745.215
57.9817
125.128
-171.362
-67.3782
323.263
495.868
160.802
323.546
312.905
66.5968
397.966
-591.572
698.515
9.0237
1313.94
251.109
44.5291
-809.709
-506.617
581.812
547.316
669.344
241.938
1266.41
421.392
998.189
195.291
149.155
1170.38
-1182.72
689.039
654.439
321.756
-1244.64
-499.156
-74.9465
-59.8346
-608.82
-513.628
-575.498
-7.69966
675.668
-462.371
189.745
-423.618
181.865
361.733
732.243
155.729
-131.235
410.076
-672.771
639.055
675.709
13.9783
-428.483
-173.057
-411.037
-245.882
185.792
413.502
191.468
247.13
69.5103
-290.598
-1193.56
1576.2
-286.444
1558.98
-705.648
1039.48
-875.197
-445.792
558.234
-876.749
494.591
180.475
-504.624
565.587
271.73
49.5016
-90.2048
61.5286
-14.1803
-809.941
969.739
536.391
-894.225
-27.941
1298.51
85.0038
-448.653
701.419
243.244
-122.919
68.9817
478.891
671.651
79.0801
-438.274
246.663
362.102
-185.742
714.427
385.461
598.057
-593.176
1255.5
-976.793
-354.781
1266.84
89.0672
-276.065
-981.313
175.268
-136.342
508.575
-378.263
262.015
-159.084
-419.654
834.203
575.469
445.573
75.8985
61.596
705.74
60.4065
1171.44
-578.694
-26.061
233.486
520.379
317.787
-485.483
-326.891
579.707
496.008
181.072
-154.816
217.621
182.305
-262.121
1261.93
957.013
-785.763
-580.836
280.188
415.351
104.918
937.128
1196.25
633.831
179.204
218.33
348.412
-583.761
-819.701
509.339
-1134.27
-154.384
587.43
-524.718
387.838
117.535
-565.882
887.706
233.799
570.995
667.436
429.671
-624.955
363.479
908.158
470.058
145.378
770.845
150.814
991.358
374.706
-127.914
-265.221
-276.313
-103.223
62.3106
-679.681
392.146
-185.431
756.094
572.381
-367.616
756.028
31.7804
-657.265
62.3527
604.459
940.969
-821.302
255.737
946.808
1379.74
536.754
87.6706
1750.06
-10.1148
-913.367
738.828
-1172.98
73.4533
489.192
205.154
-981.283
-647.301
-60.3344
-752.897
479.191
842.549
-238.305
515.42
-605.619
404.204
807.341
474.965
490.912
1145.18
-130.967
-782.213
-311.964
623.513
235.047
-321.278
314.113
177.963
-152.399
931.58
305.309
-42.1152
-375.217
665.714
154.612
-1000.77
428.906
475.81
614.007
517.509
408.605
-312.189
264.302
784.837
-125.889
294.235
-684.295
-91.0159
1374.94
447.043
881.163
-786.489
711.694
541.877
-71.0829
-255.965
753.27
70.7999
-521.061
531.477
-530.35
230.081
265.553
458.714
-189.499
162.68
-195.789
505.714
462.163
312.747
-51.5661
-694.525
435.292
450.922
326.968
446.861
8.61269
104.595
-1035.22
624.118
172.552
105.73
-245.246
40.0941
359.544
-42.9923
-736.249
490.149
-953.924
225.051
527.905
98.4752
133.535
-503.154
-109.652
880.041
482.657
-755.321
35.2742
-533.552
-908.897
-298.728
-164.006
-574.588
252.908
116.822
509.8
-180.694
783.679
1441.66
-68.3358
-152.266
-266.775
548.791
56.9693
-337.628
676.612
430.249
-47.0788
-588.584
-485.641
888.916
42.7507
-148.524
-568.951
-1051.44
226.415
-120.118
-208.894
370.336
740.227
82.6648
106.142
778.162
732.56
-16.2921
731.795
-284.878
1194.39
399.12
-595.021
1365.09
-65.7461
-142.853
288.563
520.586
237.344
-285.212
282.737
132.863
-135.296
990.095
-94.8768
804.853
373.788
191.878
-13.8752
307.889
-808.456
1153.8
-77.1005
70.2716
-213.492
-137.144
121.311
904.105
-19.3692
86.6745
-178.137
-866.188
272.435
-488.113
216.993
105.4
-302.371
112.46
-1182.77
-224.413
507.65
561.012
894.397
-990.498
778.989
659.375
508.816
250.17
-813.048
194.46
594.933
741.303
518.29
-329.811
-364.262
-205.157
-105.644
171.088
264.127
115.208
848.479
-62.477
-37.3718
609.513
-330.413
355.392
-1121.58
775.844
-1285.82
835.675
-459.932
689.01
-175.787
395.832
887.639
412.325
873.373
27.2807
31.9733
-557.054
-504.564
696.652
310.159
488.748
-906.386
-509.439
1129.15
-636.686
-70.5429
306.049
669.832
68.8713
-31.6397
-950.891
-796.317
868.367
101.757
1044.23
549.455
-235.759
531.098
283.86
224.169
461.235
1531.41
-760.931
481.086
735.579
-404.572
808.161
-292.612
-217.7
821.112
691.51
396.57
-317.607
-391.458
441.634
-734.854
47.604
84.166
34.9019
284.107
-134.561
990.669
48.2565
-303.089
-284.347
-487.791
-622.206
-1040.15
-521.248
319.704
-457.922
-398.842
-158.998
432.32
751.423
-96.9031
-359.307
955.476
418.783
-782.33
512.347
-1244.33
-472.826
636.396
152.177
530.195
505.313
285.388
724.024
-805.793
-249.267
436.204
-408.234
487.744
307.104
-78.874
162.363
479.544
556.664
-283.367
-850.663
433.357
15.8091
628.224
361.44
932.09
-729.547
-28.2081
-155.813
-461.747
-92.0274
680.12
129.498
481.546
543.038
93.0709
-399.279
1102.94
375.348
-208.945
-72.0006
126.101
-448.609
394.873
107.743
-162.229
262.566
-121.594
601.558
317.034
-249.165
671.652
179.265
684.08
1379.86
-709.989
782.091
546.093
-246.952
82.5161
-500.492
1534.21
-273.168
1369.99
1064
-472.12
304.626
22.34
458.198
-710.939
-1393.86
-330.791
254.931
470.454
-552.681
289.977
80.7745
-168.883
-2.32256
74.4636
208.7
-572.6
-115.02
-251.875
-115.249
349.576
-353.165
708.624
-119.819
683.178
-697.002
-121.292
-410.014
1117.31
-140.293
231.67
-572.592
125.739
-609.826
-414.59
141.524
926.283
-687.557
612.065
-301.987
-149.796
-108.866
-233.36
161.009
-164.611
-666.16
-350.655
-798.123
-483.386
-315.979
-975.301
-1188.47
1376.33
-1118.18
1139.79
851.796
555.655
-972.15
-107.765
-808.674
651.595
319.649
-292.923
677.929
20.8623
-241.382
350.398
324.853
-303.633
1374.86
-388.479
165.461
707.497
-8.42955
-978.687
887.586
-284.189
1054.03
362.395
895.77
80.1485
-529.799
-824.544
-879.051
86.7222
800.623
-464.115
-921.699
166.104
170.65
500.079
88.6797
-80.1975
-499.066
-625.62
-135.956
124.608
-246.776
-240.389
295.408
431.619
391.706
194.293
312.1
183.658
427.241
-32.6284
-941.215
40.9559
568.336
-39.2627
-504.471
1781.99
925.02
452.684
-829.512
608.535
-554.134
346.446
-359.503
375.318
-616.767
1255.83
577.073
-529.952
28.787
709.243
614.269
-562.184
-1258.51
-247.31
-1094.01
-14.6703
-564.927
-538.172
267.555
33.8529
372.096
51.7663
-466.465
1154.81
-633.745
458.541
-691.18
1244.6
676.901
1043.16
-361.717
-337.235
-913.315
-61.4539
316.336
-595.71
644.339
-350.93
648.076
-573.953
395.559
-398.905
280.942
127.35
-549.683
62.2379
892.383
-257.061
769.038
59.0023
-274.706
1375.9
-339.55
-367.168
873.956
-61.1817
189.297
509.579
396.169
123.943
-1129.43
837.687
342.544
147.867
-1225.7
409.06
218.108
-623.544
310.808
157.207
192.051
-194.478
-124.047
18.1141
-353.334
-1038.68
-107.08
868.324
-152.798
734.987
-770.122
-770.484
69.7566
-539.821
664.118
-582.154
-83.8489
185.664
234.794
-221.072
102.739
1039.96
456.143
-637.563
367.562
-51.5262
990.066
-408.188
1000.15
360.659
62.4986
-826.632
822.894
555.966
351.071
294.666
775.811
-761.843
370.441
188.304
-675.341
-325.7
537.975
-237.348
611.322
131.191
-241.806
-181.045
1494.11
115.961
588.105
533.204
138.644
-583.55
619.245
1058.16
-7.08262
-1134.35
294.266
718.97
398.586
412.607
868.282
342.495
-482.731
629.505
-415.806
273.24
956.788
109.809
454.579
-1444.29
149.523
-307.043
322.708
-135.456
-213.801
36.744
470.672
243.359
-245.789
-29.3765
-134.898
6.64958
1498.07
-261.561
-61.6439
-1082.09
-170.452
313.803
496.537
237.664
-186.404
948.828
-361.16
-581.386
565.873
-15.3939
-892.261
592.459
-77.983
1113.58
-379.847
-200.162
-895.167
-310.856
-6.62523
-795.025
-79.948
-100.912
-1122.13
1225.99
469.439
-611.349
57.1083
-629.023
-337.563
61.1915
-93.4251
-285.52
-289.13
36.5643
668.602
333.557
-752.717
-490.385
770.241
872.761
462.426
412.446
15.2772
-109.197
-675.043
-60.7207
77.0643
-242.127
-177.408
-252.086
13.6433
22.2028
634.395
1347.04
52.4069
364.153
-576.367
-253.137
-527.554
850.096
657.215
46.639
264.418
-1166.29
-559.974
788.444
404.19
798.255
528.006
86.5548
148.517
196.156
1068.03
-211.556
683.673
565.856
-350.37
-653.341
437.743
972.28
1034.25
-325.216
-710.836
-574.189
-28.3462
15.3567
-268.375
-164.777
428.998
-83.5847
1038.93
-169.595
-11.9017
244.657
-252.153
-572.362
405.499
1157.89
-819.901
-17.8077
-712.039
-895.611
693.033
-217.554
344.785
799.808
822.229
1038.39
-277.821
410.795
494.439
703.864
147.591
474.087
-560.793
-504.5
1205.41
93.8182
891.918
949.052
41.5027
-246.729
758.414
1014.77
-1080.22
-672.066
83.2923
633.829
719.886
-326.332
289.95
1517.48
-799.272
-99.389
-369.378
104.043
342.906
641.509
391.715
136.006
-85.9466
175.363
-909.348
-499.146
649.268
-317.374
1333.97
-2.44394
953.727
577.34
84.1756
446.796
173.448
-227.324
321.729
-258.82
100.226
-234.393
211.408
304.928
-431.26
-708.417
830.397
-8.3125
-243.006
114.354
-80.5075
-322.463
-1073.86
652.656
411.486
884.894
224.797
437.108
-404.155
985.496
-856.633
581.274
1688.86
-474.852
277.934
-602.003
283.018
-513.19
272.654
1183.04
565.988
599.42
-223.407
369.073
419.096
135.889
1316.26
1098.77
-13.4726
853.299
-4.64912
356.812
41.0839
-521.501
86.1704
201.677
-484.36
1286.47
-716.374
672.226
271.006
710.528
730.196
-746.29
212.493
949.589
626.542
1051.64
1810.14
-581.514
679.579
-548.37
150.361
-647.117
517.376
-241.188
1005.89
659.385
-33.3951
832.329
340.018
-322.664
520.335
440.651
-211.952
-67.4808
-151.834
648.977
-1099.05
-575.002
-684.543
984.659
469.662
665.603
-1026.06
394.172
544.338
151.561
124.932
-253.001
948.705
464.296
305.253
-21.9868
-29.9137
-26.8971
-837.694
-464.333
-697.582
62.0339
700.521
-230.744
85.1043
-973.344
66.5419
620.392
-899.793
78.2339
245.574
947.491
-557.128
498.045
781.789
635.217
1533.45
69.3882
30.9213
-764.593
1107.92
55.5158
453.701
-766.308
503.529
401.016
-1253.14
-604.668
-69.1023
-234.29
169.625
-748.414
547.443
-395.664
766.711
-287.912
478.345
-243.178
144.56
277.09
219.109
-246.312
211.209
327.027
1412.44
668.439
81.9382
54.4357
286.313
-550.104
-707.973
-986.127
-231.24
-797.138
214.912
-316.93
-140.367
441.515
107.756
712.17
-231.309
24.3814
207.637
-752.08
-112.815
-1063.96
284.294
1141.82
-797.7
-715.876
1109.07
-600.745
1061.93
17.5438
707.377
-132.257
550.46
-659.408
377.498
882.248
97.9431
-53.5414
1094.49
-9.76742
404.618
42.5368
343.479
184.729
66.8741
898.359
1699.85
669.554
853.896
-66.0315
-61.9368
102.48
315.38
972.446
-1046.11
570.786
444.456
244.661
96.7728
746.1
2025.44
-374.345
-92.448
34.0188
-432.874
338.365
-340.648
1141.38
97.7978
333.691
-406.33
-449.478
566.368
303.02
5.62524
577.55
1454.5
307.809
1395.53
-821.114
700.554
-491.61
58.354
182.926
765.344
-476.057
-198.19
231.984
440.652
459.257
-641.874
899.751
377.877
-605.676
-1061.83
-212.993
13.7366
-114.54
976.688
334.254
-225.684
-109.841
10.0329
-610.919
-394.303
554.58
498.642
-292.44
-1087.6
953.33
634.936
242.143
483.652
-496.744
-508.655
1142.94
1188.21
-322.877
683.966
801.473
-575.206
-314.003
829.864
75.8771
1225.25
619.252
494.501
710.275
181.354
1185.79
-1135.34
-582.872
40.466
-148.77
-384.884
-434.118
1005.27
1.43981
1048.43
522.507
701.685
-0.996317
-754.572
-137.225
-31.3315
585.128
-16.1138
475.134
136.794
-927.983
-188.99
-511.629
-228.987
320.759
-605.621
394.456
126.738
185.63
655.019
-28.2107
257.397
47.4052
1074.32
-349.318
331.631
-337.839
-424.063
264.527
37.9405
383.495
42.1423
608.67
-99.9649
-3.02563
903.351
574.814
-255.896
319.446
-375.105
414.787
91.455
-658.312
-688.944
268.122
197.536
-1215.2
565.883
723.423
1086.95
210.577
328.68
102.227
175.869
959.746
355.243
-763.284
661.382
-764.169
408.766
479.558
2.15687
115.026
1445.11
313.084
-206.253
-673.435
-308.782
-1062.98
453.575
1663.08
964.547
716.515
-52.6249
1425.1
-114.665
782.623
-579.507
779.688
506.597
-84.9292
0.311586
151.61
-81.786
-745.302
454.199
-905.567
-657.813
752.147
258.381
171.919
98.7726
-859.875
651.494
-119.427
91.8978
731.812
-365.236
644.369
-232.698
-774.024
-1023.02
-212.423
-54.8086
-492.586
-813.487
-155.046
-330.104
150.265
191.201
231.322
4.13989
-1012.04
-416.272
-230.084
274.481
557.159
596.452
871.799
-739.393
562.132
766.18
-378.523
213.907
1404.49
1330.61
-285.745
-523.391
163.866
366.31
560.548
-582.663
508.752
-390.294
776.199
-238.882
677.442
575.367
-148.457
-178.327
354.091
102.468
380.243
-197.273
-484.542
-4.8485
528.647
873.525
-145.846
299.743
-642.894
812.384
134.793
-8.9846
170.19
294.074
-27.9332
-12.526
-50.7216
267.932
670.609
191.734
33.8257
826.824
-1301.96
526.975
-795.457
688.402
650.14
-1058.7
-226.142
-446.894
539.574
-643.395
684.948
-1056.75
219.32
-1005.4
221.352
-874.397
-625.855
-125.241
713.585
138.157
315.148
-808.845
233.848
-114.638
280.643
-483.781
-569.778
-538.15
-334.952
410.115
113.033
884.819
644.248
669.709
-8.15248
-2.86161
651.978
-160.874
-920.061
13.4787
-242.136
-777.661
-30.6717
1072.84
-834.01
528.285
-799.593
472.583
-1480.53
-594.976
-605.059
575.12
-534.501
59.3995
439.444
-1528.8
44.1193
-258.551
-332.697
1121.66
-437.833
-655.01
-745.579
68.1313
376.075
19.7116
312.348
357.679
-637.965
515.772
580.018
-582.673
1107.85
205.135
484.894
-545.725
543.321
320.348
1351.4
485.468
-185.969
-274.297
16.7826
-579.253
836.577
260.154
-427.862
-419.027
-159.034
123.815
-398.102
1522.88
667.231
-372.029
471.244
772.498
1425.05
32.7779
-628.404
663.22
915.694
-8.56479
174.688
273.71
-98.1453
62.9569
213.684
-77.9536
774.707
581.032
747.779
167.123
-125.816
-6.23574
-410.674
-25.0549
1021.5
-312.06
-200.327
1063.94
369.874
527.705
138.274
-408.19
36.0252
27.2139
345.421
-437.656
474.478
317.079
202.271
-709.662
-541
639.028
-600.537
-65.4515
779.467
-337.843
1011.07
930.001
-923.403
273.635
862.986
290.37
276.235
872.936
-526.868
157.184
-234.253
242.073
772.497
-177.272
-421.726
-313.228
740.472
-266.416
453.577
-529.343
196.828
9.02948
-405.404
224.567
-314.301
363.018
677.555
872.105
241.669
566.353
-20.4381
699.024
-157.655
53.9102
-744.584
680.579
-250.342
998.659
-839.886
791.795
372.442
243.691
697.873
-72.6413
1332.54
-465.959
889.017
414.711
428.672
201.301
203.541
403.748
82.3277
577.122
335.707
749.286
60.867
515.178
-245.454
-79.636
440.091
30.8872
-129.331
-117.69
-94.7512
-274.631
-95.9581
-488.121
-365.891
292.88
1870.49
398.77
-420.525
-160.54
91.6565
1167.29
-183.25
-980.521
306.695
-374.418
115.664
-49.2246
-630.344
494.978
-213.343
250.471
-114.887
884.549
890.549
-699.456
348.659
588.181
488.258
494.803
527.573
246.568
-101.078
744.622
-554.194
558.601
-1043
-4.6248
-22.1864
-112.646
749.866
-108.003
-673.212
-9.93707
-1021.86
744.647
-395.54
1172.43
145.002
438.281
-303.08
975.743
371.419
-143.737
463.173
-947.044
332.149
-361.442
-103.875
473.615
249.415
-116.733
-512.285
486.647
-19.4404
-62.0459
1049.11
475.112
-436.774
-718.308
-745.773
-344.022
882.254
868.776
-173.452
-685.601
-575.734
873.091
-938.567
-650.649
-29.0982
494.343
-324.491
148.821
981.376
414.47
371.013
321.896
1332.79
56.2498
894.889
-735.64
791.59
349.07
398.174
1400.33
-106.897
384.807
224.266
-136.821
-1034.97
-122.844
744.29
-152.55
193.028
1087.94
-5.26479
-15.7128
-796.682
1035.93
411.806
-8.80759
-154.382
-298.628
-117.216
964.65
1142.47
425.85
337.362
407.453
795.772
252.232
32.829
156.091
67.2648
-638.615
-502.966
-460.06
729.74
880.039
-826.169
-58.0352
-291.07
110.09
930.999
-655.55
217.003
-489.977
-315.412
-288.933
413.412
36.4354
784.663
361.548
-380.672
-424.942
772.443
-233.374
-1184.17
-499.78
-141.057
295.341
-122.027
486.274
191.111
-354.439
584.296
976.392
781.882
755.739
347.168
480.622
18.3218
-906.468
78.1206
-479.382
-305.004
-251.411
-1210.67
-436.739
742.188
242.199
-210.83
624.633
5.49826
-286.067
257.518
-163.705
186.742
602.806
-625.601
513.078
-33.6423
314.473
-82.6356
339.961
-522.395
386.659
100.412
-213.862
-965.456
-148.923
-807.05
386.893
1301.48
465.833
-748.786
275.312
-238.849
-858.257
-381.427
-994.405
-347.753
-75.8571
-326.718
-880.862
40.337
135.179
-363.975
-1061.99
-878.982
670.217
-696.449
106.636
-536.28
-1182.65
532.599
-452.336
125.965
630.296
-553.206
401.297
-130.826
-275.747
979.908
11.2407
-614.6
123.855
-129.617
-334.009
-933.972
-25.4218
-445.274
404.349
-479.278
325.204
-1221.66
354.435
337.827
347.446
-139.633
129.005
-93.5821
-98.8126
-909.525
1057.79
-101.48
194.165
-483.624
-500.624
219.956
-377.823
773.735
7.45393
28.2483
1032.83
-560.253
-250.715
-32.5225
938.869
-58.7348
-904.361
661.181
1122.16
135.541
-288.352
-537.475
-402.428
-178.992
348.002
-483.055
425.455
1042.58
1674.85
-24.4037
3.63041
114.774
160.771
622.513
-503.532
19.7261
831.977
332.01
-165.031
-448.747
21.5375
492.539
-247.42
-945.575
598.754
727.814
762.481
-374.413
-72.6714
-1263.13
225.689
-48.2805
-404.56
-352.635
-686.33
-509.572
547.617
231.227
709.844
-668.488
19.8997
61.3005
-790.787
720.349
-771.553
281.785
-370.367
168.577
-140.803
308.252
259.594
48.6206
-41.7321
-170.998
-368.687
140.876
-199.853
-1002.23
611.757
-378.37
353.463
-421.109
601.479
-189.348
348.329
-715.912
-267.664
167.013
-676.906
187.048
248.017
-60.1817
-1309.44
1219.44
-460.757
191.456
492.349
196.016
-1362.57
-623.264
-276.438
426.483
-177.33
21.8067
1281.46
-91.8377
130.546
-310.932
132.251
489.512
321.388
-38.432
-729.635
-153.785
-227.087
-1253.7
821.079
-203.71
-141.433
291.124
46.7659
327.179
-1203.18
-212.846
652.467
497.744
150.41
251.86
-138.533
577.073
-363.433
162.726
-394.054
580.937
367.436
-1040.26
-779.631
85.9121
825.044
-159.245
613.552
-318.637
-280.218
769.39
-48.5144
-396.483
141.233
-321.861
-1059.07
-92.4277
-1131.2
-555.772
-539.71
919.841
-87.7696
1062
265.49
-126.113
667.739
-98.6666
1122.98
626.712
52.948
-871.287
-363.907
697.44
601.337
-1040.76
178.424
90.7017
-996.228
966.347
55.2316
192.802
203.699
-608.133
235.061
628.165
101.392
660.84
-4.57108
-43.9725
-171.057
430.714
484.817
287.442
-289.536
-662.317
-608.476
-44.5856
402.909
-94.7219
231.727
-928.903
294.108
607.351
170.394
520.885
-162.717
200.024
-525.265
-419.191
9.60311
1386.8
-186.737
273.755
-92.6319
119.729
474.7
324.578
183.039
1052.68
1445.61
24.7573
352.206
592.31
-693.23
-249.843
390.191
-782.411
-760.637
-195.966
37.1684
136.457
-1286.86
-1092.69
156.808
-266.947
-1073.26
50.3793
479.958
898.394
174.198
642.016
205.672
-261.33
-479.533
454.134
-686.114
-174.232
744.652
-508.184
-1012.91
211.185
-330.766
1058.1
-427.283
736.164
1020.93
35.1838
19.6402
1279.9
-56.7136
388.357
711.868
301.263
-980.674
-78.0076
109.284
553.316
-452.167
-1397.68
-1007.32
83.1891
439.077
-131.576
884.623
481.153
-624.475
-840.337
971.667
-33.8524
852.588
77.5278
152.647
810.352
1167.1
-54.3736
-469.682
557.591
-542.777
-363.917
-576.045
1022.4
-538.757
449.339
1216.59
-304.979
120.916
517.618
-551.264
526.647
680.591
-465.713
330.879
685.135
353.901
-805.877
1315.27
314.23
-406.888
-1007.95
247.467
-191.726
195.121
-44.0694
-354.85
314.772
-431.951
-432.905
190.513
-242.56
763.404
270.166
-861.924
594.11
1372.7
695.701
827.67
-378.045
455.789
-471.67
173.839
915.522
167.963
-864.053
-32.0295
-570.491
139.903
523.835
-800.541
-118.382
-533.902
-266.863
-379.087
-443.956
-696.115
-239.275
18.7669
189.071
-357.751
-500.101
620.06
-556.752
-361.478
-449.227
-294.488
721.061
29.2129
-384.247
-76.1069
1172.27
742.506
-1001.34
-367.191
707.294
-203.124
-66.1302
155.429
161.727
-195.672
279.479
-920.987
-287.134
-771.415
690.047
127.498
-424.252
-29.6842
-821.393
676.147
99.1605
-669.79
1168.09
-135.843
119.712
126.205
49.2616
510.667
13.7808
312.297
341.782
-611.759
680.573
-1257.23
1219.16
132.359
-202.451
458.818
576.536
276.594
508.681
-112.125
240.563
274.282
-407.277
-299.511
-955.199
-420.474
491.132
373.463
-216.504
638.585
-1284.08
-729.943
-432.38
628.584
-1192.1
-351
843.039
548.607
-547.443
-170.864
-452.997
-255.591
1084.75
514.755
1298.79
4.43285
-1303.54
-535.138
-463.429
-508.105
558.405
685.005
287.115
1323.86
946.343
880.58
1281.19
344.74
175.223
-5.21406
-1303.97
-83.2082
5.54687
-366.648
100.753
-73.162
-622.014
433.622
-251.844
337.974
-345.709
796.728
-570.751
-383.718
939.421
1166.23
-224.141
639.926
-179.591
345.172
-378.064
165.865
536.15
-483.202
-952.897
1033.7
208.369
919.329
-898.828
-455.262
1847.22
334.866
-213.8
-246.982
-188.226
582.019
818.163
-454.945
545.689
316.048
-1159.53
-498.922
1038.75
-559.168
-1115.45
376.224
-1038.74
74.874
-885.31
217.599
-130.943
449.287
312.526
408.106
97.7922
-819.914
-70.0212
654.256
750.191
173.816
-574.73
881.368
-172.479
511.419
109.616
87.2701
-128.56
335.943
-435.141
767.129
109.356
764.524
966.404
52.6758
295.195
-653.565
918.54
-186.495
80.0499
609.465
361.931
20.3198
588.039
1012.38
1050.15
-697.601
-39.5583
419.168
78.3184
1296.33
1387.98
403.083
906.78
-62.7328
51.4596
329.281
658.585
-585.568
460.661
703.843
16.7921
964.328
845.96
1319.65
1068.14
-0.73826
-28.1497
150.504
-95.0232
-113.549
295.618
-1078.3
1250.06
21.4081
120.942
2101.54
599.876
199.475
420.093
-439.935
-155.89
63.62
-488.078
-626.147
-484.181
1179.42
281.356
-739.748
640.656
581.275
-452.332
231.384
-301.976
-242.718
-72.4759
241.654
165.548
183.86
-76.8454
305.695
518.864
-647.065
84.0597
278.707
-247.239
-580.816
50.811
374.022
-341.867
536.193
213.819
500.164
-590.021
-947.069
841.72
149.321
843.286
-544.384
-657.6
761.578
726.919
-762.831
-111.298
-124.965
411.475
-737.697
465.904
-49.2725
-1125
-147.501
11.5833
986.457
-452.046
-397.454
1092.49
-201.643
628.237
353.056
9.21024
134.895
-413.984
273.242
2101.72
-6.3038
-543.598
50.8604
-160.499
-404.813
-620.723
52.8801
-19.7942
818.021
-401.348
-466.584
-187.934
459.14
94.4124
-534.058
-355.686
846.536
-541.782
-156.61
-266.597
1105.58
-300.526
62.0972
675.216
16.0267
-810.015
-1402.31
403.451
-72.5891
449.793
1331.77
337.991
604.319
880.724
626.718
971.521
1010.38
457.385
1089.98
-63.7098
29.8579
235.417
460.473
532.027
543.935
5.16756
-430.234
374.847
1083.01
-19.3546
-200.599
-864.479
434.953
-247.132
114.162
76.2031
-467.398
-283.79
990.77
657.732
-360.064
-219.939
-322.47
384.004
265.754
-354.901
399.771
211.436
660.716
230.788
-231.94
-163.863
411.179
11.5445
-1014.8
-221.673
-138.3
-810.447
-799.038
-460.164
-853.319
549.428
-440.36
207.069
-386.605
197.514
318.402
315.756
-553.64
110.24
107.047
1181.25
-1285.43
388.16
193.265
-309.264
276.748
830.28
605.073
888.587
590.928
908.893
533.696
-465.776
35.8185
-454.346
-367.74
-776.217
496.481
1131.38
-111.667
-483.964
83.7098
-597.252
-430.023
222.735
664.627
-174.665
16.0703
-271.41
-183.701
-208.75
511.699
1649.88
403.128
1144.96
1219.5
58.9919
94.3504
-143.857
446.234
237.185
187.941
74.6656
-390.322
983.624
266.869
-576.11
-272.781
-419.248
495.596
576.435
222.41
957.508
-164.442
208.726
38.1341
132.266
-70.2441
-6.73998
-230.816
-305.889
276.919
-246.71
-461.577
-981.987
742.41
16.9783
449.817
1287.58
459.044
-559.385
-510.445
-16.9961
-470.487
-22.7946
247.693
-264.722
735.055
-644.405
66.4034
-749.44
-293.082
-190.973
-259.528
669.26
1468.22
-627.02
227.023
-588.975
-1102.28
-115.693
28.1478
468.614
197.544
904.627
-1261.22
-376.547
731.44
-580.431
-365.394
-340.711
-215.553
-735.301
704.26
864.799
558.629
-196.507
390.517
-3.68604
-779.336
-222.949
193.018
-314.331
536.058
-156.65
1650.78
-693.611
67.9458
270.615
411
1021.17
-164.198
-22.3871
150.564
-352.383
736.28
-27.4155
-586.711
1273.49
513.558
-368.247
-25.0537
699.742
488.104
578.667
-151.795
238.603
-289.276
151.671
610.327
628.329
-160.328
-145.772
-1174.89
342.095
491.547
921.364
249.895
362.597
339.47
932.433
-359.517
-596.917
-71.9127
643.073
572.049
130.818
260.347
-1204.94
757.996
842.758
471.717
-91.5232
1342.73
1248.79
99.1534
-197.443
-318.733
-502.412
-379.066
-511.667
-13.5305
-169.335
600.594
180.7
407.552
534.213
1363.55
-1004.36
-991.328
56.2014
-603.431
20.0562
973.11
-480.54
561.601
-779.201
-414.151
-147.741
-118.048
908.187
193.203
279.964
-31.6197
-784.015
-237.39
-37.0246
691.727
-216.365
-950.079
623.715
189.712
331.002
-526.874
373.377
32.6586
809.625
329.557
-576.827
1325.5
-277.876
-858.86
-989.852
417.977
-465.249
1164.37
-737.591
439.629
-191.966
-6.66337
93.3976
-450.186
332.98
-259.044
380.247
263.646
-364.78
494.8
448.485
-649.911
679.068
33.8075
-198.682
1225.84
785.41
-541.886
451.572
-74.4926
796.164
306.916
133.854
391.376
-271.323
-298.426
-721.151
307.26
801.592
485.023
427.345
270.401
-80.4738
-210.503
559.619
134.507
1486.63
596.321
670.427
1158.04
-561.283
54.8751
1312.5
271.227
-133.711
-109.34
82.716
999.211
942.63
175.356
-261.144
407.491
-695.281
504.893
167.591
-340.743
1202.64
1182.58
-28.8176
42.4212
209.253
235.307
-450.337
-444.665
511.203
323.259
636.05
372.627
704.085
237.358
121.017
-523.259
299.411
-103.891
239.051
-485.778
785.995
-8.57551
-495.076
-75.0238
-176.27
-589.506
-351.572
-196.711
287.952
-1063.58
1097.8
513.377
422.688
610.598
871.763
-79.4235
-331.208
-433.629
-524.691
116.598
304.472
-117.468
229.361
-56.7273
-689.1
-9.57406
542.9
168.098
151.018
-91.1149
-76.6113
-353.519
-69.6369
-512.276
-19.0807
-135.356
-518.78
133.393
-221.221
511.352
602.327
-15.3526
-98.6037
-117.26
156.259
-370.162
-954.69
696.363
492.515
-152.962
-166.381
-544.894
-32.4047
311.478
-506.575
991.134
-690.06
541.535
-931.524
875.193
534.729
165.169
473.159
1169.03
-248.565
-1045.71
401.093
524.487
-483.76
145.104
374.282
-84.541
769.64
-780.097
-274.492
-63.3075
251.969
111.022
529.515
15.4385
-1097.78
-452.702
-584.533
-54.9572
-1090.17
380.93
1482.03
-183.025
482.614
-3.32713
-525.156
92.6697
278.087
386.689
555.775
-906.437
843.359
-35.7851
-237.699
1173.07
-161.027
-430.076
650.783
910.764
-236.896
-1077.99
-222.225
779.148
-813.833
873.13
-914.719
-535.608
-357.508
-977.626
-471.709
-894.67
134.094
960.196
-998.401
417.985
154.565
293.289
431.089
-418.606
749.665
-420.266
1203.9
-632.881
-476.903
933.127
295.014
469.252
-754.165
-69.6136
375.898
592.445
325.948
-58.6467
-1105.95
-83.871
-858.214
-1204.85
575.562
-175.866
624.89
-547.954
273.841
745.751
1058.2
1298.83
587.962
491.041
943.543
339.273
992.879
140.364
648.261
-295.622
64.1141
-880.641
246.265
12.6657
-504.619
-398.072
-2.7266
250.956
-44.967
86.5525
456.726
-261.101
854.741
984.202
1080.39
76.3351
1163.95
318.115
298.956
-269.28
315.826
-704.384
719.756
813.978
1084.69
-1306.26
-285.197
-256.152
-358.417
-978.139
-32.6865
-854.351
-101.487
1232.34
456.124
411.009
732.021
-557.363
484.646
161.579
-30.654
750.289
-117.147
25.6426
801.725
-917.444
-263.888
-337.718
738.593
873.184
394.811
-295.159
221.334
53.0259
553.917
457.513
-306.531
380.48
-735.13
-63.313
-228.128
-13.6696
656.645
-1205.29
-441.529
637.69
376.018
-237.47
1232.74
-823.275
-22.771
42.1154
863.286
376.284
-16.6713
-214.123
53.4351
170.814
-116.765
760.902
-527.211
-80.3013
464.549
-124.787
-167.293
1.97533
-467.191
196.713
770.46
743.862
-66.752
-22.2685
732.841
-146.953
-1072.84
-93.2328
908.83
876.496
265.786
-72.3909
783.738
1446.65
241.267
-239.758
-382.226
531.378
-396.06
25.2794
-968.861
-1438.79
629.685
458.183
471.512
501.981
-811.616
235.188
278.293
191.228
676.991
-108.006
147.072
473.411
-208.486
98.5393
379.416
-384.191
-178.896
1237.75
797.526
884.015
-183.608
1547.17
-221.361
-9.52818
-72.9155
88.4647
425.053
438.541
-6.13994
316.16
-502.982
-559.419
792.599
-486.078
30.6723
18.6293
1483.45
182.854
137.685
-614.667
60.2884
-352.522
33.4219
519.445
-1379.09
-684.695
-260.178
-61.0585
622.867
196.031
158.945
634.095
-35.4321
-232.07
-15.3652
-140.611
-397.057
970.009
33.3229
569.531
38.4408
-40.0575
1348.36
-89.5578
528.267
-223.755
0.417773
-89.3433
381.002
-350.578
-896.76
-152.53
-719.597
1417.75
-652.437
-290.802
271.774
-280.977
-173.359
392.329
225.876
1372.26
19.4908
199.729
1515.79
190.621
-602.439
-520.412
-620.168
569.42
-358.266
-803.386
315.961
-177.951
145.55
-25.476
-1187.52
16.9522
3.84008
-423
1697.37
403.452
-384.539
473.624
14.5679
872.089
168.711
-543.917
-57.7792
324.893
533.283
-1019.9
-748.036
213.614
106.043
233.528
-540.18
194.893
-693.708
31.3317
-313.305
1323.58
-69.8167
342.315
-392.462
91.7019
131.034
-1229.27
-702.623
285.59
-284.47
-84.8108
-3.68057
147.225
-443.647
201.225
-102.416
977.983
-164.623
-259.306
431.031
499.716
-254.876
315.417
386.509
337.049
-668.263
-274.622
-260.694
253.457
-281.117
429.327
662.592
1702.89
-424.094
155.378
304.554
-157.605
-497.61
692.836
-912.977
-117.158
-397.43
-210.08
-242.282
508.406
-589.794
804.089
-151.976
-1122.78
214.369
-564.133
-316.133
385.606
-319.763
-221.516
434.502
-1087.74
-752.5
-188.074
-104.224
-511.751
-295.965
-203.814
191.476
-632.435
208.732
-566.361
-386.595
-902.673
-48.1239
-383.304
-429.215
291.087
702.872
31.4279
-813.323
294.271
-1195.8
-452.505
399.575
-182.598
-337.12
404.478
273.377
783.633
-622.224
1116.64
-160.836
994.694
-34.5402
395.595
409.077
-946.785
-158.449
75.5101
-87.8887
1043.89
704.284
852.687
-592.884
-209.208
84.3258
-231.504
-58.3271
-567.786
-48.6937
-186.38
2.83213
29.6196
-4.53465
-864.208
125.748
897.391
-543.041
-539.011
1228.91
-478.86
-274.219
1280.76
700.486
-465.405
8.35936
-45.7335
-228.496
-530.024
576.465
35.3104
229.106
839.462
-578.535
1022.44
-357.414
237.1
19.4772
-0.878039
273.884
539.596
-161.6
-18.9307
-426.92
492.196
-545.959
761.564
-397.161
-552.029
-608.859
-821.187
211.496
645.458
445.644
-184.228
-240.551
430.093
1057.37
1040.47
-294.892
826.427
444.513
495.866
-179.11
102.223
381.115
633.142
582.011
-391.435
-367.416
280.864
-528.429
-96.0825
-65.7675
-321.371
862.27
693.41
214.132
1010.28
273.416
646.772
-283.867
82.1446
572.879
-230.977
-429.669
560.332
800.514
-34.2948
111.484
961.794
-673.84
101.974
-732.218
-961.299
-849.202
13.021
327.053
-12.1102
9.16452
345.943
1235.37
1408.96
404.099
-1121.29
870.066
-488.044
-502.008
587.081
-132.156
805.51
1112.72
833.282
10.155
1093.33
-771.22
126.013
665.366
381.612
-160.008
-699.15
201.064
-162.746
-590.729
59.5688
50.6334
-579.289
-167.558
-748.359
1009.69
378.628
592.549
697.4
218.65
128.516
-321.598
623.436
1279.7
-118.532
-594.05
631.419
822.302
-247.249
-296.578
604.097
303.213
421.223
475.302
-637.264
495.495
422.132
401.553
46.4453
40.467
273.802
-380.732
-232.397
-1200.28
622.959
484.109
285.562
689.983
663.354
-530.886
-357.093
43.8155
-311.372
701.997
-993.05
617.636
-852.834
435.547
-631.84
175.704
394.682
-33.6729
326.62
-1467.34
175.654
468.033
-152.298
790.187
-795.225
-258.56
645.125
159.075
-963.149
693.586
-917.622
145.662
-621.798
-193.748
709.477
-573.353
-1092.37
-1140.58
51.3228
499.682
550.012
1252.05
214.816
-947.237
527.063
-588.692
-351.329
-278.474
291.694
17.7841
413.183
-96.9113
870.275
157.295
924.949
-4.53231
587.727
-301.91
601.407
-587.121
1300.48
-8.92034
426.251
-83.978
-15.9049
299.91
-617.164
788.077
11.232
164.955
649.757
-720.067
-68.4284
534.985
-293.702
681.721
-264.111
-842.257
587.548
1306.02
-120.473
454.417
-97.3745
173.58
359.15
292.019
-763.887
-523.55
-747.145
207.05
363.889
1224.24
168.47
-939.727
202.963
-99.1759
-1224.69
-777.052
195.146
8.43289
169.258
89.9424
-373.244
377.471
208.038
491.619
704.115
125.603
404.58
1269.97
337.717
-150.016
47.1654
542.362
-391.085
494.445
-227.173
482.38
411.973
873.549
74.1478
-521.793
67.8922
540.471
327.707
-1104.96
718.947
-285.643
-164.655
-243.805
553.391
7.68297
350.855
-358.256
-168.56
-323.234
1164.77
336.168
-681.346
-1017.08
-266.874
-24.067
203.45
-921.468
436.282
-1032.59
93.4842
-562.902
-200.977
-524.758
-261.691
-528.063
35.6645
372.568
422.369
-226.804
194.801
-342.244
-807.763
726.071
-465.965
797.518
248.236
-987.864
-1482.14
-502.924
-924.473
-236.592
-363.39
20.1449
373.241
633.523
707.706
-206.545
-344.61
-917.127
169.749
1668.03
414.925
728.962
-28.7529
-702.452
52.8994
-293.524
99.7579
636.048
484.625
-407.223
-359.406
-905.255
1561.29
363.33
501.898
-459.413
497.706
-391.874
-628.781
1029.71
126.893
-906.531
-207.943
889.327
386.495
-31.1209
-235.117
1166.15
356.407
1765.51
147.439
-54.5117
569.143
-337.442
-259.193
-497.248
72.1305
-784.426
1319.08
-66.2734
711.087
-696.785
-405.8
279.971
14.0663
-184.469
1150.88
-416.089
169.964
241.28
-348.983
-39.7712
-104.393
1014.96
-856.109
159.412
-702.748
399.915
697.264
538.801
371.882
1284.41
512.627
903.725
332.823
482.806
-728.467
24.6205
166.347
577.625
508.257
134.834
957.559
743.567
-955.342
228.101
-421.276
586.427
456.834
518.726
-1245.28
-305.943
-10.51
195.465
132.231
-787.548
-198.796
-137.154
313.766
1186.87
724.087
-590.257
-93.6107
-655.825
1283.48
-1179.17
-67.1726
-288.847
-1028.4
-24.9443
821.123
-347.905
-254.321
-266.895
760.532
626.878
352.411
-503.181
289.663
-258.692
612.302
-379.153
655.932
-335.013
354.215
696.334
-1283.29
-470.634
-212.249
267.588
1092.5
700.158
540.492
-90.2807
-40.4306
-619.712
895.732
500.382
-1185.32
-755.866
309.751
805.153
597.832
-719.583
528.822
340.394
-1108.31
426.177
-239.821
1152.8
-206.354
-21.8521
796.619
623.136
-253.027
258.65
596.711
-209.747
663.277
-438.787
14.7263
382.239
731.933
74.869
1285.08
-649.479
-303.083
322.983
-299.782
221.842
-745.411
-737.458
141.561
-752.649
104.403
690.942
335.851
-212.635
152.941
-169.151
651.826
-6.75492
280.73
381.931
-127.835
-150.421
780.365
-156.572
40.464
-1378.01
-291.426
-120.396
-415.396
268.188
678.082
-591.864
-334.374
-95.7147
-543.269
-798.496
541.998
61.4248
-9.98537
174.148
-1098.81
1271.75
858.885
-301.741
28.9976
607.424
-85.6913
354.461
531.618
1138.51
471.054
83.7177
-494.639
-583.128
-651.291
708.118
332.001
4.2359
537.259
429.808
488.177
717.702
-734.127
-434.759
854.523
-66.8533
-732.156
-175.359
439.968
164.718
1013.98
-727.583
-214.397
15.0887
742.412
1044.99
453.487
889.681
-129.061
633.688
-497.311
-503.113
431.501
-130.46
108.288
538.738
41.3823
549.902
640.657
450.94
305.535
741.464
-930.014
-227.599
282.506
208.913
-405.264
-173.651
186.033
-213.595
-514.905
-992.004
739.743
40.5206
997.459
-310.714
325.366
345.445
349.24
635.054
209.406
730.472
181.484
184.987
96.3448
-450.141
150.952
-617.142
-178.413
-290.855
-235.336
557.683
312.837
561.979
107.237
823.725
867.842
-187.469
817.395
302.109
624.014
11.3822
-149.125
273.138
436.327
46.119
-501.35
-37.5812
25.7986
530.012
-6.37123
-354.748
35.5888
-499.989
86.1044
447.402
-77.2059
241.793
-1383.56
676.249
290.831
222.09
790.545
-137.034
-448.329
-395.199
451.441
44.4309
-644.458
945.604
-616.516
1011.51
-29.8865
731.131
740.602
-629.37
-464.679
-1207.24
-4.16925
231.624
-525.905
51.6441
73.3007
89.5243
-242.985
-215.486
532.365
-591.53
875.568
-838.12
-138.241
1219.18
-295.853
-187.209
1296.83
-27.3314
-1.37758
-614.745
739.285
1183.22
95.9871
287.153
-99.436
986.915
792.276
-43.5167
-603.772
-828.009
-950.226
242.854
22.7301
56.1245
1417.42
-455.983
-615.793
393.138
-594.315
-1049.82
-268.672
298.443
-149.8
-1037.61
159.199
664.065
-955.823
1170.52
472.803
39.0137
1267.16
715.196
-406.293
660.613
-538.588
-202.115
163.176
-73.0348
1071.02
487.809
-429.429
652.67
925.307
-253.915
270.02
-1108.33
650.289
655.82
1108.01
1438.21
216.78
150.596
-491.106
-245.797
943.033
172.198
550.515
1319.06
-500.399
469.228
-1420.13
513.087
726.907
-1109.99
1804.12
-827.064
762.495
106.635
67.9189
-2.75566
309.041
-740.802
347.11
1161.09
249.046
703.735
-613.065
-3.37781
-349.995
-173.134
170.664
-194.917
273.997
282.056
285.779
-14.6367
30.6913
948.973
341.879
1479.53
334.975
473.482
-244.128
-271.452
1130.17
72.4001
1169.38
-289.985
-164.244
-147.427
62.3415
-547.912
400.054
-54.4193
-485.482
-925.517
546.201
239.971
570.316
-303.605
83.7482
207.366
-644.681
701.532
-520.648
-652.48
584.056
-298.259
128.674
704.333
581.481
-98.7359
-170.286
-289.928
-907.53
630.597
530.117
12.577
1262.04
450.292
496.318
463.801
-624.872
-229.901
147.553
965.674
100.344
201
439.208
149.9
537.368
301.632
142.565
106.97
1661.07
-647.184
-340.676
351.544
132.285
426.424
345.607
543.454
-429.366
419.629
-124.854
901.222
-232.032
-249.865
670.599
98.6303
1150.38
-659.518
20.2503
-753.486
1240.61
-1116.75
-167.534
1294.74
69.4951
-744.696
536.868
335.166
247.825
196.356
-535.156
571.547
832.087
2122.39
-437.056
945.967
202.387
241.436
749.717
961.95
-1121.7
-246.709
160.041
-469.695
467.439
-37.3306
149.282
-156.028
-585.036
66.8245
-622.178
465.403
-1059.15
358.609
100.792
-1230.18
338.191
-93.9681
453.05
1293.28
616.661
-372.635
-766.769
-292.597
114.162
-588.792
1056.25
-568.445
-780.071
753.176
-559.544
-602.367
-1067.09
-491.42
473.852
-115.102
-748.281
-841.14
42.7866
-79.879
1708.23
760.357
340.386
-320.738
198.31
234.096
470.645
597.242
-33.9018
1125.32
-60.7365
1184.36
697.157
675.623
-541.447
449.07
-878.523
64.3169
396.131
-40.2827
408.399
-323.641
-308.127
434.628
-690.832
818.801
425.509
353.266
149.42
155.575
-73.6249
345.27
24.5378
-638.384
-433.722
835.423
-645.259
663.914
-357.83
22.7117
240.508
3.55203
-179.956
1076.68
287.222
190.642
81.8532
-408.505
-526.553
338.398
-985.056
-684.595
-72.2584
-414.536
247.187
-138.167
64.9795
-8.42446
47.3828
701.979
305.017
-210.177
780.212
824.393
382.093
361.922
-171.506
153.112
-513.975
268.535
173.657
-545.354
-504.444
-980.455
-12.1629
1157.23
-12.5542
692.062
553.375
-90.2852
316.584
-825.185
-478.262
277.852
422.167
46.0976
-566.497
-78.9271
818.568
144.365
-923.18
235.601
-70.8333
123.415
-163.571
-138.918
-674.075
-109.285
964.962
185.976
-238.87
405.785
23.0763
-50.5268
769.084
191.838
-537.839
-152.357
-542.109
-719.479
245.879
-577.291
613.019
-657.153
-248.918
205.203
33.2419
1054.93
444.465
606.332
-87.0009
-241.828
857.436
61.1731
-289.762
72.2645
168.095
-560.494
494.244
-637.126
-478.362
-201.951
-1037.71
395.951
-208.219
-255.741
-101.747
-666.021
-66.81
-666.866
1199.24
-205.464
-130.34
766.317
308.96
1153.01
382.211
1129.33
553.076
175.394
1807.36
241.693
-116.865
-626.809
-1041.84
-47.821
44.8689
-489.28
612.467
-237.512
-915.28
-769.397
524.191
250.342
-930.913
550.581
860.452
-743.083
126.626
-496.311
-130.263
164.947
273.154
-342.531
-675.109
223.174
215.321
-164.075
330.948
463.332
590.88
315.252
228.546
55.1087
-457.614
811.811
-569.54
-144.675
744.606
-495.742
173.967
736.951
508.1
-145.787
565.412
-88.4657
1482.29
215.028
755.185
-518.347
-336.034
-34.1193
161.707
-294.104
-398.635
485.14
-398.77
349.244
297.16
362.695
-17.6705
9.84181
251.377
362.393
815.571
1098.07
-171.653
-1286.59
341.365
-1009.39
-29.8327
-415.059
-282.178
506.187
645.718
-477.362
359.448
682.141
122.884
964.476
-332.461
559.886
-278.345
513.668
-469.577
197.256
-801.45
-610.557
172.149
417.706
-669.378
-1107.37
65.3828
278.703
618.747
248.448
-19.1335
-338.039
785.285
385.736
-102.886
-1563.43
-818.983
342.739
1026.87
-177.872
353.783
1317.37
401.3
-828.233
-342.522
-1134.09
469.947
-854.299
526.068
-1108.61
1157.54
817.107
685.319
-73.8622
-246.112
496.582
423.393
-53.5859
-102.871
1168.44
1015.28
1092.99
373.275
1101.69
-574.25
-1622.11
28.5237
-526.595
227.369
121.05
317.923
672.042
-573.943
-271.746
134.138
383.252
92.8622
-478.276
848.825
1594.44
1220.24
-509.05
606.445
454.735
17.2408
-70.8899
838.784
519.124
1208.1
-452.218
-263.428
-395.174
600.185
-631.242
-338.323
-559.972
-320.448
487.248
-156.332
-117.845
-478.898
208.391
-157.122
841.416
-514.786
313.919
1292.33
-31.2513
-358.598
796.068
-1141.29
-233.383
275.899
-68.5826
-435.666
-686.884
-688.594
725.356
652.861
1.55735
-5.09995
-274.816
146.078
-955.98
168.513
-168.294
-7.46409
-68.7081
389.463
1488.02
-692.96
583.52
-997.864
332.388
294.968
1028.43
516.84
-1067.96
349.944
100.882
-987.765
530.859
543.181
1018.64
800.337
26.369
-148.359
-7.0391
170.794
-56.7026
854.735
-741.86
-855.987
140.01
98.671
61.1921
582.464
262.151
1121.55
-484.531
-796.657
350.566
-845.803
30.4888
-491.957
-157.564
696.013
717.121
-354.824
198.507
534.206
866.658
-267.569
-670.657
-813.567
-1313.56
179.351
-679.344
-559.652
-781.787
127.227
-315.538
89.1862
660.991
123.904
160.815
546.426
557.924
569.16
-1004.83
-655.659
938.203
180.08
-632.038
-198.126
-62.8565
-248.188
-925.676
-236.261
-106.706
-330.403
-444.562
165.888
177.615
-386.507
-31.8163
774.574
-205.972
130.957
-1204.31
286.502
-657.966
-366.137
-132.472
1301.29
805.552
-1066.22
-228.579
283.448
34.3897
-1015.82
-238.06
-65.3392
-81.9509
144.487
420.642
195.273
-228.565
-930.004
197.901
638.875
-71.1157
-197.818
219.821
1222.35
375.741
500.54
-161.927
811.579
218.269
137.788
-362.546
290.365
75.3621
913.314
-559.928
122.825
673.131
513.081
-640.189
146.664
188.941
15.0298
221.591
-189.475
243.399
3.31899
-362.368
-1.42249
-680.732
499.392
19.5542
327.292
264.344
906.36
818.014
-907.098
528.608
91.9527
34.0696
739.099
223.263
1144.55
-405.759
-233.032
-1.61287
413.516
-185.18
-852.981
29.7631
-503.303
-55.3283
988.894
-1019.27
-1259.15
-499.226
351.481
-1004.91
444.651
-226.675
-532.479
-177.46
-356.493
400.039
1093
381.389
577.221
578.976
1087.56
825.207
592.087
-297.717
-69.7093
960.22
557.778
761.068
-70.3706
-52.5405
205.329
-1131.98
637.737
830.153
-113.231
65.4693
893.747
-240.598
-409.574
-90.797
-141.444
1082.15
1081.53
880.499
1951.07
389.819
260.453
365.045
-1240.78
102.477
-816.566
-491.353
1195.26
-573.81
-242.017
476.017
419.44
-457.236
644.398
854.355
731.687
731.957
491.361
-764.07
186.857
438.241
174.495
-365.882
-540.62
-371.765
722.234
-722.129
-620.14
-195.155
-93.4106
-224.312
849.184
-379.551
-1419.88
296.124
970.012
705.544
550.484
1090.31
-331.904
-560.54
-195.511
299.773
309.169
95.002
335.3
866.972
-296.827
-1202.01
-216.783
570.937
-440.575
157.087
-330.2
279.449
1133.77
-464.449
844.409
-597.802
-806.545
-100.914
-1442.75
27.8062
30.6695
513.29
423.073
-338.293
825.778
-445.066
323.002
414.401
-386.653
-150.545
-294.871
393.709
929.14
-259.064
-159.692
577.85
-653.318
-927.593
145.125
-70.515
-1113.96
-135.875
1165.9
-1236.95
536.287
589.376
-1137.12
-457.731
-634.593
-188.752
-623.828
106.093
1205.65
237.209
1094.67
-294.119
-1.10667
-719.205
11.5202
98.4685
-262.856
232.83
-417.205
1110.56
727.289
-208.74
-137.716
314.629
833.508
-52.4657
-229.835
109.733
159.411
1066.94
322.392
301.596
-340.194
605.569
-705.862
-917.735
-207.88
1106.61
-40.269
65.7353
914.674
84.5686
-35.6593
-551.994
325.711
-464.348
-70.5772
400.008
-644.731
-404.488
160.392
-143.942
165.121
-375.348
53.789
-857.055
-625.66
550.114
1014.96
-566.423
299.287
259.967
186.98
901.936
545.282
-473.4
294.212
-792.585
400.474
-158.159
-938.676
676.156
-418.104
-975.807
-657.564
962.93
-60.3633
-566.673
-306.055
626.08
991.127
821.629
1419.67
-1116.76
-527.291
924.041
419.937
1243.83
1051.52
-447.227
469.729
-155.19
719.619
467.225
-405.026
-22.1794
709.637
-416.232
617.572
189.68
813.909
-238.553
-1013.65
147.241
-31.2318
1119.83
757.471
222.397
-547.461
259.096
-617.244
-530.433
216.835
817.143
-895.502
661.253
-265.642
254.932
-812.64
1219.82
561.089
242.397
-397.321
458.72
1042.29
-763.475
-312.474
1190.13
-429.628
470.49
-87.9852
651.195
206.58
-456.092
1115.73
765.151
259.387
-568.334
-862.15
-987.407
532.038
160.621
-418.317
-246.417
-343.948
-739.732
-89.3945
-637.701
-533.882
-882.127
47.9679
-566.914
-384.852
-358.201
-575.417
257.731
295.913
348.418
-838.623
-518.085
1576.88
567.571
462
356.433
918.116
-649.659
482.006
-836.109
-153.24
388.389
-287.742
667.274
-83.0886
-1111.19
367.084
1049.99
-613.117
619.294
-1137.48
36.4943
436.437
359.391
341.242
-149.302
960.252
-845.135
25.7879
425.798
255.58
-180.997
600.876
393.721
953.363
692.043
236.885
253.319
-235.725
683.115
-579.294
-1069.98
-36.8936
-975.018
-1017.86
-224.705
-760.225
-219.561
205.496
-130.296
630.033
319.085
-82.0061
311.005
255.38
740.021
354.661
393.161
144.694
393.493
-242.637
805.224
-763.878
31.4739
286.887
-772.767
-870.094
-596.37
669.417
-854.671
217.857
-723.234
-655.74
1211.91
427.25
714.927
310.847
-296.48
15.923
199.659
-100.582
443.061
706.77
-1294.47
625.18
-93.8507
-1203.46
512.535
-195.926
532.185
634.924
480.858
988.481
712.716
554.284
1019.51
76.8546
610.716
464.795
175.073
-229.469
230.76
755.727
-690.066
432.404
1098.46
-193.499
1049.54
871.316
-420.956
-264.944
219.353
-227.025
-303.212
-804.359
-787.959
72.4139
563.017
169.701
176.622
-223.125
1021.15
164.513
-480.925
-793.149
572.416
154.554
151.936
-1004.59
-832.581
1430.23
-278.256
405.449
-73.2929
-65.2438
510.671
-565.334
-606.436
-169.937
-260.137
-172.698
-145.756
-93.4258
355.892
1341.27
234.308
-321.078
699.919
115.258
708.421
436.439
-1071.48
636.586
573.149
-620.537
157.365
455.884
-201.777
-368.854
1330.63
110.112
-147.574
373.708
-356.849
558.472
159.389
742.245
330.884
89.41
205.081
-283.71
-124.851
981.748
310.371
383.477
-742.842
607.923
631.116
570.609
-122.642
-312.936
-1397.54
-209.149
33.5643
-426.021
134.298
481.356
1039.42
-627.596
500.048
268
180.445
-134.413
-721.009
-337.537
-206.143
712.692
101.175
197.425
728.312
345.155
-25.4558
519.073
30.9169
579.888
-854.957
91.784
768.09
-219.77
118.23
-381.201
147.536
-53.3611
461.098
1299.68
547.937
917.624
469.489
-496.852
794.135
-1051.96
-607.771
295.603
682.155
153.649
-64.7337
1420.08
-1184.02
232.914
1452.75
-550.564
-1254.62
-135.081
261.339
-83.0307
459.499
1048.3
66.2025
-891.893
-569.554
1783.61
686.901
-564.514
-207.758
37.462
778.773
320.389
-724.726
-241.962
932.999
346.338
963.049
-476.993
446.936
-164.367
56.9253
-308.741
420.063
996.043
579.562
571.701
-357.873
-491.078
-813.818
503.633
-121.788
435.833
-199.778
-432.297
-872.79
60.8135
-1264.28
401.34
179.185
-321.557
-480.976
565.139
-453.386
25.9127
-388.652
-42.503
471.247
-664.726
-181.264
-580.303
-971.178
275.727
-625.044
200.646
-68.1974
-422.887
863.984
833.346
-77.7543
350.106
956.64
-647.048
391.106
817.5
-756.665
1778.23
1026.83
517.483
354.15
917.964
650.065
-793.427
889.525
301.061
-139.799
-251.676
420.324
308.504
245.017
-59.9895
-563.246
-435.108
7.08672
617.563
146.669
-395.593
-1036.02
97.5207
-199.475
795.406
-598.463
150.56
124.187
254.961
483.59
1613.06
-157.997
-876.404
-604.416
-313.736
-1409.89
472.198
-332.49
428.322
-64.6004
373.645
1394.72
-418.002
-88.9249
-504.024
-328.579
36.8718
484.359
353.693
263.297
-110.753
205.869
-490.758
529.454
1176.2
-35.2606
8.51198
-96.4787
-254.903
-612.249
-865.44
1322.56
-505.829
43.5957
682.828
1661.37
512.532
-444.701
961.877
284.208
481.86
-637.825
457.658
260.692
-395.762
-483.283
7.30234
-249.293
1188.35
160.476
493.416
171.874
175.173
1339.83
88.8262
66.6368
858.955
411.952
1000.28
-654.045
-82.2471
-560.672
588.486
316.352
-73.3369
95.6136
307.388
71.7694
-161.184
1069.05
28.5938
-755.381
474.016
-38.621
-38.4419
267.949
-394.169
532.662
727.726
-473.557
-951.518
1026.89
1044.26
474.827
1085.52
-82.4644
1581.77
-52.5525
-375.771
573.918
-779.687
1227.33
715.347
-60.2853
-664.805
455.388
285.082
688.21
-1339.84
-540.723
797.156
102.591
0.486302
787.665
1192.7
-115.561
-341.713
718.403
-631.465
-733.066
-214.411
371.122
514.507
-442.168
397.672
-261.213
264.448
-1011.26
264.881
346.754
-19.9695
-519.309
672.616
833.082
880.244
1277.05
-235.954
389.665
-306.866
-796.471
619.067
-806.754
558.405
-6.92572
181.916
-878.012
278.411
685.213
1154.13
-257.672
-599.498
-865.521
-180.148
1081.14
-820.02
-1002.46
-112.643
90.6507
-478.103
167.943
-787.274
156.834
-169.575
-313.31
147.927
247.008
-233.547
213.37
693.077
97.8899
-689.12
933.606
-34.9534
-421.284
122.993
-1069.29
96.7941
1013.52
-375.484
536.373
-352.812
123.009
376.338
572.981
1432.2
-295.72
-276.261
-470.329
1051.83
127.415
-527.241
-566.548
-48.4697
-375.926
356.259
-240.948
-40.0381
87.778
-370.197
17.9347
250.549
-613.198
588.106
623.576
-31.0762
1045.2
-397.987
454.422
-611.542
611.424
-477.782
-478.939
-501.344
-152.424
-12.6432
381.018
-689.015
476.434
-761.994
-47.9414
762.292
951.929
-405.191
-583.186
-445.647
140.574
-977.505
41.8915
-957.307
-160.253
776.244
566.41
994.86
-1568.59
-28.074
-387.882
-200.729
403.329
-26.4523
156.451
951.007
-40.7073
393.385
-1024.79
-149.378
-508.705
374.816
909.845
489.639
-842.748
-278.535
15.541
464.478
-709.257
-13.6097
473.197
-1.07082
297.806
845.428
779.956
489.438
308.335
21.0901
231.97
-621.708
928.764
448.073
703.285
-363.613
-643.485
-735.408
642.475
359.251
-866.908
2.01115
-1100.44
1109.59
528.45
790.423
-340.718
185.489
-741.393
221.225
-463.29
464.262
163.479
821.191
561.395
63.7888
1238.24
-46.0512
155.598
1054.83
322.563
-558.097
-671.557
-1002.58
-26.4707
-534.527
-1019.82
315.467
101.234
-175.51
330.606
733.265
393.716
-510.745
1300.94
-659.243
-746.678
206.479
267.6
492.358
290.971
430.202
-259.652
-413.705
-618.602
-830.668
-531.202
998.134
-940.142
-217.701
185.826
-1074.51
752.268
132.227
126.666
293.886
114.863
-370.184
-412.439
144.725
800.168
75.4606
-667.172
220.152
1705.75
302.669
468.825
-387.297
-181.809
300.977
-487.881
65.9206
-230.369
79.5507
418.598
-602.864
-157.76
-1148.59
384.794
-363.258
530.38
1234.17
67.2212
-392.246
-334.267
1039.88
-636.823
-616.595
241.036
-622.48
-98.7522
764.696
1513.9
719.987
-805.706
-700.324
295.951
-572.214
-181.997
131.325
-25.5425
340.463
-823.885
141.878
-871.027
73.1198
231.819
311.329
-524.942
68.8795
1222.06
-769.739
-471.096
1133.5
-339.332
416.205
909.13
356.956
-93.9024
436.303
544.952
-71.3835
143.568
-688.879
-210.425
-308.783
279.249
594.239
-132.841
-819.061
865.573
-487.327
743.652
369.067
293.561
-1438.89
558.48
1032.3
-309.353
710.437
532.061
-827.448
-711.301
-238.134
516.508
221.604
-124.969
761.15
567.188
1012.25
469.737
209.329
-323.513
1502.21
1290.82
60.425
352.774
79.1002
706.098
-152.763
258.802
-46.0357
-396.796
400.567
1264.47
409.066
-713.729
324.314
1103.08
-340.408
815.118
-311.269
714.416
-647.888
30.5622
-259.123
467.293
-50.7553
-313.587
-142.539
-67.0563
204.047
-896.771
-649.216
-297.791
-329.156
-926.74
324.371
-362.429
41.7981
573.096
-549.256
784.305
-827.192
80.54
-659.483
-175.187
165.757
-498.651
208.074
684.968
-210.278
51.0755
-796.027
397.617
327.388
-40.6109
53.3546
100.432
517.551
-196.463
1082.03
-608.964
135.565
641.286
-94.7026
-424.375
388.302
-101.898
827.342
798.117
574.233
581.752
338.916
743.209
525.992
-290.764
-285.957
-460.577
38.0551
-409.999
-552.305
82.1229
32.7843
-358.929
-266.975
-79.2667
-734.661
1267.41
464.763
674.621
297.834
-441.525
974.911
-376.147
-1250.71
-334.604
305.355
18.3271
-395.362
645.017
-203.325
-671.77
1060.66
-1620.82
868.821
-592.998
-63.6557
-426.425
-387.756
-202.997
-129.604
274.812
234.721
-595.659
-157.742
-431.915
-1163.19
244.31
-43.6554
513.957
-231.851
680.214
179.222
-734.751
-62.8003
203.065
-449.819
-687.516
-628.064
-81.8829
188.357
-436.089
305.04
-291.118
330.412
-291.682
699.647
1394.62
-197.634
951.843
295.224
-206.921
407.209
847.066
-864.16
-194.196
-581.761
715.58
794.566
461.793
45.2992
1027.48
541.018
408.547
997.291
496.501
186.093
160.829
431.734
-92.0533
348.956
394.68
-1412.21
25.3164
731.751
387.443
363.946
1059.62
119.951
-211.569
88.5126
-1122.85
636.757
-41.4668
-513.832
464.268
-752.942
-1085.98
-374.661
213.985
550.503
-44.6271
-798.765
338.552
-672.013
491.071
71.8807
312.111
-475.085
-562.72
466.648
-553.194
11.9693
-794.931
717.684
1412.8
303.97
377.269
-702.424
-463.087
-411.073
1319.19
-376.424
-203.331
82.3513
302.597
-752.583
797.956
-813.562
562.512
699.35
-457.968
219.572
259.726
4.49889
-206.795
-100.881
221.521
307.836
198.608
6.19132
-112.114
173.478
-712.052
-692.763
-831.303
114.023
364.2
417.947
448.783
348.402
-520.122
327.312
-112.733
136.092
-479.357
-249.586
699.297
-319.05
530.899
619.733
106.043
48.3127
180.917
516.867
-302.637
107.904
-86.8942
-1252.16
-283.317
396.045
-120.029
115.777
672.127
1472.93
712.723
-54.6807
-576.093
-249.09
-852.698
-615.039
942.478
472.223
551.512
860.273
1117.08
861.653
1071.21
111.529
-63.7696
901.613
-31.2676
189.463
-961.454
434.426
-957.745
842.952
283.216
505.566
1111.18
-851.522
-53.2144
-40.0673
-659.634
-1035.09
-964.234
-67.1768
398.675
-198.832
-407.991
497.985
639.714
664.375
441.661
-69.9379
-866.694
428.648
55.2589
-238.345
-388.734
98.3063
-279.426
-264.083
583.934
-540.275
558.715
368.792
82.5782
-60.9963
-128.511
239.032
62.5887
1448.43
-22.466
-472.921
-305.297
-344.174
999.216
668.019
412.869
334.685
929.721
435.266
319.403
-775.046
754.655
-988.981
496.497
-273.848
1421.84
751.783
274.288
770.952
267.933
-348.312
471.673
-325.765
20.9589
489.826
82.0687
-874.431
-831.573
-7.72473
507.288
365.936
537.507
719.343
-104.066
192.195
-364.499
707.709
305.251
279.833
850.621
-806.404
402.032
581.805
-967.168
783.622
-181.138
945.152
978.098
-440.714
-95.5207
-1285.02
-238.757
-304.51
-875.615
-90.5352
-969.868
1097.4
-784.941
431.386
1249.92
-732.341
-45.3272
-145.065
345.372
1257.6
-470.353
-830.852
-362.27
-212.452
96.1783
-488.543
-1147.13
-278.591
138.734
-649.681
321.951
137.382
345.142
-174.209
-1101.71
-481.601
-154.674
-772.907
-283.721
84.8956
-313.262
319.997
648.566
-216.945
409.2
-170.851
477.864
987.611
-113.239
-116.669
195.905
736.073
981.831
106.947
-825.438
715.322
-218.591
782.267
47.3173
445.224
622.573
672.107
633.305
330.288
-138.264
-142.185
288.791
-617.748
704.794
94.2878
1119.31
-951.984
161.299
1452.5
77.2913
620.334
-169.303
-314.762
1644.77
-617.921
182.679
451.354
131.428
-324.81
-361.24
-941.454
-297.006
-188.037
249.131
-243.375
-831.464
703.206
-54.9676
242.014
415.04
39.0829
-247.323
-436.972
731.743
-904.283
-161.667
214.045
-800.941
1048.72
1200.21
358.618
-641.135
-639.566
-344.075
401.169
-1174.42
1441.63
-671.416
-437.422
158.92
-129.029
760.592
353.957
-220.642
-460.64
673.57
46.9478
1419.81
429.634
-250.117
15.6511
454.589
-130.353
-16.9216
590.447
-73.3513
-486.454
-272.23
133.729
17.8411
336.923
328.564
-249.989
-42.8068
-44.8637
-232.003
-273.149
11.2664
-779.712
55.8195
39.4672
203.311
403.275
-231.574
35.3286
676.937
1181.73
-371.738
598.749
-592.717
-371.498
-829.432
39.8953
371.658
267.568
1045.5
-424.622
37.0643
757.85
293.734
770.124
655.193
-907.702
15.9383
454.148
401.704
372.19
-36.732
-271.839
479.854
668.728
-172.266
-238.402
818.182
223.77
-218.017
-425.506
-448.051
-711.79
144.205
-43.108
110.534
1598.57
455.238
258.502
411.988
786.379
803.767
420.079
513.575
7.27212
116.257
115.227
-468.388
-443.637
1248.39
-235.68
208.834
-728.623
587.088
1272.69
404.197
-274.143
894.195
-265.416
-171.966
-771.434
-502.222
318.284
-126.801
990.299
-221.91
1163.5
607.24
-241.281
-913.444
537.368
858.604
-652.36
-671.797
840.078
-153.824
236.628
616.735
279.386
810.98
-687.555
389.349
-408.382
-478.821
1081.39
615.408
171.867
896.092
1143.65
1036.33
636.109
153.321
184.496
-1316.02
9.421
976.82
373.749
285.828
-49.17
641.574
-569.785
-167.705
351.254
-393.558
-317.277
-15.3692
322.041
520.243
1261.22
645.976
167.811
439.383
448.383
-8.84552
934.453
517.829
-1133.37
40.9334
-507.684
65.1506
-355.198
164.536
-52.7156
419.638
-551.399
1098.5
238.658
-752.716
-341.853
-210.046
-116.036
231.766
-333.483
42.4398
-216.938
223.708
232.754
-489.505
-45.0373
-716.37
96.0314
1213.81
334.478
218.041
139.217
206.276
-19.8126
-219.326
-535.27
-95.6206
-143.5
1309.22
-5.58999
215.95
-962.501
-300.089
310.026
636.198
-641.217
867.17
-1300.96
-1135.39
28.0546
188.185
-272.807
244.254
943.99
237.917
69.9676
-807.834
-655.435
1041.42
-633.256
695.176
307.153
-1056.95
-167.822
735.188
-1126.77
-330.432
22.8966
457.851
-245.061
212.809
660.764
-120.968
-791.538
346.649
349.751
288.8
591.882
-407.118
494.918
-397.462
-176.805
631.084
-967.194
1161.64
128.663
618.704
942.052
-528.307
-179.06
922.789
1124.58
-572.206
77.2857
898.972
-323.697
203.218
-256.053
-446.431
602.834
-328.771
-951.377
-569.484
-110.919
976.066
-1142.95
256.47
222.367
-595.138
-175.256
601.27
-312.007
1102.7
20.1939
676.015
629.725
583.562
-149.227
-609.422
420.939
-802.17
-612.033
-434.355
335.627
739.906
650.483
240.107
-691.108
579.438
-323.039
-707.931
185.022
512.179
62.389
-295.163
81.6818
-1234.23
529.395
-75.9438
-1135.93
1280.03
736.19
-84.329
-487.388
31.2691
-991.957
667.716
298.864
-945.109
39.3354
398.815
566.441
534.185
265.166
405.813
-44.1391
87.0126
-277.591
817.332
669.506
627.862
708.079
2.47194
-468.084
-12.4766
920.372
179.626
-63.843
19.7286
309.004
1029.75
72.9451
-191.923
83.1687
1148.35
154.538
-817.316
839.339
442.428
-597.668
-593.777
-650.09
-459.012
-1012.37
-667.568
-1064.59
868.293
221.966
-557.546
-49.462
-334.992
-101.415
-489.53
-645.349
354.063
290.347
-507.47
-40.1542
891.573
-475.79
423.932
-153.336
434.517
486.412
-500.957
460.115
1250.98
413.579
-1249.32
307.879
747.141
489.855
-450.589
317.352
-203.958
-661.165
231.285
-76.392
32.9318
-352.548
-177.591
376.398
-70.1317
514.144
-15.6534
-227.898
780.519
239.207
-732.282
-223.566
387.216
-327.671
-720.921
-142.808
317.166
245.535
250.002
-891.996
-266.029
508.256
-415.725
-751.522
-27.7838
792.131
-83.1766
595.18
273.364
154.232
434.483
929.304
337.196
1202.42
745.504
-59.3088
-1015.19
-966.89
275.812
571.504
544.35
288.557
474.599
-413.4
641.862
948.785
-223.366
1153.91
187.971
412.601
1096.11
-130.972
464.492
371.715
-466.051
218.124
-344.666
439.712
-55.3218
628.404
346.76
250.167
352.803
1210.2
-99.6118
584.264
12.8659
-681.145
272.288
-1144.81
419.09
547.547
886.701
-596.886
-92.1377
131.664
610.19
284.639
-532.686
-296.806
176.825
-613.586
-958.182
-486.285
-447.183
-1387.06
-306.814
153.621
123.399
1535.75
-1324.26
-366.592
-202.355
288.097
-583.227
165.205
378.185
-495.499
-413.374
663.455
-493.942
436.423
1413.14
-743.997
-485.936
850.542
-278.992
-348.305
213.138
194.846
537.776
689.094
-220.516
645.358
689.253
833.478
1239.23
217.762
-282.636
-353.098
525.419
-922.785
1359.05
139.08
-696.996
269.579
938.922
1460.72
208.612
-186.987
-119.9
-15.5571
794.282
-581.367
-25.3794
138.931
-16.2756
945.244
-23.5164
1542.34
42.0927
154.939
652.551
-614.695
1048.66
-163.133
-1062.19
-400.895
151.564
617.677
-4.09978
-830.505
261.578
-431.682
-458.902
496.667
-194.337
551.686
1458.32
218.371
780.393
684.332
218.797
-122.106
342.317
-233.824
156.465
436.082
735.376
-38.6766
1166.26
673.265
-683.447
416.563
-749.174
368.482
566.174
-133.899
227.98
-719.767
-182.507
14.5854
-452.592
1416.08
524.653
-445.083
1654.44
1.22908
142.299
104.656
-750.749
-1036.62
-409.605
375.631
105.706
-421.729
459.715
-718.873
552.439
-596.877
268.634
822.817
147.954
-54.2834
-42.4136
274.841
345.687
234.705
19.91
1203.29
514.079
-447.07
626.007
-648.079
-932.214
-707.051
368.853
-86.5992
132.205
-862.313
-57.8937
1182.83
-96.56
-560.051
-1113.62
700.03
-232.168
1078
348.9
-914.832
267.734
-84.3819
1082.36
303.904
1024.22
-349.59
-816.201
595.716
-847.433
-187.834
-708.093
-113.249
340.671
507.835
-716.197
774.948
629.769
730.656
-749.645
96.5802
459.699
1207.55
343.752
-86.4145
-210.944
-701.51
1224.28
-190.973
36.678
47.3029
584.864
-550.283
1432.88
919.933
-2.12297
-233.789
-280.854
284.518
874.046
65.9868
-28.7376
-407.439
-595.529
343.903
289.622
439.371
1016.63
407.108
-566.574
576.373
159.998
185.137
197.319
277.019
236.71
68.5507
-1035.83
-453.116
158.118
-420.536
-573.723
53.7796
-405.496
56.6615
-243.95
613.702
-282.887
38.4828
-476.833
450.108
91.3066
476.679
-69.0343
59.9162
-798.315
281.143
378.92
532.996
-859.654
15.4593
454.107
123.74
90.2418
-630.695
292.244
-745.967
259.954
-3.42998
34.8358
37.2927
-1014.11
84.9893
-395.549
-1063.94
-347.979
-780.441
-415.137
-640.562
-189.347
-188.819
117.55
-3.58054
92.735
-793.082
251.282
1150.76
969.059
482.224
757.891
2.38551
262.977
-288.089
-359.793
251.758
356.867
193.605
154.385
-262.849
613.72
-253.852
-300.547
183.302
236.173
51.6831
1003.73
-213.548
1039.68
-738.233
731.356
-123.836
-490.761
-412.027
97.5507
474.753
413
-476.508
971.464
-464.691
-233.497
79.3476
354.527
472.156
630.6
717.091
53.927
980.114
-82.5261
1346.04
481.275
753.823
117.717
-463.691
355.733
-19.3841
-357.473
1407.53
-115.693
997.319
304.13
-51.9781
190.269
28.8983
982.525
1077.71
-286.084
155.391
610.376
1323.18
-755.115
330.526
-534.338
649.991
-801.087
-240.463
-878.866
499.44
335.852
392.367
-672.654
-168.006
468.97
-92.9005
-163.804
616.657
-814.694
860.055
-99.2055
289.858
57.6583
1037.6
-777.008
12.7253
421.408
552.399
108.646
1153.45
-1064.5
409.155
534.869
344.287
789.721
-557.98
590.24
-831.131
520.167
170.596
-424.933
-651.324
548.123
667.43
-254.802
-158.519
497.181
563.693
1363.74
-416.712
-932.931
-168.981
-101.795
60.7583
-365.068
-258.591
-475.459
-470.037
-305.175
921.293
-94.3728
-189.551
-834.572
38.544
141.675
-116.162
-696.393
-295.333
553.988
-55.6478
-272.395
429.115
-380.404
-295.57
621.17
285.993
73.2075
303.563
212.598
-402.28
443.157
173.889
1049.64
-14.3423
-1196.37
-29.3878
-5.54576
83.8204
191.301
-195.96
658.694
-64.6446
962.371
-922.807
-462.108
-542.07
997.786
-261.659
353.41
-1289.15
-1064.9
190.578
-287.859
154.722
-554.583
866.649
-148.332
-641.921
533.872
-522.035
723.956
362.602
-10.7922
-6.7966
314.252
269.174
534.188
328.715
242.667
-497.73
386.608
-250.361
-541.222
71.9269
-588.374
-664.193
-573.581
-300.359
-29.9349
-1122.54
870.269
475.457
-389.327
11.9717
-238.124
516.139
-808.521
-310.156
-11.1709
666.23
-1135.38
734.483
609.004
-615.076
-1030.81
-753.396
561.047
-49.8525
1580.22
649.218
-548.996
-109.601
514.389
-178.031
-255.181
693.837
-298.944
-403.789
629.982
1006.23
463.34
-837.254
1017.18
898.066
8.79805
760.752
1487.39
320.337
-439.251
135.998
1245.12
550.932
702.347
782.47
406.54
-40.5768
409.786
-547.967
660.391
-125.998
-410.809
244.644
-520.62
-321.007
-840.883
-127.474
-177.643
244.108
988.333
-375.546
627.415
929.628
374.258
180.224
211.298
-381.086
334.797
-235.334
152.493
-242.657
610.643
628.717
337.913
377.537
596.045
-435.057
403.238
295.633
-251.325
-419.621
433.632
215.029
-722.58
900.186
227.01
-646.005
1257.72
1270.59
364.729
-260.04
-342.686
-314.538
407.299
-897.723
-100.553
6.77574
114.412
1197.48
2040.53
497.665
672.513
-496.003
815.522
-369.495
-526.643
-273.496
-1406.77
260.053
13.8497
27.6984
86.3226
798.763
-795.431
-478.545
-352.921
223.499
296.548
31.8594
357.712
394.779
793.16
-176.589
-891.798
1692.59
49.432
37.782
-143.434
-1072.55
-118.322
798.583
344.013
-122.214
1053.76
-1049.46
135.594
-391.925
407.134
-139.505
589.078
495.835
663.256
-1039.86
442.722
-256.02
62.4626
-335.515
-544.339
-1230.66
293.344
-988.972
346.563
97.0668
-617.38
-345.73
-918.323
-45.0278
-438.432
-190.245
53.839
857
-44.3706
40.6108
-99.2678
-401.715
-17.9452
603.828
176.481
1.374
-0.453183
331.181
938.721
422.16
-245.622
233.709
262.419
-721.648
-278.601
-744.136
1179.83
-218.264
-1045.8
-424.065
-1088.03
641.488
-917.074
181.596
-533.027
-1061.02
-212.508
-688.954
139.97
295.042
455.915
-802.854
-590.122
-618.474
1477.38
647.575
1084.15
-723.556
-568.825
582.447
233.298
23.6615
-1023.57
844.788
80.4681
123.127
-249.426
498.219
-457.906
681.803
321.455
-262.741
95.3733
-123.329
394.592
146.818
-566.918
83.0561
-413.945
1058.68
634.16
633.367
-18.1763
1225.29
838.521
-199.179
381.999
614.347
-86.5523
-1577.2
258.165
-72.5838
619.053
271.907
-123.529
-1299.5
1358.6
66.4895
-105.739
340.965
-857.965
471.78
926.527
749.007
1196.49
-183.969
-275.901
-750.232
-612.462
-210.575
1261.36
-85.5012
-550.929
1395.3
-295.992
347.511
-55.7245
589.528
-943.969
112.426
-2.96125
-484.797
-52.3357
-343.291
227.471
-913.703
213.253
-484.967
-1119.12
798.654
-213.79
411.493
-343.904
-630.669
-320.974
284.078
-617.06
1118.82
1106.36
0.150158
93.0719
456.691
-377.446
13.9975
314.59
-88.3123
-967.767
724.746
-663.698
-635.094
-1330.28
-780.579
157.073
200.709
518.717
214.151
101.399
-291.146
263.94
216.656
1205.21
78.2571
167.793
422.396
-805.85
-189.275
60.725
-144.203
299.25
-33.6701
-353.1
503.531
437.145
449.449
-845.796
-694.761
-1025.87
-16.9781
759.992
-401.26
593.877
-106.744
340.811
-60.6859
941.465
-248.837
560.067
308.498
1399.58
-59.6231
505.071
854.851
-18.1088
785.945
318.456
44.1477
490.185
392.691
623.472
-1120.06
990.198
-232.572
-182.717
368.609
60.5245
278.003
-588.204
1078.76
429.508
729.016
326.265
827.199
559.275
1369.2
-798.12
-17.0472
-99.8363
-336.96
-25.5643
-68.3485
-363.633
-289.989
67.4316
-218.133
192.06
-109.465
-111.442
-174.018
205.631
-148.419
6.99453
-325.391
106.907
838.382
8.55542
1.22661
363.025
416.964
-652.59
-259.955
-150.213
-323.869
-738.621
-45.3887
905.39
16.3681
471.361
-522.411
343.578
16.0461
-544.965
375.198
1097.04
-369.114
-1282.83
676.15
264.335
-176.02
-859.548
109.585
-1165.54
-577.998
387.007
224.767
-10.7507
320.794
203.566
-213.823
311.48
119.002
-975.666
111.035
346.385
313.129
121.46
49.6073
