1320.47
691.57
-94.817
529.389
681.489
1001.2
152.334
110.845
36.1763
390.792
913.19
-105.832
293.639
153.759
-55.0029
888.243
976.172
543.329
153.454
46.0182
435.44
820.805
-461.966
259.722
-137.4
1100.85
271.968
-286.619
-465.399
1033.92
502.245
1482.91
709.843
159.005
298.659
261.877
599.112
500.255
550.333
1166.29
508.174
1770.68
825.596
583.163
208.161
273.366
1335.3
1211.69
9.21808
886.551
-362.517
1440.37
421.712
754.388
61.9262
1838.27
-639.746
-225.625
-90.6948
394.488
1171.15
967.535
1579.72
543.692
1744.31
-216.028
-63.9769
795.842
1036.25
1509.82
1270.1
1210.03
-132.015
305.932
-23.4469
-345.161
588.374
-177.446
472.412
1140.39
31.6727
1800.02
-11.9255
2055.9
299.731
1392.96
702.075
534.518
1331.63
1571.99
1452.96
873.194
1090.4
222.285
1101.77
-103.791
410.218
758.895
1044.75
1299.73
1206.36
442.384
-39.105
-32.6391
549.373
709.745
153.851
572.631
441.921
1471.16
1205.58
139.543
-490.325
423.297
693.638
771.115
-89.3329
1881.48
856.063
382.367
450.537
646.667
40.8738
207.763
404.848
639.206
-132.456
981.14
-684.372
543.749
-144.373
1614.96
-190.9
720.101
-442.821
1648.09
575.35
-891.843
1400.19
1817.47
691.076
1265.77
456.316
806.257
855.906
-205.268
1595.37
968.461
64.7963
602.375
691.041
783.349
657.571
791.091
-75.3748
79.3247
329.97
1252.09
1354.52
605.939
1125.1
77.2862
149.504
1084.55
336.037
902.998
1393.97
1038.93
168.207
910.972
-331.751
446.462
318.974
681.297
1669.64
890.961
381.232
-30.0052
-50.2172
160.447
458.532
300.217
45.7822
1612.02
645.662
521.153
143.063
306.761
1249.73
1108.55
-79.155
1435.63
262.84
558.967
739.219
633.983
1439.07
175.856
1340.41
-430.415
-23.7526
999.599
-181.142
349.765
347.768
378.312
1279.04
-475.62
1001.13
1192.35
905.23
239.715
761.08
109.444
264.499
1337.36
289.148
1387.42
172.641
758.965
532.172
937.235
411.583
688.614
638.026
792.52
1227.5
384.939
-8.72071
291.438
116.755
1458.53
9.77645
588.589
571.206
-144.365
521.999
114.189
724.857
726.008
1189.63
-583.673
-385.691
-194.692
266.101
588.037
-129.777
1291.29
878.583
632.841
748.976
-299.281
993.43
-557.175
280.629
1798.58
252.707
893.255
447.513
509.514
664.133
335.506
1409.69
927.293
-234.884
118.016
350.968
199.019
-223.137
504.189
721.63
833.97
1216.56
-115.553
-87.4396
876.012
732.448
333.132
690.98
10.0478
898.226
-282.353
102.159
-97.5832
572.42
331.033
-224.482
489.708
-432.351
564.785
711.791
1572.77
513.368
250.486
1148.36
235.746
60.7517
1835.39
961.98
729.763
28.7996
1191.74
695.457
163.781
1424.95
209.204
546.576
145.254
889.472
346.081
1044.8
411.51
825.69
-218.387
995.76
1553.77
-10.4313
533.571
1136.86
1275.98
706.939
-220.692
-508.894
33.1277
9.75157
742.392
1257.87
331.58
1535.9
30.6271
-223.17
928.021
1735.36
243.087
1861.48
365.545
1033.45
571.474
675.867
266.129
979.013
1567.98
521.837
433.022
163.295
88.8396
936.842
1736
879.473
592.067
2071.93
1194.74
368.586
747.628
260.536
506.719
-193.677
520.226
-476.517
1199.11
1222.97
886.522
1208.11
1048.28
706.023
95.2245
372.19
124.53
312.584
216.061
1699.07
499.059
-454.438
1362.83
809.38
550.079
692.132
522.594
431.665
1163.03
599.177
1396.33
503.726
886.945
-110.865
1475.54
939.936
1076.65
1121.27
529.239
-116.45
428.95
392.993
111.944
57.1544
1918.77
416.469
1227.42
0.329794
905.682
-631.31
384.818
1448.33
1139.92
299.913
-333.355
774.829
348.101
365.911
1706.87
56.7179
82.1878
1269.72
626.434
-300.453
-242.13
1108.94
624.944
1426.54
1090.56
170.999
945.199
510.712
492.078
-423.375
1359.78
210.96
807.339
748.395
474.551
10.1208
709.799
-109.315
686.951
-139.815
1141.18
326.955
1372.77
988.955
-326.966
1885.78
599.756
786.384
315.843
964.087
1444.96
452.299
1355.15
2157.19
453.59
629.867
587.979
2138.18
841.75
723.3
919.024
487.776
569.201
417.167
243.997
-93.4781
586.064
246.906
-289.994
242.536
546.776
1701.61
79.36
129.741
979.137
332.667
1305.66
941.51
735.207
16.4124
1707.55
1327.33
532.091
-4.97343
387.213
940.916
357.358
-73.3687
991.538
1345.2
458.167
-232.284
294.128
699.388
1265.59
485.722
304.464
1542.76
0.566543
1145.51
192.157
549.589
788.929
892.891
1251.35
632.364
1000.08
-277.041
903.699
330.015
770.621
259.281
419.619
1261.22
1498.94
287.104
245.005
517.624
402.058
1568.28
-467.035
53.1492
1015.16
625.153
-20.2253
-55.0351
1457.6
1569.78
-497.056
73.6939
1754.09
265.138
1367.56
364.226
1755.24
359.856
537.828
738.009
1166.74
427.198
-129.199
-67.9258
632.19
702.109
1091.15
654.315
829.839
19.5654
1283.78
1147.33
-130.847
1334.64
686.074
-312.029
722.598
453.181
202.562
450.141
1277.72
194.605
1279.9
753.002
109.175
750.609
1207.33
285.914
735.009
1724.58
518.519
1602.27
-413.998
443.664
1794.1
165.933
624.592
100.043
1169.7
389.707
555.96
538.416
789.783
606.915
873.352
-205.053
1136.95
387.398
1185.02
664.683
419.306
1332.77
343.079
-82.5447
-122.517
313.841
35.8615
887.112
382.345
570.428
737.987
1066.81
674.332
776.139
-380.984
-583.817
596.176
863.349
-477.791
25.7754
782.137
838.145
416.596
1285.54
696.63
970.098
1488.96
757.614
1844.95
727.262
1516.03
-463.801
234.834
741.213
-618.23
1316.75
516.673
176.468
138.874
1706.41
947.206
1258.66
1351.58
116.665
2166.12
965.456
223.706
663.635
133.889
1763.67
252.219
1239.28
477.962
238.588
723.145
430.379
-953.632
1214.03
736.521
228.64
297.574
240.413
1096.11
90.8784
424.589
1205.56
1170.57
1860.06
262.76
1522.57
503.439
280.839
447.962
493.583
1214.89
-36.3533
1148.61
68.9152
1646.45
1268.7
473.025
1349.44
1538.54
1075.89
13.3819
382.086
108.475
603.01
4.82731
-24.1087
222.322
946.395
849.936
547.148
63.9911
-835.274
1025.87
608.267
1138.82
927.274
1990.85
306.009
395.522
-426.304
749.9
879.369
989.537
-168.41
1189.68
862.542
881.476
-685.224
745.21
139.89
353.8
314.427
-769.555
1468.56
501.422
311.475
580.528
285.01
1158.95
1625.02
409.106
358.863
1004.17
452.591
-99.366
332.775
785.937
414.039
662.738
761.751
487.231
258.988
590.681
1387.13
788.549
-257.779
411.907
650.355
229.468
731.68
499.547
1352.06
1448.88
1490.68
1834.78
980.603
607.415
992.284
1822.53
573.359
501.858
1644.09
-4.0108
1340.67
1717.98
1209.72
1082.5
1063.02
1138.42
-151.14
-64.3297
204.107
259.439
1034.82
-478.887
-196.202
1096.38
191.254
959.107
897.662
498.323
391.197
878.157
1072.77
770.032
169.093
1745.55
-48.213
581.205
1521.15
384.191
1299.86
734.054
439.094
1109.47
867.245
617.75
1286.83
326.673
-558.782
701.057
225.887
346.061
741.394
1415.78
985.629
-561.878
497.803
1098.82
490.609
411.589
487.253
654.053
66.1343
-232.394
1529.7
496.827
905.081
920.237
1130
91.608
579.298
97.3778
1044.57
722.356
384.865
365.851
806.962
1454.27
285.832
314.887
450.92
1299.25
400.752
1285.75
-456.466
231.939
780.437
-194.094
663.291
349.442
1499.98
107.707
1701.42
780.916
256.274
1069.03
-176.692
825.211
697.39
45.6317
391.711
873.325
273.841
145.711
499.774
823.004
-125.734
-464.843
1137.25
393.138
673.721
689.126
496.453
1118.74
97.2485
-450.695
1231.87
366.203
1091.69
648.627
678.996
1204.91
978.999
-516.358
-73.0053
1011.12
269.568
82.1263
690.955
931.576
533.303
543.952
1251.71
439.527
1136.89
-322.722
458.294
666.446
699.675
1465.21
1260.32
570.877
965.725
971.121
25.7904
-144.852
169.681
717.426
753.127
-701.935
1682.42
858.199
532.484
1129.17
1106.41
750.031
1261.37
948.151
15.3325
906.021
95.5029
485.699
122.282
107.201
988.955
218.707
1071.48
457.898
502.325
769.644
147.18
1446.95
-3.31376
551.52
359.405
60.4816
152.95
1202.64
626.845
515.304
1418.16
955.853
-360.469
1071.99
-167.548
767.629
411.58
531.857
1625.01
690.423
1052.37
1055.51
266.574
-72.9645
1044.98
370.668
-190.898
460.458
955.886
1303.82
1310.84
432.184
2082.19
-342.445
414.303
1746.42
-102.545
467.696
-298.743
898.304
59.2421
642.135
218.955
1525.48
679.365
64.2791
-218.906
1078.14
1254.61
861.352
389.876
44.4181
187.75
326.193
381.958
547.487
9.84831
-48.487
861.738
41.7122
