1160.77
15.9064
-921.425
-88.082
-670.773
356.485
283.778
534.572
-618.015
-970.145
87.696
-124.076
-127.551
-680.447
-4.40113
-91.2256
123.575
170.908
-179.934
-806.627
-164.026
-735.514
486.837
88.1783
434.4
343.895
-877.578
-1080.03
-470.027
-312.055
-664.239
-958.595
477.375
306.555
152.091
-479.357
-554.367
-404.193
14.6152
-536.772
69.9917
-122.548
1141.95
-5.05497
-573.038
-968.306
307.367
388.102
-82.4688
919.595
-401.712
1016.68
474.521
194.003
-663.25
355.991
-1100.89
-810.451
-1267.34
-1345.99
18.6997
-414.487
-111.757
243.624
665.013
1072.52
444.547
663.844
520.08
333.021
-313.093
-85.1488
-995.828
163.133
-571.59
649.819
-181.487
-376.494
1267.64
318.789
51.6386
-112.414
-606.002
1042.38
-221.593
202.91
345.33
-561.518
-853.595
640.175
623.968
761.362
-326.51
371.075
-590.026
98.6899
263.412
-120.998
-693.722
289.047
-126.403
-355.357
-693.043
605.389
150.26
372.174
-4.92433
164.341
599.347
459.479
-436.003
-0.928143
87.4142
781.665
197.345
-651.432
583.813
404.272
-628.287
1223.55
587.151
-407.299
-191.469
155.01
-65.1275
-23.6217
-130.804
22.2997
610.649
-176.35
493.565
216.823
282.332
485.002
79.6446
1317.57
171.883
-18.8862
-967.53
-1144.62
-892.772
-291.103
-172.354
-790.959
734.711
527.487
274.216
325.34
-320.873
474.754
-1082.85
17.431
-294.908
-224.031
551.862
346.951
81.5598
-229.289
1001.06
647.2
-719.84
-635.197
-415.411
0.0668993
715.843
78.6921
56.3013
64.7826
119.068
-524.783
63.0204
297.262
-488.571
-597.96
-970.537
217.501
141.676
-326.462
459.478
-516.411
-686.12
359.725
-1089.33
-353.339
-573.29
744.06
-628.512
71.8554
-461.583
-722.428
-361.392
727.053
-60.044
778.679
-400.509
-234.01
992.3
-423.844
-71.169
-778.34
-461.395
-236.72
19.8974
-64.8246
776.823
-203.355
-823.485
1171.68
-795.162
463.498
-605.505
-83.1666
-272.378
-839.026
-182.666
-519.302
-64.6518
-643.041
387.453
1052.15
502.468
423.918
-395.268
391.739
949.797
-131.701
29.4078
-775.312
-52.8236
-161.445
-1060.23
18.3291
-1009.14
-188.458
-46.5624
698.221
-136.563
127.487
363.64
-452.801
-770.293
-780.256
-898.009
-60.4301
962.346
-609.273
-506.61
-550.489
469.457
-1191.55
503.686
198.316
-496.041
243.907
386.394
495.19
855.812
-352.204
-257.206
-253.342
-764.072
-87.8184
205.671
87.4038
1137.89
144.151
-8.01763
-370.432
400.768
-23.453
-120.616
-455.688
283.346
536.45
864.057
880.341
503.585
-476.027
234.758
-191.311
-425.471
627.892
-343.334
658.996
-150.297
-151.153
890.656
268.525
-869.88
1211.69
194.585
1015.53
478.501
912.898
363.349
403.735
-217.92
-16.6794
938.918
854.969
321.986
-199.631
-543.102
-111.832
-140.766
767.781
-839.558
-20.2765
136.578
67.3222
91.5085
-72.59
-526.272
604.617
1002.45
-527.966
-943.514
544.71
653.659
552.54
150.53
-323.422
-137.163
-944.256
-669.052
76.9236
668.345
49.4108
-111.308
-575.648
493.812
710.183
394.239
774.966
-115.171
-329.224
-310.429
-116.131
-16.4905
-474.324
1124.95
1189.12
-202.591
-925.691
500.27
-507.601
1104.2
-518.089
-1017.62
-34.4312
1236.85
-819.472
453.25
12.3729
-117.825
-661.669
552.528
-5.01574
-181.015
-926.627
44.201
237.348
924.719
-109.5
348.001
1008.32
243.118
1022.13
-304.466
182.833
-1033.6
1017.96
-940.676
-283.824
-311.474
276.61
-6.82911
999.152
-929.068
-223.504
-56.5973
-294.432
305.798
9.26524
-692.034
-970.121
318.6
325.805
-560.511
-107.657
1238.42
351.635
-266.198
1339.07
149.196
491.246
-653.808
-928.17
175.119
33.8757
-728.793
-429.955
-317.448
227.361
-668.299
280.154
86.6199
232.447
303.265
-79.5719
294.557
-27.5016
237.079
373.037
-514.708
-826.562
278.533
-849.181
-6.31158
-673.13
-285.26
543.19
-454.014
753.486
93.2992
-283.828
855.951
-596.75
1015.74
-225.809
-601.55
11.166
349.567
81.0349
-458.558
448.673
-126.214
306.27
-50.7692
756.157
562.194
-445.93
537.901
-1116.61
-1130.49
985.696
-659.573
-538.015
376.603
240.879
380.953
598.221
160.935
556.666
618.256
-512.101
363.779
655.402
-507.724
577.029
-537.629
17.0291
-157.378
-732.884
-155.445
239.352
-209.195
-1295.79
433.936
-486.907
510.977
38.6564
-70.4874
-587.694
875.069
502.502
-1035.1
286.961
714.135
-637.299
-1248.81
-238.281
-723.346
-452.245
-493.321
-323.982
-454.284
159.611
398.578
7.71165
1313.13
250.159
997.056
689.67
653.211
-76.2925
-515.352
-130.404
408.667
-291.468
-287.951
-706.521
1036.37
556.928
60.0015
-14.9221
1297.09
241.706
-124.187
78.2147
358.762
384.208
-358.47
-277.486
174.682
-380.446
-421.177
59.7959
-582.074
-27.5835
232.284
314.602
-487.023
-155.693
103.175
346.956
-1137.16
-157.852
588.534
-525.528
909.361
-681.414
86.6879
-1171.77
-983.837
-609.425
233.869
-322.707
930.083
428.083
474.734
783.599
446.267
540.744
752.445
-190.581
-196.719
-696.036
7.26832
-740.055
-955.367
96.6832
115.552
-48.0727
369.026
81.3339
-286.624
235.891
278.93
-134.478
-97.388
-809.419
1152.52
-76.1984
-489.612
-303.637
893.276
658.443
246.364
-813.964
514.549
-206.662
262.628
774.723
-462.933
-179.251
487.208
-510.823
100.821
529.542
735.19
808.893
440.352
46.1326
989.703
-522.103
-783.643
305.671
555.854
626.752
1102.11
-73.6804
393.34
670.382
180.306
-247.866
1368.59
1063.11
-473.619
-333.913
-253.128
-119.057
124.675
141.53
611.301
-301.295
160.056
-166.072
-666.812
-351.548
-801.929
-484.601
-317.312
-979.037
-1189.73
677.106
20.0759
348.982
164.301
-286.299
894.48
87.3388
498.872
-137.435
-241.173
424.838
451.181
-832.141
-555.374
-360.847
612.782
32.4053
371.216
50.3365
-467.816
-634.593
-692.374
279.445
-256.431
-340.405
394.762
-1227.03
-625.127
191.277
-125.459
17.1489
869.265
-774.153
68.751
639.347
366.775
369.142
187.505
537.029
-238.497
-182.346
114.365
531.791
108.213
453.724
-30.2609
-134.802
-188.779
-199.527
-337.85
35.239
873.62
-678.811
75.891
-178.682
9.8354
-577.161
-212.76
971.485
1035.12
-13.4261
-823.066
-897.139
1039.55
-505.416
37.696
718.463
-100.795
-369.255
102.76
642.687
-910.715
-3.73828
445.409
-260.109
276.657
1097.28
-14.3287
85.1058
-747.736
625.253
-582.634
148.844
-212.828
-150.839
469.119
664.325
-31.3191
-27.8409
-840.641
782.83
54.0003
-767.459
-1252.44
-394.761
765.192
-288.685
210.259
325.229
-551.595
-988.53
710.697
23.0536
205.956
-1063.29
13.7331
96.8714
-55.1087
183.474
-61.3932
-1047.65
245.879
32.6501
-341.942
-405.631
567.435
4.54677
306.434
182.853
766.203
-642.664
374.434
-1062.62
-214.347
13.5826
-113.631
332.979
-109.91
8.83538
-614.729
-292.149
484.364
682.496
-138.444
-929.111
-511.726
125.569
-29.2928
-339.26
263.444
40.7622
-659.835
-692.656
-1214.16
1087.86
174.924
409.523
478.136
-1063.87
716.079
781.442
-3.43688
-83.2706
750.672
650.281
-367.425
-331.565
764.989
-379.867
363.188
-198.619
812.839
190.276
-1302.89
538.614
219.853
-877.958
-627.307
314.298
232.567
279.753
643.123
-835.046
526.926
-598.515
-606.239
43.3359
-656.498
-746.383
18.4623
579.417
316.538
-399.771
666.807
471.769
212.904
-79.1818
165.981
-5.88277
-409.672
-310.896
-201.648
-409.705
316.259
-66.8773
775.669
861.304
276.566
-528.364
-180.873
450.636
-530.597
-406.726
-318.081
361.858
240.497
-21.5707
202.317
745.496
436.282
-121.394
114.481
-631.141
249.034
-116.397
587.742
557.418
-4.99922
-948.199
485.88
-174.289
-29.4226
979.886
321.108
-737.154
383.365
224.567
-1038.3
-16.8539
791.963
-502.129
728.413
878.639
-292.592
-382.028
-141.89
192.229
975.059
479.605
19.0035
623.843
187.599
511.564
464.54
-752.447
274.303
133.908
-1063.52
-697.989
-537.413
-1184.15
530.445
-445.555
-142.483
127.463
193.026
27.3071
-33.9674
-904.458
347.162
-482.036
160.985
-507.338
-248.477
-51.3747
-353.459
-511.336
546.831
-139.776
-171.848
-203.011
-1006.04
610.877
600.219
346.974
-677.852
246.825
191.977
-1365.92
-627.068
-178.185
20.7804
-205.045
250.704
-163.055
142.082
-1132.68
-91.5691
51.7546
177.228
52.3929
-609.983
235.984
101.269
429.921
286.679
-663.73
-96.2725
-94.0368
118.963
351.342
-694.589
-785.061
-197.401
-262.117
-175.658
-511.984
-1013.85
-331.975
-428.154
387.395
-453.068
-1008.53
-131.228
-35.336
-55.7149
-471.54
-544.232
119.467
525.886
352.886
-807.162
312.89
-191.855
313.906
-434.339
592.745
1371.91
-381.444
-472.574
914.239
-569.7
-445.504
-240.569
619.3
741.677
-204.491
-287.984
126.597
-31.2241
-203.597
-350.386
513.976
-73.7681
-571.562
343.066
537.125
-499.617
-560.304
71.596
-884.429
311.216
171.839
879.936
-172.415
510.043
84.0251
-129.329
-436.671
-655.051
362.068
586.547
-40.7589
1296.48
-587.08
1069.34
-114.462
-1079.49
19.9184
-441.459
-489.183
227.796
-302.804
240.172
165.666
183.086
-582.81
47.0073
372.513
-591.218
843.903
-658.47
351.6
-416.948
458.22
-356.899
-811.814
-1403.52
26.8419
543.049
1079.2
111.885
76.6261
-285.116
991.829
656.94
382.461
-222.092
-461.591
108.855
-466.913
81.9816
-598.784
-210.268
1215.69
235.544
188.019
71.2242
-391.731
494.675
-71.7542
-560.151
-26.0362
-645.262
65.4593
-1104.77
198.122
-581.86
-366.925
557.004
-156.94
269.302
-23.5883
149.468
-353.541
577.747
237.657
627.145
490.231
-360.335
571.513
-320.002
-992.853
57.0081
560.25
-148.567
-38.6657
-217.599
188.19
-280.069
-738.543
91.9265
376.518
-201.768
-75.7488
390.514
-722.289
426.095
-212.03
1156.62
-562.782
174.48
-262.226
408.151
503.154
1181.08
41.027
234.407
-446.077
634.843
236.556
236.013
-592.905
422.447
-332.424
-435.13
-118.65
-11.0804
-91.9307
-78.1142
-519.57
-154.411
-545.674
471.743
522.917
-87.0697
-778.89
-526.291
91.7721
385.824
-239.201
1171.43
779.887
-358.566
-981.262
-999.584
292.107
-1206.38
-550.018
744.691
584.157
489.704
647.496
-705.759
-980.94
-102.987
411.369
730.861
483.412
-29.9194
800.916
51.7885
550.107
-231.189
-442.623
375.211
-236.479
41.1631
768.742
731.531
-148.02
782.85
-399.014
500.643
-179.051
89.6714
314.924
-503.927
-561.844
1484.59
-615.744
59.4186
-1380.19
-60.115
-36.9495
-141.627
1.09251
-896.293
402.316
-1022.27
-748.799
232.281
-7.48978
-444.968
-103.909
976.816
-497.32
-211.026
-244.851
-591.222
-1089.14
-388.075
-430.703
27.8414
-814.573
-1198.87
270.3
-232.869
-544.681
1279.29
-530.745
-358.904
490.956
-552.861
581.211
-66.9215
212.899
272.65
645.699
-675.328
403.288
868.831
-489.568
9.02223
380.252
-160.831
590.815
-324.761
622.542
-300.389
603.333
301.888
-384.257
-233.756
-312.528
-35.049
-1466.83
158.24
692.786
-918.548
498.342
215.84
525.84
-589.179
-352.702
-277.394
867.722
156.004
923.596
-87.0867
-17.3588
-721.59
-98.8954
-939.357
-1224.54
-374.162
411.16
-1108.76
6.29119
-467.776
-237.814
-631.885
1029.36
-208.927
-32.0893
-235.83
1317.58
14.5093
-417.294
1014.13
158.011
-704.5
-729.912
165.611
133.748
-956.292
226.971
455.642
130.702
-136.329
312.091
-657.142
-1178.18
-26.4651
-348.921
-504.554
654.597
353.07
-1284.31
-472.163
540.037
-620.583
-23.3771
-439.569
-740.876
150.234
-151.666
-495.828
-584.665
-652.54
330.466
3.11433
428.995
-728.521
14.1887
450.953
890.731
-131.346
550.475
-930.778
-228.495
184.901
-215.019
998.659
106.369
866.527
300.573
622.87
10.5945
289.654
789.439
43.4813
1010.1
-630.868
-465.909
-216.512
-839.529
-294.985
-100.23
985.737
241.48
-457.115
-270.013
294.636
-150.733
-1039.07
158.26
663.365
-407.44
-203.578
1069.93
648.767
-492.338
-1421.92
-827.922
247.741
169.816
279.206
340.545
-291.501
398.706
81.7978
-645.971
-98.3601
448.689
350.342
131.524
-432.85
-233.206
1150.45
-660.917
-169.078
535.362
247.245
570.342
-1122.48
-38.5708
-621.708
357.457
-92.8753
-765.934
1057.05
-780.844
41.5338
1124.22
395.23
-309.05
-75.0266
-685.358
-71.2249
-139.52
63.4521
-175.31
-546.882
-505.354
872.223
421.075
-139.844
-110.8
-239.832
-154.982
-657.972
31.7387
-243.008
-293.003
-259.122
-668.352
307.563
-490.532
-238.286
-744.162
-346.336
-676.587
54.1774
-146.954
814.663
-31.3516
-334.003
-469.424
171.573
-1108.27
-104.183
-178.344
-1135.03
-856.1
424.366
1167.67
371.74
-527.361
225.924
120.453
15.877
-264.879
-635.048
-118.645
840.064
-437.472
723.889
167.702
-169.773
-67.7495
390.535
581.993
-999.399
-986.57
528.109
542.321
799.504
-485.322
-847.202
28.9706
-353.929
-1314.38
-560.788
557.099
937.076
-926.305
-237.124
-388.021
282.644
-239.046
-229.514
-931.272
-561.189
121.631
513.762
-363.475
-2.94816
326.159
740.274
1141.95
-186.588
-1019.43
-500.594
590.902
-72.6656
-69.1899
-1135.79
826.71
892.228
-91.9957
-492.567
474.764
185.658
437.041
173.231
-542.042
-372.825
-381.986
1089.54
-331.701
26.849
421.586
-339.66
413.224
143.595
-71.79
-135.202
10.3692
-264.26
-138.984
158.461
602.151
-552.559
-71.809
-379.077
-626.815
548.979
-567.74
901.108
-474.766
922.895
1242.35
-156.367
706.953
143.432
-31.0711
816.324
-896.297
254.039
1218.5
-398.12
469.424
532.687
159.329
-883.169
917.228
-154.155
668.274
-614.419
355.866
-153.103
-844.359
-181.831
599.321
236.114
-1071.13
-975.84
-761.391
-80.8388
143.545
803.997
-764.996
32.4816
-871.588
-595.679
-855.967
216.272
198.861
-97.418
-1204.98
1018.38
173.587
869.806
71.1528
1020.71
-794.322
153.643
-69.0545
-259.968
1342.42
233.142
-1072.44
-624.34
153.947
454.418
-372.665
372.439
-358.046
-743.526
-212.488
-425.76
130.49
-29.1204
90.2813
116.92
546.867
-498.292
680.649
-65.7296
-135.914
-82.4402
-890.789
-565.939
-724.209
-243.284
-361.678
502.14
-198.754
59.3257
177.956
-481.915
-974.983
-69.2442
646.262
-140.921
-433.964
618.59
145.165
95.9843
-200.937
149.762
123.425
-158.819
-314.996
-1411.19
427.523
-328.1
204.321
1175.06
511.661
960.687
480.362
8.47377
-83.1247
314.783
472.481
-473.739
-83.6418
-376.573
-783.338
101.701
786.497
-632.253
-213.298
-262.49
832.316
557.129
-879.199
274.607
-256.812
-235.02
121.531
374.854
1433.17
-277.778
-568.088
-49.9647
354.944
18.8516
-614.592
609.761
-502.185
378.676
-763.005
992.393
-1569.4
-29.3395
-389.035
402.014
-509.968
-844.22
-282.187
699.476
-736.858
641.993
-866.458
1110.56
184.264
-742.574
62.6069
-748.17
997.174
-668.381
219.079
300.116
-229.763
-1147.36
238.021
-806.65
-701.583
-26.3204
141.1
-95.6298
-690.097
367.794
557.59
208.278
1289.91
58.8809
322.525
-312.06
-649.119
29.0322
-314.847
-143.562
-650.962
-330.094
-826.415
-660.991
-176.57
-499.436
207.061
-211.074
-42.1421
52.1791
516.909
136.208
-425.537
386.837
-464.002
-409.157
31.6289
-376.729
-1622.37
867.304
-67.4632
-389.245
-159.183
-1164.54
512.721
-733.691
-63.997
793.099
44.438
-1413.77
-213.076
-1124.19
635.61
-42.2911
-514.985
-754.617
-673.499
489.814
716.848
1411.89
-411.888
-204.848
796.504
698.057
-713.549
-694.167
326.735
-1251.85
392.879
672.523
939.772
856.806
1069.71
110.636
-64.9228
-33.7295
432.436
-1036.61
438.502
-71.163
-867.595
-280.662
-265.467
81.7031
1447.67
-23.333
-474.14
-343.817
-349.771
80.5336
-875.913
505.982
946.284
-1286.35
-242.561
-971.549
-49.1243
-146.809
-831.82
94.659
-489.421
-1102.61
-155.702
-774.044
319.074
-827.999
619.63
181.113
447.556
411.233
-802.164
-642.329
-438.779
335.6
327.698
-43.9889
38.4698
402.246
675.813
-373.009
267.341
-38.4333
-449.497
-44.0494
785.717
513.575
-469.311
1247.19
-730.456
-772.953
-223.403
-914.208
-671.722
-409.602
635.327
-1319.83
-16.3137
1262.18
-10.1376
-508.941
-356.06
163.593
-209.537
-334.56
-217.817
219.211
-21.2455
-220.562
-536.386
-96.8467
635.428
-642.427
186.702
69.0797
-808.767
693.829
23.977
-122.467
345.964
127.43
895.715
-329.547
-1146.76
221.185
-175.992
20.4723
674.513
628.564
-150.743
-610.736
419.695
-692.384
-708.721
508.378
80.0077
-1233.55
266.315
-45.4879
87.6393
668.602
3.62048
-468.971
917.748
70.1722
80.7813
-1013.17
-1066.05
867.479
-102.893
288.871
-41.5
-476.727
432.418
747.037
386.426
-331.477
-722.456
-143.93
245.321
248.858
-894.271
-267.291
-752.933
793.265
433.368
274.918
287.39
-224.686
187.139
370.35
-54.349
626.794
353.066
-100.535
12.0711
-1148.61
418.099
546.012
-598.56
283.465
175.98
-489.782
-306.724
-1325.09
-495.452
849.748
832.594
-283.766
-354.498
1356.56
-119.358
792.98
-402.391
-831.43
260.447
779.204
217.286
435.203
674.411
-749.973
366.945
227.142
13.2892
141.05
-752.128
-1037.87
-56.071
341.88
233.161
-85.6017
-863.695
774.155
627.026
-192.339
35.1467
-30.0197
286.504
-419.407
-477.649
-863.466
-631.461
258.719
-1017.91
-396.775
-1064.76
-349.474
181.931
-739.041
-491.559
474.131
-479.545
78.0007
754.726
649.219
-242.72
-676.46
-165.042
289.033
-778.44
419.884
-1065.55
518.92
-253.694
-158.513
-418.214
-933.722
-170.531
-471.272
-94.5828
37.8841
139.538
-384.074
617.363
283.966
-6.84128
352.12
-642.693
361.645
238.865
-496.496
-665.738
-31.135
12.7811
514.72
607.558
-757.205
692.354
895.063
-41.7505
-548.852
244.601
928.15
178.708
627.533
376
592.244
-434.002
-252.434
-421.101
-261.547
-345.736
113.557
-274.901
-1407.53
797.202
791.828
-893.919
48.446
797.822
134.544
-391.876
589.978
495.04
-990.093
-919.118
-439.622
52.2953
-101.16
-403.765
-721.257
-279.449
-1091.51
-1061.88
294.126
-591.358
-124.533
145.634
-202.988
256.673
617.899
471.6
-184.71
1260.44
-86.9442
-552.179
1394.98
226.411
-1119.89
797.163
-322.538
283.202
-2.3304
455.911
-378.293
-969.787
723.816
212.629
-292.639
215.798
-806.922
-190.391
-404.661
306.389
-59.8218
315.711
43.1867
-233.711
367.415
727.514
826.382
-152.228
105.408
-653.411
-151.553
-46.1849
472.042
342.134
373.669
1097.78
-177.56
108.119
-1166.6
386.133
225.668
312.547
345.037
120.589
