-1218.89
-654.698
-210.558
491.001
871.054
-793.387
-1395.67
-1953.84
-32.4925
-273.604
158.268
-377.331
-1770.04
-13.108
798.826
639.533
581.667
313.166
146.497
1018
336.519
-483.156
-91.5668
511.116
-557.3
-1024.29
-961.013
634.525
-123.7
-1030.9
-1271.16
-207.865
978.017
655.165
767.471
17.0433
295.762
1174.02
976.702
-1324.24
-740.183
39.6794
136.279
-926.106
-305.328
-577.488
-11.4864
425.925
272.589
811.558
-402.813
-424.79
-1403.89
-243.177
598.891
-1159.25
700.456
-430.451
779.905
719.242
-712.02
1222.96
1500.19
682.768
1185.79
62.6622
482.846
-397.26
630.427
848.111
476.616
519.609
-683.551
716.386
-297.267
199.789
980.099
904.664
691.435
-1878.13
960.708
-483.802
-148.554
889.532
-1728.41
-496.829
253.215
783.385
1586.57
285.453
1030.99
348.188
-559.171
166.771
-933.794
-468.804
-832.549
127.387
-166.214
-513.522
141.802
451.328
-580.016
-685.198
883.863
132.518
1139.16
745.285
-919.396
961.024
380.109
48.2554
-508.325
-119.54
1549.64
688.703
1493.14
-2050.23
-798.05
793.648
934.518
1174.42
-731.433
-376.589
177.308
1085.55
-256.146
162.365
-530.268
1481.54
-29.5868
806.541
122.886
-949.776
-605.313
1549.39
-752.205
338.01
-987.296
-700.114
-1005.64
1275.63
-198.69
1141.83
460.846
-76.94
561.518
-795.678
-1302.78
1265.03
-490.768
-445.582
518.074
-568.363
-430.949
507.385
122.138
-1194.81
709.795
280.446
1017.27
-442.546
303.154
-279.853
260.913
902.083
478.352
-305.784
390.58
369.657
-37.8792
1211.72
-635.828
-450.46
870.335
82.9701
1249.33
-1733.71
316.687
691.522
-1413.58
466.459
-857.625
109.357
65.6947
427.301
-1328.2
-497.545
85.1425
-179.195
-1030.21
1521.18
609.393
-1256.96
-70.7387
1044.83
-518.91
-1497.8
-566.185
904.825
59.1605
218.066
555.36
370.319
-1042.63
-152.822
545.513
-469.949
879.502
383.413
409.701
621.214
989.57
1821.9
-861.754
415.3
489.791
-117.145
-953.578
17.8647
742.782
1410.05
-10.9087
232.719
675.726
-34.0288
62.6652
547.886
-629.087
877.206
-1087.35
1181.92
297.682
370.567
-1076.27
-727.457
229.372
32.511
1164.28
643.235
-1402.67
-667.7
744.951
1631.34
-378.678
-515.519
131.326
195.729
-1247.59
-23.5601
-67.5308
-220.153
680.571
496.694
547.392
-482.157
-692.99
47.9775
-1328.27
-187.816
-1389.58
-359.911
660.062
870.299
-709.114
362.375
121.697
-1223.91
1824.6
1785.19
567.938
15.1127
1270.67
-1044.87
580.934
-315.557
124.844
-572.793
218.061
-512.732
-143.813
1145.88
-973.362
-245.819
-683.024
924.666
802.409
29.9956
-903.169
-553.416
-283.715
146.699
165.371
-800.762
909.888
830.76
-370.271
115.222
1088.89
-312.126
-432.679
11.9164
463.24
-999.071
-458.831
993.106
-149.554
-610.815
-991.084
-326.24
150.488
444.491
1168.24
-173.515
50.6583
-40.8234
-1719.23
-1318.54
-463.714
696.948
-289.028
-1941.69
1599.22
-148.747
955.238
1319.61
-187.314
751.29
402.087
144.239
-294.978
-314.725
-999.324
19.6363
855.618
1834.28
-423.031
-613.495
1198.08
597.837
533.755
265.938
65.3004
-431.825
-382.358
-1119.55
-320.446
-1453.68
132.299
-87.6389
653.378
97.4868
1010.4
893.298
-360.822
881.152
272.025
-332.175
-520.663
-713.699
653.556
-293.59
-504.203
-805.014
-240.661
705.542
-1149.47
523.861
-281.372
1285.58
-418.448
746.656
1045.32
-823.196
389.154
-978.358
-335.391
1088.66
-535.814
1673.48
-537.258
833.735
281.07
272.679
-477.096
-175.262
-349.09
443.405
413.955
-622.483
-741.664
579.786
-5.76768
-612.709
-546.698
381.759
1242.57
118.708
-159.339
-445.705
991.773
1844.99
-366.595
359.129
-499.4
-1572.17
875.973
-886.95
1377.99
893.429
316.767
-908.688
-575.802
-407.996
-364.795
-1039.71
39.583
331.196
-89.1098
1033.52
850.359
1625.48
-861.504
1732.94
523.393
-81.1202
1034.24
1081.63
-268.28
473.786
212.533
-1180.35
628.707
-766.648
460.985
-1137.51
1509.02
580.723
219.374
-1194.51
-4.21508
218.878
1807.07
831.995
-470.512
1261.55
23.8398
1030.33
-949.57
302.275
640.389
415.579
-94.221
-827.583
42.4717
3.3057
124.049
-790.375
-888.017
502.445
-248.69
-371.38
-753.602
-951.163
921.589
613.401
-939.661
-353.21
-328.317
599.917
-1389.07
126.566
171.245
-1249.38
-650.551
-960.344
169.805
1939.97
929.192
-805.007
515.132
780.026
-1807.98
635.226
-1101.26
-888.178
304.159
1483.48
-172.58
133.241
-362.032
-409.972
-129.649
-160.641
-414.956
69.9919
-1188.26
-1141.62
762.762
1802.41
533.376
764.074
-5.12549
-1599.41
-838.365
1715.52
363.689
-402.8
-1117.62
823.777
-187.019
867.835
-618.411
1330.73
-1724.3
-509.577
692.256
-844.832
-439.428
949.394
586.61
130.353
-1697.72
-879.603
42.4784
687.533
-1395.33
-422.096
-1267.43
-740.786
1311.63
995.371
-1131.21
564.104
-1597.8
-473.67
1921.29
175.673
65.3726
-49.1313
-824.367
-889.069
637.631
-963.907
-62.8418
-192.342
475.369
288.715
-615.111
258.452
183.437
382.146
-703.184
329.635
-253.051
1470.44
57.4331
1481.13
-360.918
307.909
67.678
423.315
1872.26
-443.607
294.751
-269.11
-81.1993
429.621
-1411.3
306.151
114.572
-1023.52
988.809
-163.701
-1007.23
960.69
-158.437
369.599
1475.64
-632.263
697.922
1257.89
1685.47
-576.171
274.511
163.074
-935.65
552.881
-213.136
391.063
159.705
-462.661
-366.777
-623.631
481.505
1375.91
413.829
-289.325
422.883
-246.698
424.735
327.523
67.9044
-505.929
-455.641
-894.606
541.632
1118.28
-789.348
-792.335
324.702
-1267.91
-1767.07
-246.99
-103.635
230.471
-121.177
-336.518
1115.87
-390.03
-854.267
49.1964
933.864
896.597
-918.995
1742.02
416.669
200.292
-1187.39
61.3066
-635.915
80.1078
348.838
1288.56
1148.98
226.401
-501.152
657.704
-101.674
139.144
720.162
24.8381
-283.938
-535.851
244.347
787.009
673.017
828.24
-588.712
806.988
-136.359
1591.19
148.299
-574.253
-1654.35
-542.278
218.81
-152.719
85.7175
-515.148
-494.997
-169.354
-1818.62
1154.88
-323.78
76.0835
209.665
259.761
78.9756
643.898
-310.811
-353.499
651.173
1535
-871.212
762.725
-563.669
-984.421
-1207.29
-120.61
-21.5803
544.822
-159.223
1073.12
476.566
-186.04
-1370.1
588.482
384.424
991.013
354.204
854.649
149.835
764.652
-143.696
-86.5957
-978.924
-456.567
-1208.71
456.738
892.385
414.287
359.625
-255.409
-208.197
-615.388
-242.903
628.638
-431.118
391.08
-765.876
215.59
252.437
767.55
263.373
489.981
274.465
-662.981
-1920.67
-1333.41
476.311
-1378.59
481.855
-343.333
-20.6529
-260.417
537.228
138.251
1322.65
1204.12
573.088
-230.11
-192.667
-1603.45
1398.11
711.11
228.086
1677.55
209.163
311.741
311.673
-208.339
400.384
-56.941
-205.638
-331.576
-494.675
-504.718
-1068.85
791.217
1547.78
610.561
-857.898
-1214.32
-232.82
469.269
-747.108
421.398
845.033
1997.2
327.672
-195.65
-29.5983
255.49
-728.161
-95.7422
-972.902
364.331
1180.77
-670.447
978.917
-842.447
-506.748
-910.494
-174.805
77.4217
-488.238
126.785
807.869
366.817
1387.52
1492.94
-525.664
-471.222
-613.819
-484.466
-430.618
-90.6646
-1238.7
842.598
830.122
974.399
-530.839
15.9384
-215.715
658.215
-463.018
-1401.06
-1305.76
764.764
-417.23
-245.108
588.749
314.215
-680.791
-1549.53
1485.99
2245.71
-337.917
691.434
-877.438
564.113
-12.1474
-234.995
-27.0049
-1307.51
-1656.41
-960.301
626.832
-1202.6
945.732
-1534.39
754.703
1067.82
637.233
77.8882
-55.5779
87.61
-33.4563
338.991
-1003.59
-689.379
-138.274
-33.4411
1619.41
-851.257
258.663
-173.499
-1.78722
1544.74
-1329.92
372.183
533.934
456.312
-392.901
1372.21
-698.623
-1699.84
729.229
496.222
-437.226
-176.939
-1098.73
398.927
218.861
92.1649
-93.3055
-293.648
-1124.12
539.93
590.291
-133.517
684.902
1238.34
-403.278
-728.448
861.591
-560.116
-1259.92
489.471
248.568
-589.047
836.474
-1013.47
1941.55
-443.061
427.207
-1194.26
612.81
-1253.32
-31.1349
377.715
-148.545
899.668
432.868
-273.806
-638.362
185.542
-559.832
-450.178
-354.32
-444.294
-275.47
1161.01
986.622
183.964
-1015.7
526.781
1175.53
-745.54
-602.132
1583.42
685.871
1125.2
977.415
-538.066
623.728
48.9141
1519.65
287.792
-1356.76
1470.62
-940.171
-1541.38
378.428
-519.643
-1327.79
510.565
840.758
-432.581
-488.846
-887.858
210.73
167.654
760.234
-1701.99
-487.191
-99.1294
260.315
167.376
-1239.12
-317.35
-365.438
-1015.94
1221.44
-1089.88
-1321.03
1151.43
-834.74
-646.077
-958.459
-860.915
438.96
924.505
-391.056
553.839
-1628.63
-1519.81
-1406.76
317.235
656.435
357.079
356.971
-277.629
721.294
-398.301
-530.974
-1116.56
-259.119
1048.05
-266.36
558.437
3.62039
-853.045
-713.309
383.798
188.645
-1602.29
1120.43
-930.038
309.901
-479.505
19.8323
-992.811
-406.194
679.813
-604.322
1092.09
389.349
-17.7613
-920.665
-982.665
732.572
-904.315
-660.009
-251.363
-877.969
549.256
-141.014
-351.847
-1299.46
64.7933
-232.629
1422.63
42.2338
-306.795
-1853.11
1436.46
344.101
-347.079
-910.276
217.033
-1713.95
-353.51
-119.17
841.051
266.813
-490.868
156.898
551.796
-175.642
468.089
-479.635
-441.462
-383.297
-519.936
-62.9111
-797.581
266.155
-783.153
267.259
437.91
121.577
448.489
150.536
-322.136
252.008
-683.059
1050.38
-66.1173
-611.782
637.994
-267.255
-500.867
192.689
-662.98
1041.5
-1724.15
-137.011
1291.32
-862.955
-961.929
732.139
-219.032
-1027.18
-1137.55
-575.037
458.33
595.95
-772.045
426.817
-146.565
584.434
1317.34
-1376.89
384.28
684.522
650.108
-652.104
767.189
211.883
-311.935
877.621
1058.82
372.981
-284.913
494.306
-814.875
-705.657
825.29
-979.953
-1290.49
-663.655
-709.125
1134.22
390.961
-431.483
-1177.21
783.961
-922.736
-367.947
-264.94
192.301
-902.127
-513.201
-890.392
-1131.7
1102.57
5.6258
249.984
130.183
-407.618
-321.982
252.077
-544.493
523.349
228.47
-176.03
350.251
-177.472
-662.01
-909.328
-403.752
811.113
-935.417
-308.299
1824.57
-1252.31
292.644
-542.221
-647.564
-238.412
-1014.84
17.9456
142.546
-1008.83
220.664
1306
-28.7252
-193.016
1308.48
-515.804
-248.999
688.732
-294.987
1255.41
-1003.92
-867.394
1330.88
1215.01
-695.664
559.613
811.745
1073.18
-11.2848
-113.665
-457.356
24.1473
1017.63
1265.32
-1383.09
185.352
1677.76
420.528
-94.0687
770.928
-387.437
-244.755
-1329.12
-107.94
-163.486
1378.5
-765.941
-280.296
-900.832
-608.028
-598.11
-542.872
-34.3719
-492.342
-633.767
-685.368
303.103
-760.969
-1228.62
346.157
478.42
333.505
226.8
-502.797
-509.664
753.715
659.793
1304.4
-837.289
-95.8104
1006.99
74.0593
839.642
375.11
-583.853
-123.013
1095.51
888.724
-1206.21
-1022.66
-1289.38
-1292.73
138.058
-1037.13
777.551
156.223
-78.9422
197.038
-87.5171
1684.55
735.68
202.911
-262.929
-1265.31
719.33
450.89
-801.997
267.988
888.044
748.434
-1332.5
-691.952
408.886
-767.408
-297.293
513.927
-61.6854
-966.741
1155.27
14.4559
-665.257
214.517
342.801
-911.888
-1175.18
-511.921
508.911
-849.113
-171.512
-983.091
8.27692
-979.758
288.806
418.133
-480.018
-827.053
-996.394
191.224
-729.298
-141.757
-127.466
1645.39
384.561
-1468.18
1345.37
302.248
897.668
432.772
-1201
-194.49
-46.6924
-67.3913
432.063
125.178
-292.24
616.706
-410.885
-763.667
292.574
-0.172834
460.682
112.251
1024.34
-402.246
-1736.22
1531.51
-653.799
-209.279
-605.479
13.4437
-122.091
-821.612
-412.053
-290.663
-821.662
248.9
679.818
289.172
-841.703
-457.902
-766.071
-1150.32
-1054.41
713.074
-371.358
395.423
684.35
379.992
-15.0724
779.409
1744.58
643.526
-918.529
579.307
97.0814
-1380.55
721.329
-1519.87
-390.742
-196.137
-568.877
294.829
618.418
1078.55
-1678.72
-633.676
-1050.88
-549.439
-1224.79
-599.903
1445.35
538.268
-154.338
-758.725
-758.151
75.4229
-452.838
-480.421
-1542.4
1673.32
-418.93
-539.2
502.259
-1567.02
358.862
-319.756
-385.091
-562.521
-350.023
246.412
1404.78
2182.52
775.844
490.18
-381.372
-1625.67
-676.866
-1376.53
-1057.03
1753.45
1992.98
-261.492
438.179
911.79
-533.887
-876.143
-125.243
-718.892
762.499
-865.336
-983.874
1210.26
1343.06
568.386
1106.1
-470.8
307.878
463.109
1198.69
325.641
-122.558
926.259
-244.306
601.467
-655.602
-354.361
576.69
1559.88
-178.707
1439.37
1216.39
-1364.5
509.384
365.106
625.208
-351.792
-1029.07
-1050.02
994.995
60.0904
453.557
349.647
-440.011
126.386
-459.974
1035.01
-53.3618
-686.162
-751.618
463.621
-997.446
268.939
526.75
2029.38
-1301.82
-4.648
524.051
-575.176
233.53
1034.26
-1167.52
-23.1094
604.711
-848.888
-517.308
813.913
-191.855
-558.901
-435.84
-649.871
-1332.63
719.41
-984.49
-984.928
124.486
155.523
-6.01552
-1366.56
-66.6065
-1085
844.998
996.135
352.855
107.95
-177.757
-1167.44
252.557
-749.664
-794.917
-183.205
167.971
213.192
229.686
-1151.8
-133.951
329.104
624.618
-94.9207
928.549
-323.217
1424.34
2052.58
339.847
-405.052
-1234.96
814.125
-821.824
818.433
-9.56634
-332.284
731.158
-1362.27
1906.19
-928.731
608.935
1326.53
-139.45
-733.83
-742.574
564.808
224.532
-443.017
382.761
488.746
585.642
293.715
1985.72
-1451.03
1271.74
378.15
-704.11
742.182
457.78
488.911
-13.2826
1373.64
345.371
-166.628
-456.619
650.111
-715.418
-1637.97
426.613
-897.857
-1159.99
-402.062
956.502
494.633
-513.946
-946.051
-1647.28
108.206
601.354
91.4951
-357.025
216.891
-676.894
-58.8996
663.728
-1011.79
-1224.28
-179.523
698.633
374.862
1205.19
112.412
350.483
-937.183
-178.478
343.265
-992.562
-748.453
-765.1
14.3445
-313.69
-1000.33
761.624
-830.054
-148.068
943.691
952.338
-977.733
1394.5
-1323.22
-742.411
-324.311
-1124.54
340.601
14.0554
-1563.54
-76.3352
166.931
94.6277
-631.359
265.075
728.972
1157.29
135.806
-656.937
599.034
-1047.19
-877.539
14.7796
-472.052
-296.647
-472.009
400.026
-575.855
-1292.44
-9.96519
253.883
-93.3322
404.063
-757.1
352.28
-584.679
28.6356
399.676
-71.4609
-572.853
-1088.92
890.566
333.969
-456.738
49.9817
-583.526
161.819
975.225
-525.856
305.364
-1201.15
-393.277
313.456
-215.669
598.817
-274.095
-844.151
-195.977
729.552
53.2853
133.265
-698.35
-61.2892
300.915
50.2916
1626.7
-1860.1
106.669
722.403
-681.118
-411.339
91.787
793.455
-781.847
-677.455
-361.652
1039.78
-853.514
-1119.98
-1163.88
-717.952
160.654
159.505
-351.502
-1015.4
541.037
-1411.48
765.649
154
-423.672
382.463
1193.55
903.298
-850.825
-534.481
612.906
9.57157
306.741
-556.865
-301.41
440.099
-609.419
1068.59
-375.313
508.635
-435.208
104.388
-787.053
824.64
-582.264
-456.253
-106.451
-45.8202
831.763
305.871
-416.359
-1246.34
-1086.3
-1271.16
-447.199
677.334
268.982
746.925
-573.864
196.291
-574.801
-1469.51
106.884
1587.2
737.561
-1037.52
86.5959
143.454
637.354
-302.416
-103.895
-1469.35
-576.106
341.991
-1524.05
157.697
-16.7864
3.71704
322.559
-122.051
1254.39
-1570.77
1955.88
-272.241
-1330.75
1611.85
45.832
-272.827
50.8936
332.077
141.692
-511.161
-844.827
721.266
-383.967
5.10055
-593.257
-63.7447
-1005.56
431.669
-464.85
-603.048
371.752
-131.632
-931.327
263.367
-24.6835
-685.166
700.473
-88.1809
-487.336
1471.72
538
254.765
-500.544
-674.417
-333.946
801.984
549.759
-488.007
-197.876
-35.7282
-318.847
55.1623
-208.191
-694.639
223.253
1020.55
129.684
1523.86
501.345
-643.82
-289.933
233.761
-201.542
925.209
1090.97
-503.162
187.597
-381.435
25.6155
-866.023
782.568
89.5741
1399.22
731.461
15.7313
-446.589
499.519
316.878
-767.965
884.883
17.3554
68.6974
1005.41
904.059
-170.696
-168.367
851.248
233.699
-756.524
401.327
46.0131
-580.458
-641.712
205.192
1252.96
615.405
-498.944
112.537
-634.196
-857.436
-620.106
639.157
417.897
-907.728
189.306
30.2332
1526.38
24.0408
-229.078
-123.373
62.022
1511.27
1208.78
441.457
-1605.32
-312.292
580.773
1762.2
318.453
175.081
-1041.74
-64.3965
-186.659
-932.438
-1068.72
-90.2657
-416.704
-14.1061
100.859
955.403
1485.6
-1243.93
370.847
-1979.54
-1086.67
-345.134
294.165
1420.56
944.372
-489.805
143.776
1099.41
510.213
571.231
-424.793
-234.3
273.717
602.591
-417.964
-484.391
-624.484
-376.764
-1603.74
386.777
60.5258
-444.416
-101.834
1689.04
-374.503
-813.437
-4.95123
1161.36
465.502
155.577
-985.449
-247.187
-1087.42
-0.0161683
-1118.67
148.584
301.225
-1624.01
500.501
184.197
-505.606
-349.019
-221.209
-38.6231
-649.963
-172.726
838.851
-847.787
-157.282
779.451
543.61
462.577
1036.1
61.0692
619.285
-632.739
645.113
-481.763
-772.476
-41.4313
-100.541
-718.556
845.368
-835.553
206.765
1651.59
1174.23
-105.055
172.92
-662.71
732.666
891.425
47.1378
-756.314
500.008
192.103
-900.813
-964.501
-1306.94
944.148
571.483
-451.917
413.674
-413.069
54.9009
-808.091
568.025
-873.853
93.4839
377.196
956.61
993.429
831.255
199.738
-622.531
926.512
356.387
274.31
671.83
-472.882
-26.3282
1197.19
-296.299
-1291.5
-743.169
6.97882
501.33
209.92
-38.2441
-37.9457
-675.19
-1104.85
256.99
-1442.64
-173.159
1087.12
587.802
1371.47
-664.196
11.1111
55.4048
-38.6798
-952.83
835.661
-998.762
956.188
-14.766
-1086.43
1062.33
-356.277
315.927
269.758
-2005.3
-1585.17
-131.721
-198.421
555.506
934.923
21.9632
328.277
565.897
-166.067
712.739
-230.064
1008.11
-1234.51
342.797
-452.007
162.063
110.554
-286.659
-49.7196
-21.3781
337.396
-1592.47
534.33
-253.434
112.263
1407.94
525.933
-368.578
-1650.76
-208.423
-729.317
1470.23
-139.552
-1547.24
-116.265
833.132
-261.636
953.097
946.756
1138.05
-247.672
-1559.09
619.456
