1303.29
1939.93
416.169
107.444
376.125
1190.46
833.192
3403.68
1596.44
1555.03
2081.52
1379.63
1180.21
3083.64
606.794
900.024
-184.388
-58.2516
1653.86
1558.64
2480.82
693.577
1150.21
606.339
1906.65
1144.69
1694.33
2574.32
729.878
916.002
1177.49
1244.23
295.775
1568.84
2464.32
-79.9197
1599.59
1158.25
1013.12
1812.59
-442.318
904.349
2156.6
1668.77
2195.35
1773.96
641.602
2273.34
1460.51
1449.45
1448.9
2700.25
1498.14
1241.37
1007.64
1615.23
1564.17
912.09
2141.01
684.216
466.634
1187.14
2508.02
651.453
3256.34
2272.79
1240.38
1183.87
1482.96
1222.57
2153.03
1144.62
2642.39
1885.02
2724.24
391.935
1208.54
2419.54
609.825
-57.9124
2196.69
146.197
1833.06
447.852
2658.39
2295.72
1286.65
566.278
1226.82
686.755
2664.17
1659.49
1038.91
3043.11
756.077
351.826
2827.63
2312.26
1878.56
1306.46
2221.83
1199.72
2149.23
59.8991
1643.44
1473.17
2585.44
-182.869
2242.26
1238.74
1095.18
1481.59
989.771
1481.34
661.046
1604.18
2204.61
770.041
1304.94
360.166
2340.82
2485.14
147.352
1661.35
1813.1
461.425
1760.41
557.014
1703.9
1190.18
752.876
2322.52
2798.23
1581.23
235.997
1041.15
1797.61
544.905
987.106
1261.11
446.86
-46.3851
625.109
1210.01
959.754
743.549
1568.94
2366.28
621.729
625.607
1490.58
239.16
1327.52
1047.28
1283.55
668.059
277.987
1364.38
2968.28
921.486
1466.25
1120.39
-148.599
2137.44
3079.64
629.12
1991.16
1983.68
3002.48
547.273
-226.749
2158.96
1897.65
1200.09
1796.27
2498.09
503.91
401.488
243.015
230.899
2068.66
610.697
2520.9
-428.465
2172.23
484.157
1758.69
1558.62
2736.04
1743.8
2257.07
1713.98
693.405
2284.17
2517.6
3368.14
1574.49
2527.68
1.29341
1122.09
1122.78
-121.674
934.935
1951.76
1721.38
1967.84
1419.69
3014.06
2448.03
-213.437
2362.45
-183.43
2054.53
2007.84
962.296
1949.2
2013
1914.96
1740.3
1922.22
1165.6
1542.66
850.342
1963.16
951.771
13.1846
51.8436
1459.5
1859.89
1434.05
1684.57
3220.47
1132.09
2212.43
2279.75
1767.16
962.995
-153.788
2191.33
2432.73
494.852
350.402
1139.59
1415.43
1802.82
2159.42
890.737
2699.52
1355.5
892.471
429.608
1580.64
2068.04
1175.45
2139.75
1703.7
1482.53
2841.46
1685.54
890.276
1049.55
1234.73
2507.82
871.876
1449.21
1701
2994.38
1706.95
267.299
1025.58
788.017
839.832
543.561
987.967
1036.25
2488.2
1851.46
1372.74
1820.26
-195.916
1481.3
2163.07
2523.35
299.238
1586.42
2570.69
1632.9
-378.734
2356
227.136
753.189
1216.34
518.497
-58.4613
2793.15
1235.19
1043.05
2326.92
2127.05
889.449
2609.94
957.498
354.638
367.153
646.366
1585.85
1255.19
1801.11
990.462
327.743
743.564
1774.1
389.319
2602.31
1142.79
2570.04
2384.19
1054.09
2050.03
1901.79
2408.41
485.292
1333.05
98.6203
1769.28
949.515
803.798
-100.234
1049.99
1987.17
347.864
2751.49
1342.78
1959.8
2393.2
2190.01
2272.9
834.951
2067.92
2321.68
412.07
1200.76
1148.85
1587.5
652.362
19.1262
2461.81
933.721
2425.51
-291.554
1118.05
1333.48
1219.02
1767.26
2318.5
53.3939
213.635
216.275
3182.07
1411.56
965.392
1824.95
2308.63
2076.25
1803.91
2634.75
359.384
816.738
1062.77
887.333
2735.38
2962.48
2786.15
2146.51
1496.97
1401.07
2507.52
910.523
1384.65
483.136
584.576
1082.66
1841.93
1278.69
-1121.11
1878.2
1107.11
430.81
768.301
1107.9
1258.6
980.194
1431.31
1601.33
1910.02
790.806
471.406
1240.79
107.852
1585.81
2036.09
1111.94
643.15
1413.98
1507.88
228.34
2305.87
1752.13
1655.62
69.5949
1758.98
3405.04
579.648
1394.64
1861.34
2124.21
2305.49
1402.67
1522.06
1427.41
2623.46
2176.1
1800.21
1286.73
765.788
1800.76
1912.12
1314.51
662.853
1310.31
997.263
-34.1152
1851.01
3464.67
3232.85
1176.02
1812.67
2222.53
2167.7
953.272
1055.83
2406.79
1896.52
573.701
2201.75
2402.7
2455.33
3053.8
232.987
1490.69
3678.17
687.501
2635.94
2383.14
1443.48
3343.29
801.263
922.072
-564.717
2267.33
1961.73
2121.19
193.372
1789.11
1174.97
-424.352
777.319
2281.27
1570.35
251.169
3092.51
71.1774
931.573
1765.54
856.148
2923.56
2108.51
3259.12
515.061
904.695
1341.01
2630.05
1645.35
2318.01
2712.8
1649.62
570.689
297.527
133.845
312.094
1283.74
649.269
383.764
679.564
2631.45
1372.4
1237.99
107.434
2399.38
1585.21
2554.31
1270.67
1785.02
1739.56
767.865
437.344
1342.23
1744.91
1099.26
171.298
1675.58
1735.05
1788.81
992.2
2641.42
1682.8
3851.04
1269.06
1896.4
1351.9
163.401
3021.43
1619.66
413.515
229.753
360.087
1553.57
-694.482
3247.52
2504.65
2766.98
1200.44
654.938
536.923
52.9105
1361.61
3469.77
1660.4
836.131
2975.41
692.113
2279.89
2285.32
2644.39
318.259
1754.87
1215.95
2605.63
2101.44
1416.48
1537.86
1841.57
1414.84
2261.5
997.802
1391.52
-88.1831
1858.27
188.075
1613.79
1785.49
1580.01
1803.17
2082.76
2445.59
808.602
186.199
297.912
1308.72
1196.2
1852.39
3736.68
-54.8066
1518.98
2582.82
1149.76
1910.59
2296.74
2125.83
1361.38
1501.27
1823.74
46.8138
683.028
3104.86
2312.3
1537.71
3039.55
1644.89
216.662
2565.81
297.2
652.476
1300.87
1360.9
1245.25
2701.79
1220.01
2065.12
738.836
1984.39
2505.37
2161.77
35.4394
1265.96
1642.17
1563.74
1732.56
991.678
2401.94
310.161
2456.8
1531.03
645.704
452.706
-915.295
1002.41
1322.13
475.556
468.072
1839.59
841.042
2305.15
1139.05
1164.59
1493.46
1968.98
2451.1
927.895
2050.5
2861.64
1044.37
903.447
173.33
1654.91
243.329
1894.21
516.658
245.416
1578.59
2854.7
798.685
666.934
345.066
2998.22
1745.59
1230.21
-287.04
2161.24
1242.81
1719.55
596.302
355.771
3527.45
1849.48
2624.2
988.231
726.195
380.63
2194.24
383.997
2011.73
210.595
1634.77
18.3069
2537.6
1653.06
361.544
2107.07
1263.37
287.816
1186.74
1132.73
1358.57
1249.81
2802.49
1162.06
1867.05
3345.12
302.718
1103.11
619.543
1040.06
2278.46
2080.58
2578.67
-236.928
1139.81
2594.91
1347.75
38.5631
1211.7
2125.74
1707.57
1070.08
2494.88
830.823
2814.79
1183.83
3355.08
2074.39
932.225
2418.24
1638.77
1359.88
2342.7
2431.07
-398.56
-141.847
3796.83
1339.35
2557.53
589.585
298.009
400.486
762.407
1008.47
864.236
233.103
1881.64
1921.97
1507.28
477.526
-438.486
1034.92
-1013.97
1841.3
142.319
1973.09
1001.93
1327.87
1384.89
546.196
1513
2168.09
1602.97
2996.31
2808.74
1243.96
2338.68
1852.27
2265.53
609.135
1575.71
2449.54
2176.75
1120.3
1964.94
424.733
-1029.9
2095.75
2842.39
2144.55
584.353
672.255
789.452
1356
177.845
1112.68
843.935
1332.61
692.193
1896.2
924.562
1849.95
1380.51
1483.95
1598.31
-452.067
2027.88
1494.2
2111
2303.02
1948.84
2362.55
1317.31
2179.79
2677.28
3838
2647.84
1906.08
688.514
2632.32
2105.77
2013.47
-82.8068
534.316
1069.61
2542.22
2002.28
859.61
1714.81
1792.25
896.233
1352.48
1513.26
1467.53
1600.07
2206.87
1924.26
1233.2
1623.72
1540.56
2228.79
1112.87
837.728
139.458
778.697
619.55
297.76
2910.4
899.219
1596.73
2788.64
1653.09
253.464
1000.79
1504.75
1376.18
899.765
909.824
1315.21
1206.22
998.818
1532.95
561.277
1346.28
954.567
806.234
1754.1
1911.53
1887.53
1284.73
678.376
2286.79
-1215.68
1026.29
1576.18
1367.5
1803.45
209.936
2274.51
-463.184
1159.33
1034.42
919.463
1697.86
716.64
348.769
1167.06
1770.11
1141.13
1791.72
1158.91
244.396
836.791
2040.16
1367.83
2212.48
1702.78
2170.63
2884.62
821.139
1177.22
1332.55
2282.05
-431.036
220.422
-19.79
2159.93
1262.39
803.908
537.004
1447.6
1069.76
174.958
470.204
1125.57
1431.57
1820.99
1209.4
2169.61
1554.36
2035.66
1392.27
504.667
701.677
658.85
794.495
2400.1
47.4739
2300.41
2549.73
883.813
1501.15
1618.52
2338.5
1905.05
1873.46
0.768885
620.682
720.784
108.947
1400.51
1558.97
2199.77
1405.17
1269.84
508.645
1569.07
516.136
1228.14
2125.55
2734.94
736.039
1841.53
1863.45
