-1219.8
-652.377
-210.09
490.023
871.479
-792.922
-1393.53
-1951.15
-30.9388
-273.08
160.194
-376.817
-1767.96
-13.0009
797.36
639.706
583.534
315.049
148.069
1019.28
337.091
-481.259
-91.3991
512.016
-555.718
-1022.75
-959.856
636.384
-122.073
-1028.89
-1270.73
-207.182
980.672
656.72
769.02
18.3036
297.632
1175.6
978.582
-1323.7
-737.946
40.9231
138.557
-925.851
-303.755
-577.073
-11.1634
426.715
273.725
813.121
-400.976
-424.235
-1401.58
-241.63
600.209
-1157.19
-429.012
781.471
721.039
-711.428
1225.47
1501.39
684.608
1185.97
64.2456
484.899
-398.226
629.453
850.389
477.121
519.938
-682.035
719.008
-296.86
199.736
981.464
905.897
693.714
-1879.11
960.923
-483.199
-147.294
891.875
-1726.1
-496.33
255.059
784.852
1588.1
287.798
1031.48
348.717
-560.373
167.201
-933.347
-467.755
-830.711
127.816
-166.096
-512.999
142.601
451.86
-579.89
-684.994
885.962
134.125
1139.7
747.21
-917.548
961.476
381.495
50.5586
-507.748
-117.996
1550.16
690.94
1493.32
-2047.89
-795.729
795.974
934.599
1176.45
-729.625
-374.725
177.538
1086.01
-257.494
163.91
-527.97
1481.82
-27.5247
808.107
124.454
-949.18
-604.745
1550.97
-751.813
338.23
-985.754
-699.775
-1003.36
1277.96
-199.524
1143.15
462.427
-74.7145
562.312
-795.449
-1304.08
1266.68
-489.174
-443.838
518.281
-567.637
-430.376
509.388
122.588
-1194.32
711.278
281.797
1018.7
-441.028
302.551
-280.406
262.735
902.503
480.229
-307.193
391.168
371.177
-37.6361
1213.54
-635.174
-450.144
871.219
84.0187
1249.99
-1733.27
318.245
693.134
-1411.93
466.903
-857.464
111.228
66.266
427.728
-1327.96
-497.09
85.4998
-177.684
-1028.53
1521.55
609.811
-1255.42
-68.7853
1045.03
-517.042
-1495.75
-564.314
907.472
59.744
219.184
557.708
370.875
-1040.43
-150.504
547.135
-468.32
880.01
384.822
411.315
623.54
991.054
1823.54
-861.416
416.317
490.29
-116.368
-952.634
18.3207
744.348
1410.87
-8.62686
234.619
677.441
-34.3006
64.983
549.57
-627.564
879.104
-1085.47
1183.31
299.174
373.258
-1075.78
-725.326
230.129
32.9262
1164.72
643.639
-1401.11
-667.257
745.37
1631.62
-378.25
-515.089
131.601
196.461
-1247.83
-22.58
-66.5744
-221.069
682.046
497.221
549.902
-480.277
-692.447
48.2026
-1326.68
-187.363
-1386.88
-357.607
661.948
869.151
-708.658
363.122
124.009
-1221.83
1823.88
1786.94
570.245
15.8289
1270.91
-1044.72
583.131
-315.14
125.806
-572.312
220.151
-514.118
-143.396
1146.18
-972.588
-244.622
-682.38
925.986
805.062
31.3457
-901.754
-553.138
-283.501
148.535
165.932
-802.249
910.91
832.157
-368.156
116.22
1089.27
-309.772
-432.084
11.2947
465.13
-997.678
-456.707
993.72
-148.411
-608.958
-990.012
-324.727
149.974
446.095
1169.94
-174.747
52.9595
-40.6752
-1718.33
-1316.2
-464.779
697.199
-288.094
-1943.02
1601.82
-147.004
955.964
1321.62
-185.296
751.851
402.704
145.567
-294.544
-312.038
-997.028
21.8275
856.115
1834.77
-422.583
-614.841
1197.51
599.382
535.327
268.284
-430.305
-380.181
-1118.02
-318.612
-1452.87
134.597
-84.9892
653.85
99.011
1012.35
894.916
-358.3
883.605
272.336
-330.345
-519.559
-711.387
654.027
-293.063
-503.183
-804.058
-241.485
704.728
-1150.52
524.889
-279.774
1287.3
-417.992
747.777
1046.42
-822.975
390.478
-978.208
-335.261
1088.95
-535.357
1675.55
-536.556
833.99
281.199
272.835
-475.623
-174.913
-348.675
443.814
415.591
-622.031
-740.794
581.635
-4.57366
-612.266
-546.225
383.308
1243.31
120.133
-158.15
-445.355
992.325
1846.55
-366.101
360.706
-498.966
-1570.75
874.622
-885.218
1380.07
893.567
319.082
-908.374
-573.919
-406.771
-364.327
-1037.96
39.9082
333.039
-88.9124
1035.03
852.652
1626
-860.934
1733.57
523.812
-79.8529
1035.15
1081.79
-267.768
475.385
214.097
-1179.8
629.643
-766.102
462.496
-1136.36
1509.54
581.115
221.691
-1193.21
-1.7406
219.398
1807.39
832.528
-468.686
1263.28
25.1341
1030.75
-950.482
303.783
642.376
416.568
-93.7562
-825.909
42.7153
4.90502
126.394
-788.254
-887.691
502.866
-248.889
-369.216
-753.083
-950.711
922.703
615.528
-940.071
-350.864
-326.765
600.192
-1387.69
127.215
171.526
-1247.48
-650.073
-959.53
171.645
1941.83
931.51
-804.251
516.548
781.808
-1807.78
635.375
-1099.68
-886.519
304.643
1482.21
-170.689
134.763
-363.168
-407.672
-127.383
-159.853
-413.326
71.8462
-1186.37
-1140.08
764.912
1804.06
534.846
764.794
-4.56073
-1597.56
-837.724
1715.64
365.206
-400.875
-1116.11
824.019
-185.179
870.158
-617.159
1333.07
-1723.77
-507.975
692.997
-843.852
-438.943
949.858
588.383
131.958
-1698.57
-878.779
44.1837
688.042
-1393.21
-421.791
-1266.51
-740.339
1313.51
995.545
-1130.77
565.58
-1596.43
-472.737
1921.97
176.142
65.8116
-47.1891
-822.061
-888.762
636.439
-963.756
-61.782
-192.899
475.496
290.296
-615.66
260.347
183.869
383.805
-701.338
328.548
-252.703
1470.85
58.2155
1482.7
-358.578
308.094
68.138
424.724
1874.57
-441.663
296.368
-267.734
-79.3113
429.96
-1410.71
306.019
114.747
-1022.92
988.979
-161.38
-1005.33
962.779
-156.865
371.696
1477.96
-632.083
699.962
1258.47
1687.26
-574.36
273.456
164.706
-935.008
554.402
-211.395
392.742
161.173
-460.382
-365.554
-622.463
482.691
1377.35
414.265
-287.039
424.457
-244.265
424.991
329.102
69.3512
-504.306
-454.669
-893.809
540.786
1120.65
-790.482
-790.822
325.015
-1266.19
-1765.52
-245.48
-102.841
231.309
-119.752
-336.06
1115.49
-388.924
-852.586
49.7898
935.381
897.259
-917.105
1743.16
417.549
201.914
-1186.07
61.5727
-634.04
82.7796
347.478
1289.17
1150.92
228.242
-498.58
658.002
-101.819
139.319
721.668
25.2887
-283.376
-535.367
245.117
788.714
674.676
830.083
-588.231
808.877
-136.049
1592.98
150.769
-573.779
-1652.79
-541.683
221.313
-152.009
87.6027
-514.407
-493.229
-168.411
-1818.47
1157.21
-321.892
77.2152
209.88
260.134
78.9427
644.096
-310.378
-354.443
651.356
1533.74
-870.721
763.178
-563.209
-983.527
-1206.68
-120.043
-19.2409
545.119
-158.745
1073.59
475.921
-183.837
-1367.51
590.658
385.648
991.155
355.71
856.941
150.859
766.234
-144.997
-86.4174
-977.444
-456.07
-1207.46
457.23
892.899
415.784
361.133
-254.535
-207.579
-613.874
-242.688
629.407
-430.353
391.548
-764.714
216.019
253.479
769.404
264.824
490.543
274.848
-661.452
-1920.45
-1331.53
478.258
-1377.64
-342.251
-19.922
-261.042
537.78
140.823
1323.12
1204.76
573.493
-229.103
-190.434
-1199.22
-1604.47
1399.35
713.743
229.641
1679.37
209.76
314.073
312.049
-207.044
400.693
-58.3397
-205.163
-329.75
-495.979
-504.486
-1068.32
791.516
1549.33
612.116
-856.373
-1212.53
-231.466
469.76
-744.759
423.137
846.078
1999.5
329.925
-193.821
-29.1303
258.082
-727.141
-93.3897
-970.206
364.562
1179.7
-668.968
980.782
-840.921
-504.866
-908.809
-173.022
78.4067
-487.822
127.156
809.248
367.404
1389.08
1493.29
-525.203
-469.887
-612.114
-482.63
-428.473
-89.3252
-1237.77
845.003
832.699
976.151
-530.277
17.6562
-214.53
659.252
-462.772
-1399.4
-1303.65
765.083
-415.722
-243.044
590.274
315.849
-679.344
-1548.12
1486.34
2246.15
-337.748
691.715
-875.119
565.993
-11.5723
-233.13
-24.7089
-1305.25
-1654.65
-958.01
629.16
-1200.56
947.231
-1532.79
754.897
1069.6
636.31
78.8245
-55.112
88.0481
-31.1518
339.504
-1001.27
-687.797
-137.738
-33.2109
1619.7
-852.101
259.219
-172.513
-0.646281
1547.06
-1328.38
373.498
534.911
458.048
-391.047
1373.92
-698.052
-1699.32
729.447
498.255
-434.977
-175.124
-1097.27
400.152
220.7
93.3166
-91.681
-291.736
-1122.26
538.485
592.601
-133.031
685.309
1239.89
-401.031
-726.949
863.376
-561.272
-1258.16
489.958
249.743
-587.482
836.71
-1012.51
-441.293
429.784
-1192.47
614.641
-1252.21
-30.717
377.928
-147.898
900.036
433.132
-272.194
-636.072
185.822
-559.239
-449.635
-351.957
-442.692
-276.303
1162.36
987.175
184.42
-1015.14
527.247
1177.15
-743.95
-600.692
1585.74
687.707
1127.52
979.472
-537.882
625.54
49.4737
1519.09
288.17
-1355.07
1472.48
-939.949
-1539.87
378.698
-517.901
-1326.65
512.99
843.408
-430.22
-488.715
-886.436
211.177
169.213
760.453
-1700.25
-486.404
-98.5998
259.203
167.773
-1237.58
-315.038
-363.6
-1013.89
1221.95
-1089.16
-1319.56
1151.55
-833.179
-645.52
-957.478
-860.629
437.935
926.706
-388.729
554.32
-1627.99
-1518.29
-1406.61
319.329
658.744
358.018
355.945
-271.418
-276.849
721.546
-397.825
-531.84
-1114.88
-257.486
1049.83
-265.818
558.873
6.13742
-850.7
-711.039
189.193
-1599.76
1122.96
-927.689
311.778
-478.639
22.0272
-990.896
-404.508
678.639
-601.873
1093.95
389.583
-17.3308
-919.269
-981.13
734.17
-903.981
-658.304
-249.029
-877.833
549.83
-138.736
-350.953
-1297.52
65.5046
-231.684
1422.88
43.4741
-305.136
-1850.81
1435.79
344.448
-347.988
-908.409
218.542
-1714.17
-352.939
-119.016
842.337
267.183
-490.45
157.452
553.533
-175.237
469.678
-477.495
-441.24
-382.874
-518.333
-62.5515
-797.306
268.479
-780.931
268.925
438.263
122.151
451.113
150.991
-320.414
253.86
-684.449
1050.81
-67.4843
-610.577
636.742
-266.617
-499.26
195.209
-661.357
1043.38
-1722.26
-134.671
1291.79
-861.58
-961.382
732.338
-219.882
-1025.3
-1136.94
-573.156
460.142
597.262
-771.689
427.941
-145.352
586.291
1319.9
-1376.43
386.179
685.157
650.233
-651.392
768.733
213.222
-309.339
878.968
1060.24
374.589
-284.537
495.75
-813.064
-704.037
826.867
-979.534
-1288.67
-662.673
-708.021
1136.02
392.073
-430.342
-1176.91
786.296
-924.223
-365.645
-264.13
193.176
-901.607
-511.311
-888.643
-1131.41
1103.2
7.22321
250.778
129.342
-407.122
-321.404
252.521
-543.031
524.9
229.782
-175.619
348.987
-175.157
-661.559
-908.888
-401.302
813.441
-934.107
-306.745
1825.94
-1250.76
293.06
-540.843
-646.479
-238.241
-1015.39
18.7781
144.219
-1007.22
222.839
1306.52
-27.1872
-191.27
1309.6
-515.607
-247.272
690.074
-294.787
1257.23
-1003.49
-866.945
1217.69
-697.002
561.28
812.215
1074.11
-9.87837
-112.628
-456.821
25.5141
1017.79
1267.71
-1384.31
186.19
1676.34
420.957
-95.5647
773.545
-385.566
-244.233
-1328.03
-107.434
-161.648
1379.26
-764.396
-279.897
-899.295
-605.712
-595.598
-542.411
-35.8025
-491.743
-632.201
-683.78
304.678
-760.797
-1229.81
347.352
478.999
333.622
228.752
-500.953
-507.954
752.488
662.105
1306.44
-836.84
-94.8363
1008.68
75.9048
841.48
376.684
-583.633
-123.208
1096.14
889.851
-1204.38
-1021.21
-1289.14
-1291.51
139.596
-1035.26
779.148
158.097
-78.1861
195.599
-85.9142
1686.39
736.951
204.462
-262.715
-1265.14
718.251
451.643
-800.114
268.568
889.89
750.559
-1330.64
-691.337
409.848
-765.822
-294.76
516.259
-60.1172
-965.995
1156.57
14.6906
-663.755
214.976
343.172
-912.926
-1174.27
-511.05
509.135
-848.592
-170.183
-982.677
8.54262
-979.228
290.705
420.03
-479.523
-824.699
-996.203
193.616
-727.852
-140.555
-126.966
1647.21
386.86
-1467.73
1345.85
304.572
898.109
433.262
-1199.9
-193.259
-45.4492
-65.6123
432.191
125.455
-292.077
618.59
-409.397
-763.513
294.125
-0.0235683
460.792
114.584
1024.52
-400.504
-1736.05
1532.8
-651.93
-208.629
-606.024
15.4173
-121.809
-820.582
-410.544
-292.125
-821.483
247.635
681.197
289.516
-841.552
-457.443
-765.643
-1149.17
-1052.58
714.415
-370.139
395.868
684.68
380.819
-12.7847
781.708
1744.85
643.692
-918.148
581.629
98.0117
-1380.03
721.567
-1519.66
-389.159
-195.774
-569.821
295.02
620.289
1080.17
-1678.21
-633.218
-1049.09
-548.948
-1222.62
-597.975
1445.53
540.342
-153.908
-757.869
-758.988
77.6987
-450.972
-480.026
-1540.05
1673.53
-417.051
-537.637
502.965
-1564.76
360.431
-319.159
-385.437
-561.005
-348.437
245.348
1405.81
2184.06
776.097
491.821
-379.206
-1624.81
-675.015
-1377.92
-1054.87
1755.79
1994.52
-261.251
437.189
913.013
-532.795
-874.198
-124.919
-720.377
764.032
-866.413
-982.635
1211.07
1344.64
569.884
1107
-469.608
308.449
462.135
1199.18
326.257
-119.899
926.712
-242.437
603.527
-653.451
-355.555
577.163
1558.77
-177.64
1439.58
1217.42
-1361.82
510.93
365.414
626.267
-351.357
-1028.87
-1048.96
996.404
60.4269
454.76
350.021
-439.475
128.697
-459.173
1035.53
-51.0201
-683.483
-751.2
465.152
-997.005
270.751
529.236
2029.8
-1301.32
-2.81057
524.251
-573.328
235.292
1035.33
-20.5775
606.197
-848.761
-516.806
816.19
-189.752
-557.055
-434.882
-649.432
-1331.08
719.936
-982.446
-982.695
126.881
157.858
-7.21517
-1366.13
-66.3219
-1083.49
846.745
998.031
354.38
108.102
-176.947
-1166.83
253.469
-750.865
-796.169
-182.674
168.765
215.427
228.24
-1149.78
-133.745
330.619
625.332
-93.4311
929.096
-321.231
1426.2
2053.1
341.431
-404.664
-1233.19
815.541
-821.281
819.98
-8.97642
-332.118
732.905
-1361.29
1906.63
-927.016
609.36
1328.23
-140.384
-731.332
-741.133
565.239
226.501
-441.494
383.201
490.329
584.506
294.212
1985.15
-1449.41
1273.1
380.385
-701.575
742.624
458.701
490.599
-14.2023
1375.18
346.914
-164.624
-456.155
651.747
-714.791
-1636.02
428.12
-896.391
-1159.07
-403.361
958.967
494.835
-513.739
-944.537
-1645.17
108.654
603.368
92.9238
-356.218
219.229
-676.47
-57.6246
665.537
-1011.65
-1223.22
-178.5
699.119
375.183
1206.33
114.727
352.415
-936.094
-178.174
344.604
-992.288
-747.461
-763.723
13.1306
-312.428
-1001.74
763.499
-831.315
-147.768
944.153
952.473
-976.846
1394.64
-1324.11
-741.725
-323.788
-1124.38
343.229
14.192
-1561.66
-75.7227
168.679
95.3719
-630.763
265.519
729.312
1158.58
138.064
-655.679
599.451
-1044.89
-877.853
15.9313
-470.152
-296.519
-470.439
400.743
-573.968
-1290.86
-8.12482
255.437
-92.6245
403.161
-755.553
352.431
-584.3
30.539
399.788
-72.6203
-571.801
-1088.27
892.018
336.24
-454.607
50.7706
-583.385
163.603
977.564
-524.003
307.084
-1199.61
-393.412
314.984
-213.33
600.698
-272.08
-843.687
-195.597
730.063
52.3293
131.778
-696.452
-60.6879
302.427
50.9589
1628.48
-1859.55
107.955
724.049
-680.796
-412.608
92.2072
794.994
-780.884
-675.732
-359.533
1039.93
-851.99
-1118.16
-1164.61
-718.707
161.103
159.796
-350.216
-1013.06
541.335
-1412.55
767.249
156.127
-423.395
383.735
1192.37
903.809
-848.887
-534.08
613.092
10.2548
308.246
-555.298
-300.76
440.31
-610.77
1068.99
-373.207
510.529
-433.024
104.603
826.973
-583.63
-454.055
-104.604
-45.4938
832.239
306.907
-414.172
-1247.31
-1084.68
-1270.71
-445.119
679.144
270.675
747.278
-572.27
195.44
-574.36
-1467.2
107.139
1587.66
737.988
-1037.1
88.9451
144.4
635.884
-301.639
-103.339
-1466.9
-573.811
343.881
-1523.61
158.117
-14.5083
3.84066
324.072
-122.757
1253.91
-1571.69
1958.13
-271.342
-1332.04
1613.43
46.2409
-271.827
52.412
333.915
141.858
-510.742
-843.894
722.239
-381.856
5.54382
-593.159
-62.7311
-1005.35
433.558
-463.304
-601.669
372.414
-130.13
-932.369
263.877
-23.7137
-684.635
700.638
-87.754
-487.166
1473.29
539.845
256.613
-498.843
-566.694
-672.56
-332.882
803.588
550.879
-487.368
-196.468
-35.1499
-316.994
56.0624
-206.31
-692.766
224.676
1020.67
130.28
1522.39
503.096
-642.333
-291.351
235.824
-200.402
927.077
1091.51
-501.596
188.07
-379.795
24.3251
-865.478
783.371
89.9618
1401.43
731.944
16.16
-444.874
501.329
318.725
-766.328
886.653
19.6696
70.1482
1006.92
904.672
-170.157
-167.606
852.447
235.436
-756.073
401.11
46.2581
-580.022
-640.681
205.464
1253.13
615.248
-497.204
112.787
-633.713
-855.979
-617.839
640.855
418.355
-906.146
191.198
31.6253
1528.08
25.2676
-228.792
-123.2
62.1601
1511.72
1209.04
442.977
-1603.64
-310.927
582.118
1761.3
320.155
175.21
-1039.95
-63.4497
-184.688
-933.265
-1068.17
-89.2838
-416.201
-13.7466
101.341
956.25
1486.06
-1243.06
371.424
-1978.66
-1086.26
-344.332
294.691
1422.3
946.638
-489.349
143.531
1099.98
512.436
573.919
-424.626
-232.445
274.291
603.979
-416.419
-481.822
-622.614
-376.404
-1603.18
388.591
61.8673
-443.985
-100.752
1689.17
-374.113
-811.247
-3.54506
1162.96
465.721
156.022
-985.267
-246.828
-1085.65
1.49377
-1118.3
149.015
302.615
-1623.47
502.797
186.243
-506.539
-348.023
-219.963
-38.2044
-649.398
-171.686
839.286
-846.246
-154.947
779.968
542.618
464.11
1036.4
60.2197
621.771
-634.066
647.118
-481.227
-770.783
-40.9079
-98.9603
-718.138
845.62
-835.175
207.324
1653.56
1176.18
-102.76
174.141
-662.102
733.005
892.936
47.3149
-755.614
501.763
193.969
-898.947
-963.602
-1304.61
945.89
570.305
-450.62
415.203
-412.703
56.7412
-807.747
569.784
-872.768
93.9395
377.489
958.346
993.769
832.862
201.398
-620.216
926.767
357.62
274.726
672.322
-472.683
-25.7759
1197.34
-295.765
-1291.02
-741.32
9.28583
501.502
210.199
-36.6319
-37.7878
-672.738
-1104.82
257.41
-1440.3
-172.667
1088.72
587.97
1370.06
-662.871
12.0556
57.2502
-36.3909
-951.508
836.097
-997.231
957.578
-14.3993
-1084.59
1063.67
-354.596
316.466
272.085
-2004.99
-1584.94
-129.997
-196.812
557.44
935.422
23.8356
329.375
567.556
-165.849
713.196
-228.548
1010.6
-1234.2
343.027
-451.428
160.936
111.046
-286.332
-49.0601
-21.241
337.263
-1590.73
534.498
-250.823
114.663
1408.17
526.073
-368.125
-1649.24
-206.555
-728.884
1469.38
-138.906
-1545.47
-117.134
834.141
-260.76
953.664
947.078
1136.59
-246.592
-1558.24
621.647
