-282.408
628.472
-644.387
-1181.53
-769.008
-151.055
31.0644
1516.94
634.56
-59.6557
246.743
347.576
169.606
1206.67
-404.809
-324.202
-1097.4
-986.88
119.549
688.236
1154.54
-517.734
129.583
-228.878
705.105
-501.708
203.829
1379.73
-131.298
-335.606
-146.686
131.996
-1464.58
736.337
748.684
-863.285
-198.982
-189.677
666.623
-1226.92
-105.286
972.87
-91.0121
765.357
462.622
-218.671
945.219
140.647
447.461
344.674
318.46
1022.14
-315.741
-514.077
199.583
506.664
388.324
419.413
-35.2709
661.528
-198.958
-320.548
-90.2114
1194.77
-263.718
1637.41
475.578
280.781
-182.601
623.232
370.37
349.069
-706.677
762.032
681.172
1079.23
-483.932
395.916
-279.841
1015.73
-636.383
-1494.6
1013.97
-637.91
472.132
1040.95
-539.066
770.707
770.037
277.708
-353.758
287.07
-233.602
941.089
703.498
-713.048
1193.15
-9.88509
-1207.12
993.957
427.086
476.383
-212.709
371.756
86.9695
1210.1
-783.18
591.506
-435.045
2352.73
986.695
-1347.38
604.689
321.017
52.5347
-182.735
629.931
216.871
-440.339
-430.627
79.5951
538.047
-152.893
9.70951
-583.338
1297.74
1531.25
-1106.96
232.601
109.612
-932.706
861.645
-277.55
678.321
-552.944
-362.737
926.781
1129.83
-297.894
-545
-196.776
692.13
-992.326
-672.885
-28.5144
-1145.98
-835.897
-188.799
-295.919
-494.25
-219.079
513.399
893.483
-350.323
-171.777
644.015
-843.444
-113.538
-558.949
351.921
-946.224
-554.508
157.015
1075.03
-627.558
1962.57
15.4507
1236.96
104.104
647.11
-1201.03
-46.2002
787.773
1785.59
-806.357
574.782
825.454
903.985
1269.13
-340.309
-1412.84
638.088
299.044
122.179
658.403
831.378
-601.896
-383.076
-623.89
-1475.69
324.121
-278.589
2069.61
654.973
-1550.5
1016.12
-422.518
559.192
29.8672
1069.16
-154.976
406.085
393.005
-606.272
774.634
1053.14
2016.82
586.475
-1534.67
1096.85
-906.386
202.482
-2.74048
-1137.63
-327.977
47.2918
62.8122
202.831
-394.261
1280.47
1607.29
-1220.01
925.444
-1127.9
1004.29
825.813
-347.52
340.57
1053.36
466.387
292.105
129.399
-450.068
737.988
-434.94
902.243
-609.333
-1318.67
343.706
-1045.94
-455.373
366.539
515.982
812.469
1426.23
231.755
1184.95
787.987
1372.93
161.146
63.5013
-1210.4
843.89
976.428
-385.396
-471.377
-1213.2
285.92
-212.693
661.088
513.609
-698.429
1018.1
-540.24
-44.0784
-719.636
149.193
1039.58
1021.57
360.563
478.578
219.53
-158.011
1674.77
237.037
-317.854
-118.098
-648.826
1127.98
-561.97
190.314
475.116
1411.07
350.592
-613.872
23.537
-15.1971
-112.931
-502.673
90.4292
-603.432
1162.29
526.766
-225.178
407.829
-1353.76
516.104
441.663
1011.17
-1037.05
-322.286
1240.82
710.136
-1351.48
462.717
-570.857
-577.186
-298.29
-665.107
-1108.27
1672.07
139.066
-124.996
480.486
304.974
-13.8594
1269.38
-833.704
-1124.27
-636.182
-165.139
399.697
137.672
557.184
-725.786
-582.408
-136.33
945.977
-1375.87
992.021
1385.91
-110.731
1706.41
912.283
213.997
699.527
376.385
713.121
-672.284
62.2109
-823.144
259.902
-161.382
-92.6411
-934.512
728.767
-483.528
1852
-521.02
307.325
1570.05
442.906
1445.38
-654.892
1199.43
577.049
-737.662
331.48
146.62
-9.60362
-516.188
-779.523
760.485
-281.502
1326.64
-1317.16
584.671
-76.598
8.48507
-84.0998
-846.522
-1208.22
-563.475
1667.22
-196.479
-226.476
857.542
683.243
1063.91
314.086
1059.68
-1231.34
-38.1161
-7.86533
815.177
99.086
1430.54
1145.07
1151.06
1920.24
940.916
754.672
148.788
549.648
915.169
-302.505
119.765
-546.612
-276.087
7.49333
551.921
-56.5731
-1946.76
263.752
59.3727
-982.457
-6.05934
192.085
52.3383
48.5118
381.693
540.996
33.8162
-1114.05
-346.288
34.2274
-791.104
-87.1485
302.345
318.981
862.511
-424.389
154.08
-290.481
-646.164
406.495
-80.4532
524.365
703.099
-1058.56
552.262
1614.56
-1097.82
-136.635
709.391
724.068
1362.02
152.601
559.084
80.4617
1285.28
523.087
238.662
-618.371
-254.738
331.634
246.532
-592.878
-189.572
-353.086
-117.833
-1290.49
433.95
1775.64
-1424.09
1522.42
214.514
-78.3729
627.587
672.456
29.2461
168.392
692.046
806.523
-528.361
1277.28
848.698
700.872
1315.14
-1252.18
622.896
2019.98
-1143
1314.68
1417.47
-185.133
1514.35
-372.646
-411.942
-1542.21
381.145
370.816
553.815
-665.985
-116.481
-492.505
-1800.15
-58.7111
690.6
229.518
-540.47
1315.17
-1190.76
-46.471
160.882
-317.205
1188.07
1026.73
1773.01
-745.228
-421.708
248.778
1634.05
466.327
917.714
488.7
1043.43
519.527
-353.566
-556.161
-801.397
-1541.1
493.3
-577.918
-802.022
-177.645
729.07
-195.177
-197.466
-788.034
759.41
-292.615
788.935
-308.224
848.614
280.846
851.182
-409.747
-460.97
518.081
-122.718
160.032
-760.149
503.683
21.5667
134.543
-159.651
1132.04
131.842
1987.53
-26.3839
876.95
-156.123
-664.078
1684.12
175.505
-370.521
-1136.46
-708.304
506.907
-1574.47
1734.46
914.305
305.981
-1237.94
174.93
-567.785
-741.645
389.895
1606.6
2.41718
-708.233
1085.33
-792.086
1289.79
1312.87
936.086
-918.094
228.762
479.599
1126.22
388.338
1012.53
1171.32
-366.736
642.374
1032.71
275.516
190.705
613.727
-1238.87
344.92
-978.366
580.146
174.301
122.221
-415.627
276.027
191.664
1296.46
-436.345
735.106
-963.276
-823.374
483.878
131.606
121.583
2333.05
-913.87
-318.745
748.01
149.727
282.44
913.4
-371.84
618.911
-58.057
-843.679
-102.392
1213.04
1415.92
-177.799
1713.27
-112.383
-907.808
907.684
-569.144
-155.978
413.912
356.157
403.844
1461.76
-409.519
794.473
-168.978
1180.8
1065.3
261.171
-1353.16
423.405
7.45569
19.0944
603.012
971.885
-166.182
1235.74
-723.539
822.806
-282.114
-308.222
-1719.52
-819.714
285.648
-660.787
857.821
-961.844
-59.3996
-543.508
478.747
-570.404
-698.401
-145.281
722.56
883.319
-555.436
913.446
1269.82
-101.509
-322.237
-865.316
-16.1407
-551.332
208.964
-297.509
-603.291
337.677
1770.11
-466.572
-146.029
-1147.4
1120.34
719.328
266.88
-1170.62
1183.97
113.312
95.9425
-714.872
-796.438
1655.13
394.584
1513.5
-62.7575
-68.4824
-1255.39
764.276
-578.177
1045.99
-573.514
-42.4827
-819.852
1493.66
550.041
-620.382
389.308
482.244
-922.089
311.611
-480.215
-528.497
-159.603
1459.52
-0.137198
-37.1732
1469.33
-712.629
-412.065
-303.237
-37.6876
689.5
603.996
-259.56
1617.36
-1068.85
337.595
1299.4
-423.159
-724.173
953.551
-710.119
1078.48
406.138
-594.489
990.295
42.8863
1376.36
1654.92
1470.51
564.052
50.1041
586.378
94.0909
218.835
1703.6
1498.41
1038.61
-1257.93
-1612.68
2155.04
380.527
889.796
-630.299
-512.999
-520.575
-859.535
-4.7533
605.052
-366.488
-531.014
108.1
484.965
612.272
-697.49
-1532.57
-253.587
-1841.78
808.643
-835.606
350.362
203.068
64.5423
59.2198
-963.298
78.6345
346.122
307.117
1314.28
1475.66
386.196
640.049
-34.0462
446.216
-315.681
147.836
1625.99
439.824
-144.329
720.595
-366.459
-1913.5
1234.21
1025.45
259.752
-698.946
-1192.92
-1108.52
504.999
-811.843
-726.56
-219.945
-233.783
-403.329
104.656
-511.885
425.745
-121.448
-307.297
-1248.8
1156.68
712.378
1231.5
989.268
540.19
570.057
-447.691
886.545
922.654
2060.08
880.572
412.544
-414.126
795.975
654.465
-855.821
628.32
-1104.67
-277.847
656.242
720.313
-23.4479
391.985
571.753
-648.156
-387.383
133.716
116.577
481.568
420.205
766.297
221.416
290.639
-171.622
-340.027
357.494
-767.191
63.5612
-888.48
735.857
-383.23
-388.322
-550.41
1070.72
-347.993
126.419
1279.58
368.919
-692.216
188.375
173.293
-259.806
25.0297
-12.7192
224.396
-344.319
-69.417
-41.6349
-596.809
548.597
-324.213
-340.84
910.79
159.611
380.826
454.25
-792.106
710.45
-2016.45
1647.13
23.2144
-187.534
289.2
-785.917
-1581.26
-357.607
27.1387
416.616
-106.56
712.674
-690.57
-1091.98
-276.658
739.351
-18.1903
139.26
-153.21
-1507.95
-1051.68
1243.16
2175.02
112.321
-175.514
1001.16
1448.95
-388.723
-120.646
96.3363
915.146
-1294.7
-733.556
-1315.58
1265.36
-653.988
-51.5545
-721.346
126.011
-661.304
-1266.83
-725.574
-724.39
818.646
353.573
505.792
401.519
527.395
-589.509
-125.865
-189.524
-562.784
577.402
-1541.74
1288.61
-1193.84
1307.8
-497.658
408.013
104.414
1039.56
698.258
762.981
-1346.36
-244.016
-402.964
-1103.35
289.25
-111.022
337.655
217.51
391.856
-450.185
443.885
-1250.61
191.522
811.759
875.984
-110.855
823.748
253.699
