-1224.77
-653.781
-1724.6
-213.335
485.519
868.432
-796.168
-1390.27
-33.0025
-276.429
158.398
-380.464
-1764.81
-16.2029
792.318
635.492
586.088
313.398
146.286
1017.06
333.658
-482.246
-95.6111
509.421
-557.451
-1024.77
-962.6
635.639
-120.02
-1025.93
-1273.84
-206.848
984.697
656.219
766.963
17.6685
296.822
1175.13
977.647
-1327.09
-734.476
40.2824
137.257
-929.898
-305.866
-580.108
-11.9371
424.026
273.052
811.029
-401.479
-427.645
-1402.97
-243.676
598.058
-1158.58
-429.594
780.979
719.734
-714.913
1229.3
1500.78
684.013
1185.3
62.4906
487.903
-402.635
624.94
849.093
473.816
519.147
-684
722.993
-297.702
196.33
982.953
903.108
692.416
-1883.4
957.756
-486.721
-147.935
890.429
-1727.48
-499.634
254.458
784.323
1587.62
286.346
1028.21
345.365
-565.038
164.119
-937.135
-466.828
-831.199
124.737
-166.666
-516.637
141.793
448.504
-583.017
-689.134
889.066
136.127
1136.34
745.564
-918.112
961.386
378.952
54.1098
-510.646
-120.034
1550.15
689.563
1489.11
-2049.33
-797.133
794.508
931.277
1179.38
-727.182
-375.445
173.438
1085.94
-262.533
161.866
-529.32
1477.77
-28.9996
807.616
126.378
-952.709
-608.182
1552.86
-752.632
334.101
-987.562
-703.734
-1004.68
1276.56
-204.475
1142.58
460.292
-71.2825
559.719
-799.543
-1309.13
1266.24
-487.172
-445.219
517.6
-567.218
-433.819
507.826
118.86
-1197.04
710.752
283.286
1016.62
-443.001
298.498
-284.346
262.306
899.483
478.414
-312.242
387.683
372.997
-41.7172
1212.27
-638.01
-454.133
868.622
81.6749
1249.17
-1736.43
316.175
695.124
-1413.49
463.183
-861.678
110.418
62.831
424.665
-1332.13
-500.843
85.3007
-179.641
-1030.03
1520.7
609.683
-1257.45
-66.007
1040.86
-517.788
-1492.69
-565.08
911.487
56.2861
216.767
556.25
367.472
-1041.74
-151.897
545.446
-469.952
877.092
384.256
413.318
622.132
988.963
1823.12
-865.387
413.278
487.45
-115.889
-955.232
15.1323
742.25
1408.24
-9.93649
233.571
679.635
-37.9391
63.5916
548.019
-629.549
878.02
-1087.37
1180.69
296.78
377.343
-1079.08
-727.011
229.308
29.9029
1161.62
642.778
-1403.27
-670.406
742.352
1627.58
-381.335
-515.142
127.573
193.841
-1251.32
-21.7818
-67.3289
770.033
-226.034
679.93
493.874
553.732
-481.128
-695.837
44.0888
-1324.65
-190.541
-358.969
660.983
864.163
-711.862
360.394
122.63
-1218.71
1819.56
1785.06
573.791
13.0643
1270.48
-1048.93
586.477
-318.174
126.568
-573.215
223.249
-519.166
-146.43
1145.4
-973.444
-247.369
-683.275
925.405
809.089
32.8434
-900.091
-553.86
-284.171
148.009
162.302
-807.243
908.437
829.989
-369.562
113.178
1085.47
-311.254
-435.571
7.24709
464.148
-1000.1
-453.511
993.887
-151.238
-609.608
-992.867
-326.687
146.038
443.904
1172.08
-179.765
51.6061
-41.2919
-1717.58
-1317.66
-469.773
693.121
-287.355
-1948.08
1605.76
-148.957
953.286
1324.51
-182.357
751.944
402.904
147.015
-294.601
-307.947
-998.376
25.1746
852.829
1831.21
-425.75
-619.884
1193.4
597.335
533.529
266.831
-432.283
-376.856
-1119.85
-320.504
-1453.73
138.14
-80.9526
650.607
97.0201
1015.09
894.448
-354.437
887.351
271.567
-330.797
-522.027
-712.77
653.107
-296.417
-505.705
-803.261
-246.435
-1155.52
522.405
-281.946
1285.8
-421.189
745.392
1044.05
-823.639
389.879
-982.437
-339.554
1084.92
-538.559
1678.57
-539.348
829.967
276.913
268.597
-473.864
-178.83
-351.706
442.953
413.937
-625.215
-743.45
580.979
-6.94366
-615.415
-549.951
382.796
1239.84
119.565
-156.965
-449.284
988.937
1844.46
-369.781
358.652
-502.076
-1569.04
869.651
-886.607
1383.09
889.346
317.597
-909.12
-574.78
-405.503
-367.572
-1035.62
35.9696
331.19
-93.0726
1033.07
851.321
1625.13
-864.377
1730.75
520.781
-82.5179
1032.58
1077.61
-271.095
473.205
1539.17
212.007
-1183.21
630.339
-769.499
460.535
-1135.22
1506.22
577.229
220.302
-1195.75
2.05029
216.061
1803.43
829.173
-469.119
1261.82
26.5218
1026.87
-955.457
305.583
645.218
413.492
-96.9824
-827.431
42.3369
4.39931
124.941
-785.054
-888.448
499.826
-252.424
-365.924
-756.428
-953.726
923.699
613.912
-943.785
-352.322
-328.823
596.157
-1388.33
127.478
167.507
-1248.42
-653.795
-962.239
169.785
1940.99
930.122
-807.005
518.156
779.935
-1808.13
631.119
-1101.8
-887.032
300.98
1477.21
-171.644
132.777
-367.775
-409.025
-123.88
-162.562
-411.258
74.3827
-1187.28
-1141.89
763.457
1802.39
534.309
763.977
-7.98399
-1599.1
-841.166
1712.3
367.021
-402.44
-1118.04
819.972
-185.714
868.692
-615.829
1331.64
-1724.68
-510.158
690.273
-846.416
-441.917
946.653
587.962
130.249
-1703.54
-879.612
42.6998
684.732
-1390.01
-422.54
-1269.56
-743.508
1312.55
991.393
-1131.62
565.046
-1598.84
-471.994
1918.37
172.901
62.6928
-48.9826
-823.429
-889.501
631.44
-967.985
-64.726
-196.852
474.915
288.164
-619.565
258.534
180.783
382.205
-701.892
323.562
-252.9
1467.12
55.5083
1480.59
-360.021
303.906
67.24
426.322
1873.21
-443.209
294.677
-268.335
-80.2452
426.041
-1414.21
302.51
114.257
-1023.85
984.756
-162.78
-1006.36
965.857
-158.973
374.809
1476.56
-636.265
698.418
1255.04
1685.44
-575.586
268.884
166.755
-937.864
552.026
-209.115
394.876
162.899
-461.687
-364.293
-625.219
479.873
1376.84
411.164
-288.359
426.381
-240.528
420.949
327.192
67.1807
-504.82
-457.229
-896.531
535.844
1124.29
-795.492
-792.781
321.052
-1263.92
-1763.55
-243.656
-106.136
228.654
-121.949
-339.055
1111.62
-389.632
-854.09
46.3129
933.453
894.473
-918.008
1744.2
418.168
201.424
-667.53
-1184.58
57.5306
-634.828
86.8438
342.446
1289.3
1149.19
227.671
-494.644
654.008
-105.305
135.124
719.719
21.5556
-286.28
-538.345
244.302
790.883
673.067
828.261
-589.133
807.771
-140.029
1591.63
154.55
-576.767
-1654.85
-544.566
225.139
-151.636
86.6809
-515.259
-490.885
-170.988
-1822.7
1155.78
-322.809
74.8014
205.756
259.31
75.5701
643.615
-313.48
-359.415
650.693
1528.82
-874.431
759.488
-566.424
-985.927
-1209.56
-123.586
-15.6379
544.802
-162.005
1070.38
471.803
-180.456
-1363.54
589.236
386.88
986.948
353.735
860.463
148.49
764.206
-150.026
-86.8934
-975.649
-459.371
-1208.14
453.949
889.151
413.388
359.16
-257.003
-210.433
-615.835
-243.097
626.705
-433.662
388.318
-767.15
213.016
254.362
768.689
266.511
487.757
274.014
-663.451
-1924.55
-1332.35
481.008
-1378.44
-345.144
-22.6752
-265.067
534.387
144.747
1319.93
1201.96
572.633
-231.626
-192.01
-1204.17
-1609.48
1398.75
717.742
227.572
1681.77
208.878
312.652
311.871
-205.646
396.738
-63.3839
-208.418
-330.175
-501.014
-508.618
-1071.98
787.566
1547.25
610.045
-858.361
-1213.75
-232.074
469.755
-741.13
421.356
845.389
1998.17
333.401
-194.269
-32.8365
262.032
-727.894
-94.8676
360.454
1175.03
-671.303
979.97
-842.911
-505.729
-910.543
-174.326
75.8726
-490.858
126.336
806.661
363.943
1387.22
1493.01
-528.423
-472.174
-609.891
-483.123
-425.225
-89.9338
-1240.12
848.68
836.619
974.736
-533.701
16.2008
-213.348
656.858
-466.843
-1400.95
-1300.45
761.165
-417.626
-239.997
588.193
313.986
-677.625
-1548.76
1482.52
2243.07
-341.953
687.691
-876.518
565.083
-15.1681
-233.871
-21.1662
-1306.87
-1655.94
-959.345
627.748
-1197.54
945.148
-1534.96
750.717
1067.75
631.357
76.2488
-58.3417
84.9334
-32.5134
336.183
-1002.68
-685.813
-141.109
-33.6069
1615.67
-857.063
255.815
-175.054
-1.32781
1545.66
-1326.47
374.912
534.185
456.616
-391.688
1376.1
-701.495
-1700.23
725.311
501.209
-436.276
-176.357
-1099.59
401.387
220.142
94.4196
-93.339
-289.053
-1122.94
533.439
591.231
-136.306
685.161
1237.84
-397.549
-725.127
865.725
-566.283
-1255.82
486.205
246.927
-589.57
832.603
-1015.1
-438.95
433.711
-1194.44
614.125
-1251.15
-34.5216
377.244
-150.726
899.202
432.402
-273.872
-637.403
181.806
-562.722
-449.513
-348.315
-444.873
-281.255
1160.17
983.785
181.235
-1018.57
523.463
1175.43
-745.776
-598.993
1584.35
687.142
1126.14
982.472
-542.058
625.105
46.0608
1514.98
284.327
-1357.13
1471.67
-944.123
-1541.82
374.659
-515.607
-1329.38
516.702
847.428
-426.578
-493.006
-888.395
208.031
167.135
759.755
-1700.76
-485.893
-98.5157
254.212
166.929
-1239.61
-316.419
-364.119
-1010.83
1218.65
-1091.71
-1317.76
1147.33
-833.728
-648.936
-958.254
-864.687
433.381
925.282
-390.143
551.061
-1630.86
-1520.25
-1407.19
322.435
657.269
358.733
351.397
-276.362
-279.568
717.513
-401.086
-536.119
-1112.71
-259.53
1052.17
-269.411
555.777
9.98745
-852.159
-707.52
185.634
-1595.87
1126.8
-929.157
309.954
-481.291
25.3833
-992.762
-406.019
673.644
-598.106
1093.2
385.478
-18.2005
-917.642
-983.143
731.992
-904.745
-659.764
-250.46
-878.403
546.396
-135.217
-350.278
-1299.02
65.8701
-234.093
1418.79
42.8321
-306.709
-1852.18
1431.56
344.222
-352.954
-909.122
216.588
-1717.58
-356.379
-123.252
840.142
263.325
-493.495
153.9
551.613
-179.057
467.524
-479.159
-445.352
-382.946
-516.313
-66.444
-801.319
267.075
-777.489
267.345
435.302
118.711
455.104
147.81
-320.883
253.191
-689.502
1047.74
-72.5233
-612.971
631.733
-266.35
-501.337
199.059
-659.293
1041.59
-1723.11
-136.115
1288.56
-863.579
-964.782
728.169
-224.836
-1026.11
-1137.86
-574.002
462.567
598.663
-775.623
428.977
-144.117
585.565
1323.79
-1380.23
385.128
682.342
645.95
-653.97
766.689
210.629
-305.373
876.822
1057.68
372.387
-287.426
493.6
-814.282
-705.68
824.739
-983.261
-1289.14
-663.438
-710.854
1134.69
389.762
-429.239
-1180.88
789.879
-929.222
-367.002
-266.652
190.553
-904.956
-512.235
-890.631
-1135.38
1102.36
5.05056
251.267
124.395
-408.042
-324.296
249.387
-545.224
522.567
229.174
-175.72
344.164
-176.544
-664.739
-912.03
-397.538
812.031
-936.437
-304.832
1827.42
-1252.8
289.284
-543.1
-649.343
-242.446
-1019.26
16.1125
142.659
-1009.41
226.142
1303.2
-29.1074
-191.726
1307.23
-519.76
-249.242
687.447
-298.939
1256.74
-1004.34
-867.812
1221.73
-702.045
560.82
808.987
1071.56
-8.2676
-113.352
-456.711
23.4448
1013.55
1271.35
-1388.92
182.93
1671.32
417.884
-100.621
777.52
-386.341
-247.169
-1330.24
-108.362
-163.529
1376.57
-766.433
-283.732
-901.312
-607.102
-591.743
-545.211
-40.8517
-494.622
-632.741
-685.612
302.56
-761.419
-1234.84
345.114
476.131
333.037
226.982
-501.507
-509.694
747.485
660.73
1309.38
-840.016
-97.2308
1008.25
74.7306
840.893
374.895
-584.302
-126.748
1092.53
886.922
-1205.53
-1023.14
-1289.81
-1293.94
137.572
-1037.16
776.973
157.258
-80.9195
190.551
-88.0999
1685.74
736.344
202.405
-266.843
-1269.34
713.272
448.922
-800.959
265.119
889.234
748.949
-1331.29
-694.826
407.304
-768.033
-290.882
514.79
-62.3815
-969.287
1153.84
13.9953
-665.671
211.779
339.32
-917.922
-1176.9
-514.212
508.704
-849.517
-172.458
-985.716
8.20116
-982.596
-693.238
289.656
418.99
-482.82
-826.194
-996.836
197.287
-730.067
-141.218
-130.269
1646.72
385.513
-1468.58
1342.6
303.169
894.406
429.984
-1202.4
-195.963
-44.1599
-66.9283
431.612
121.429
-292.701
617.482
-411.561
-767.792
292.066
-0.642185
460.198
118.175
1020.32
-401.89
-1736.64
1534.13
-652.675
-212.11
-609.926
18.2418
-122.544
-823.506
-412.494
-297.183
-825.664
242.618
682.726
285.603
-845.782
-460.65
-768.733
-1148.01
-1053.04
713.835
-370.803
392.732
683.884
381.353
-14.1078
780.364
1740.9
643.044
-922.05
585.196
97.2529
-1383.39
718.447
-1523.79
-391.292
-199.639
-574.795
294.358
618.476
1078.46
-1681.55
-636.22
-1050.35
-548.904
-1219.27
-595.245
1444.98
538.683
-156.996
-758.686
-763.214
76.4031
-451.705
-480.854
-1541.58
1673.02
-417.89
-539.723
502.133
-1566.39
358.328
-322.034
-389.129
-562.972
-350.579
240.364
1405.14
2182.02
772.02
490.176
-375.909
-1627.49
-675.616
-1382.72
-1051.55
1754.36
1992.47
-265.332
432.221
910.212
-531.786
-871.421
-125.691
-725.411
762.016
-871.415
-985.023
1211.55
1342.5
571.653
1104.42
-472.005
305.017
457.638
1195.92
323.416
-115.85
923.552
-239.859
606.542
-654.807
-360.57
576.242
1554.02
-180.118
1439.09
1214.96
509.075
361.457
623.826
-354.47
-1029.51
-1051.47
993.843
56.5077
455.952
347.085
-442.847
127.322
-458.638
1034.64
-52.4669
-679.394
-754.248
463.142
-1000.15
273.18
533.034
2029.6
-1304.64
-3.34149
523.575
-573.908
237.601
1032.93
-16.7063
607.942
-851.861
-520.115
814.895
-191.181
-558.206
-437.266
-652.565
-1329.13
716.593
-979.427
-979.226
130.559
156.428
-12.225
-1369.26
-70.3297
-1085.35
845.321
996.258
352.385
103.861
-179.637
-1166.56
250.303
-755.886
-801.2
-186.034
169.257
213.875
223.191
-1151.57
-134.174
328.252
622.584
-95.3877
925.716
-318.368
1425.4
2049.79
339.29
-404.79
-1234.47
817.139
-824.217
818.114
-12.4473
-332.602
735.162
-1363.6
1906.49
-928.44
606.365
1326.7
-144.779
-727.496
-743.514
561.5
229.311
-443.479
380.086
488.191
579.516
290.92
1980.97
-1447.32
1270.92
383.828
-697.688
739.507
456.123
492.748
-18.5922
1373.15
344.832
-161.723
-459.386
651.277
-718.261
-1633.21
426.171
-894.629
-1162.1
-408.154
962.727
490.674
-517.915
-945.108
-1641.99
105.499
601.665
90.7406
-359.477
217.792
-679.541
-59.9349
664.257
-1015.94
-1225.46
-180.846
695.852
371.233
1207.38
113.342
350.804
-935.075
-178.927
344.011
-996.374
-749.795
-764.34
8.39763
-314.562
-1006.8
762.618
-836.348
-151.746
943.236
948.19
-979.493
1393.99
-1329.09
-745.116
-327.136
-1124.85
347.227
13.6447
-1563.59
-78.5782
170.959
95.7884
-634.284
261.787
728.507
1157.99
136.744
-656.338
596.437
-1046.24
-881.462
17.0373
-471.164
-300.796
-472.541
397.989
-571.338
-1293
-5.61966
253.13
-92.2571
398.207
-757.595
348.206
-584.432
33.1946
399.194
-77.6243
-574.715
-1091.12
889.897
339.742
-451.391
48.2084
-587.638
165.969
976.128
-521.454
305.295
-1201.84
-396.859
312.982
-214.772
599.776
-273.83
-844.569
-199.462
729.165
47.3616
126.72
-693.79
-64.2451
300.466
48.1537
1630.79
-1863.21
107.333
722.168
-681.554
-417.366
89.1651
796.836
-783.9
-673.47
-361.207
1035.75
-853.976
-1119.34
-1168.67
-722.841
157.943
156.792
-350.854
-1014.49
538.301
-1417.56
765.066
154.488
-424.118
381.447
1187.38
900.496
-846.128
-537.866
612.596
7.46191
306.303
-557.066
-300.475
436.165
-615.814
1065.23
-370.054
509.507
-429.682
103.923
830.552
-588.676
-450.68
-105.207
-45.736
828.993
304.423
-415.795
-1251.65
-1085.22
-1274.52
-442.027
678.709
272.841
744.292
-574.433
191.11
-577.501
-1468.58
103.076
1584.49
734.997
-1040.17
87.4819
143.649
630.838
-304.186
-106.243
-1463.11
-575.154
342.905
-1526.77
155.078
-15.8095
-0.449782
322.109
-126.889
1249.92
-1576.68
1961.57
-273.959
-1337.09
1611.3
42.438
-270.985
50.4358
332.063
141.221
-513.79
-843.131
721.518
-378.691
2.40667
-596.318
-65.2451
-1009.47
432.467
-465.347
-603.929
371.562
-132.062
-937.366
262.962
-24.4617
-688.003
696.41
-90.8268
-491.37
1471.18
538.651
254.762
-496.632
-571.642
-673.208
-335.366
801.395
551.902
-490.214
-198.936
-38.5991
-317.631
56.7292
-207.179
-693.538
224.11
1016.4
130.459
1517.36
501.32
-640.539
-296.402
234.14
-199.311
925.921
1087.98
-503.689
184.385
-381.84
19.3004
-868.183
782.587
86.1251
1404.8
728.684
13.0818
-446.865
499.602
318.1
-766.845
886.228
18.286
71.8434
1004.95
901.902
-173.077
-170.338
853.614
234.016
-759.257
397.495
42.1792
-583.143
-643.618
204.731
1252.57
611.682
-497.673
112.075
-636.989
-856.569
-619.142
640.409
415.165
-908.276
190.214
33.206
1530.22
26.5217
-229.089
-123.684
57.8942
1507.85
1205.04
440.995
-1601.42
-313.181
579.897
1756.36
318.194
174.605
-1041.22
-65.8697
-186.467
-938.225
-1071.57
-91.8255
-419.868
-17.6366
98.0752
955.489
1482.2
-1243.88
371.561
-1980.99
-1090.14
-345.155
291.345
1420.84
945.281
-490.231
139.908
1096.56
515.848
577.998
-1944.11
-428.834
-233.105
271.413
603.413
-418.239
-477.89
-623.366
-380.313
-1606.61
387.335
59.2902
-447.082
-103.214
1684.97
-377.97
-812.89
-1.93512
1161.22
461.618
-1186.59
152.878
-988.292
-247.629
-1087.63
-0.461196
-1119.09
145.93
302.039
-1626.44
501.458
189.237
-511.512
-347.183
-222.645
-41.2428
-652.309
-174.182
838.394
-848.274
-156.379
779.074
537.652
462.227
1032.47
55.27
625.568
-639.106
645.547
-484.602
-772.262
-43.8383
-101.091
-720.962
841.54
-838.969
204.432
1651.87
1178.91
-104.1
171.801
-661.867
732.201
890.973
43.1172
-755.228
504.049
193.198
-899.652
-965.999
-1306.05
948.13
565.308
-453.217
413.314
-416.603
59.2444
-811.705
572.079
-875.613
90.754
377.173
957.924
989.898
834.835
199.808
-621.751
922.749
355.414
274.609
669.045
-476.834
-29.1758
1196.77
-299.133
-1294.31
-742.456
12.8432
500.852
209.869
-38.8411
-42.0176
-668.967
-1108.01
254.373
-1441.75
-173.588
1090.69
368.364
583.785
1365.02
-664.927
8.95174
56.6516
-37.7168
-950.027
833.003
-999.234
957.025
-14.5788
-1085.06
1061.46
-356.372
313.095
270.673
-2005.7
-1585.6
-131.964
-199.011
560.157
932.498
23.0212
330.362
565.696
-169.987
710.016
-230.517
1014.4
-1238.15
342.614
-454.882
155.94
107.762
-290.264
-51.7252
-25.5096
333.752
-1591.23
530.278
-246.838
118.347
1404.05
525.451
-371.308
-1651.07
-207.316
-731.994
-141.735
-1547.48
-122.09
831.057
-263.397
950.246
946.283
1131.56
-249.064
-1559.09
624.978
