-140.916
741.718
-551.655
-1065.8
-668.172
-32.9518
99.272
1685.18
715.993
83.9325
410.834
435.768
256.259
1374.02
-317.028
-216.829
-1017.36
-905.522
255.032
761.398
1267.86
-411.148
217.202
-157.422
807.92
-353.757
334.948
1480.31
-57.6255
-225.586
-30.2471
227.857
-1302.74
806.242
899.552
-795.571
-37.1936
-70.8641
764.401
-1158.62
-18.2228
1073.36
66.6677
889.201
576.28
-144.936
1059.24
255.941
532.837
520.291
415.598
1168.54
-152.111
-355.557
268.095
601.422
489.414
593.286
46.0683
790.305
-123.154
-253.204
21.6189
1306.74
-88.8424
1776.29
635.218
362.649
-62.039
695.522
442.388
509.746
-538.2
931.091
784.263
1222.28
-408.326
570.686
-147.547
1136.63
-526.182
-1363.73
1114.27
-570.424
647.059
1106.95
-453.26
940.518
902.848
364.017
-274.314
367.143
-154.327
1092.11
784.278
-554.274
1356.62
55.1747
-1065.39
1155.94
597.154
598.547
-77.6982
537.279
182.971
1288.55
-710.088
680.915
-261.376
2525.13
1125.6
-1243.35
748.459
399.123
227.204
-70.6144
701.476
282.249
-265.306
-335.49
214.283
684.79
-73.5196
122.989
-501.355
1385.09
1610.41
-994.821
357.805
261.201
-807.501
937.123
-206.081
765.349
-395.51
-265.551
1047.18
1274.97
-127.36
-477.911
-88.388
786.226
-853.367
-523.119
84.3287
-1001.2
-767.674
-119.262
-161.922
-364.594
-136.035
603.297
1020.97
-266.195
-103.725
715.154
-748.288
13.8126
-414.661
431.191
-799.999
-482.814
261.658
1244.95
-488.529
143.355
1407.47
191.384
822.285
-1107.9
128.672
904.255
1894.43
-677.564
748.316
924.604
995.289
1420.17
-263.866
-1306.59
770.828
440.015
214.924
755.491
977.254
-505.115
-315.883
-548.875
-1319.04
479.073
-202.092
2244.72
821.945
-1450.21
1114.05
-344.186
662.149
165.087
1214.34
17.326
571.634
507.76
-490.994
905.923
1179.39
2130.28
670.344
-1467.72
1219.9
-827.16
280.957
94.6124
-1048.09
-216.91
219.867
210.222
360.143
-230.39
1431.5
1676.65
-1131.21
1049.48
-1044.84
1092.78
926.479
-231.937
482.373
1133.84
592.799
418.977
289.645
-305.208
805.498
-321.473
991.834
-469.203
-1198.51
517.097
-948.983
-281.003
497.464
593.788
885.581
1582.78
308.421
1358.14
911.294
1448.28
303.24
140.369
-1116.87
960.017
1102.12
-309.552
-295.357
-1071.01
358.212
-67.3592
758.508
658.441
-555.351
1164.83
-367.673
36.305
-618.521
274.89
1126.18
1195.03
429.47
624.983
350.006
-11.6566
1772.23
364.095
-212.036
-16.6179
-477.324
1246.41
-434.025
299.786
580.794
1547.35
468.829
-537.564
109.684
53.1671
-30.966
-411.541
167.072
-455.816
1275.55
641.534
-82.6914
531.081
-1250.35
598.049
594.009
1142.03
-917.183
-148.734
1354.26
788.023
-1265.48
633.55
-502.229
-459.057
-163.464
-560.83
-1015.56
1765.56
233.441
-23.4617
645.291
467.572
63.4862
1383.76
-670.74
-990.475
-548.726
-95.8454
501.748
234.005
664.39
-570.459
-503.492
-60.9303
1015.24
-1213.82
1132.02
1559.04
-1.05409
1777.4
1039.63
285.227
816.314
510.3
862.11
-570.481
173.065
-742.734
392.644
-65.0401
-15.7955
-862.03
836.918
-412.057
1925.89
-351.7
453.415
1638.04
597.754
1513.9
-521.395
1271.57
731.255
-636.458
405.13
232.562
132.155
-413.697
-710.566
909.922
-175.09
1418.83
-1226.31
757.89
27.3696
113.776
82.73
-768.108
-1079.57
-496.472
1796.44
-53.1127
-122.426
939.07
857.378
1149.08
444.828
1196.22
-1086.5
34.8219
84.4819
989.107
165.976
1541.16
1304.84
1325.02
1991.11
1114.29
875.175
266.761
621.297
1053.69
-196.254
229.949
-456.897
-202.221
100.223
663.318
60.6927
-1873.59
406.342
149.49
-855.261
59.7389
270.236
157.118
128.304
471.32
631.276
203.564
-939.714
-276.21
139.079
-712.87
62.0883
456.309
386.001
1035.21
-331.47
263.73
-128.441
-570.414
578.024
84.3182
699.266
783.567
-958.777
655.926
1770.19
-945.105
-0.701197
807.598
845.4
1440.58
261.335
640.753
198.491
1399.4
668.578
376.323
-444.744
-166.426
460.37
394.058
-419.058
-116.606
-203.961
-21.1965
-1177.68
557.537
1920.85
1670.47
296.673
93.0368
767.217
802.69
108.406
243.979
842.996
898.969
-432.073
1354.35
983.917
855.667
1466.56
-1117.43
695.927
2161.47
-975.28
1427.11
1497.83
-39.8358
1674.44
-269.976
-293.888
-1455.44
551.383
510.836
691.104
-591.593
56.4505
-342.569
-1674.42
12.5752
829.632
346.584
-472.445
1470.36
-1077.63
37.6462
302.847
-214.716
1339.56
1117.97
1899.25
-633.38
-304.354
342.572
1716.74
567.54
1038.55
662.835
1188.92
616.217
-273.736
-482.471
-719.762
-1370.9
668.766
-469.673
-697.22
-104.259
900.424
-55.6782
-70.4055
-710.126
902.942
-122.219
944.532
-167.303
1022.75
413.037
925.724
-306.636
-383.342
587.594
46.3981
240.287
-678.929
604.128
174.394
281.325
-59.5858
1262.29
268.839
2150.93
87.0087
963.085
-22.3264
-592.719
1797.13
302.328
-303.391
-1013.49
-614.725
596.015
-1496.68
1863.33
1078.82
381.984
-1064.63
350.664
-471.175
-673.099
472.655
1770.87
149.953
-569.42
1254.92
-658.732
1372.57
1394.02
1085.68
-808.183
363.165
653.025
1298.37
458.319
1150.84
1249.06
-205.946
717.914
1100.2
373.532
259.144
679.02
-1136.41
477.795
-875.005
668.04
316.85
250.482
-239.635
410.391
362.678
1393.2
-326.729
909.892
-861.573
-724.724
553.496
223.115
275.8
2450.47
-839.094
-152.767
910.768
235.467
426.282
1032.71
-215.913
693.285
112.39
-766.135
-35.4892
1382.61
1490.25
-24.1805
1825.16
45.1157
-808.694
1052.51
-494.271
-86.9663
489.048
441.947
474.915
1566.48
-263.458
903.574
-90.9618
1247.64
1189.23
433.04
-1227.35
494.538
152.754
155.829
699.48
-65.5262
1334.08
-633.099
965.576
-202.088
-243.218
-1648.84
-653.774
374.325
-561.076
1032.37
-833.134
112.783
-420.3
641.306
-416.203
-528.9
0.86322
829.614
1019.7
-422.837
1009.93
1407.28
-2.13347
-214.729
-774.133
132.699
-483.025
358.49
-227.807
-529.981
445.109
1860.09
-354.934
-76.6307
-1012.26
1288.06
806.339
349.108
-1093.17
1265.79
210.787
239.913
-598.222
-694.861
1820.64
521.798
1606.38
27.9067
-0.804289
-1106.16
888.121
-494.525
1127.03
-506.113
107.03
-747.157
1580.71
644.203
-534.878
541.455
548.004
-814.7
385.831
-335.524
-356.821
-35.1101
1573.64
100.548
135.503
1635.84
-623.955
-276.865
-223.625
55.3708
828.371
732.664
-84.3383
1697
-996.399
405.411
1409.52
-263.401
-658.467
1124.78
-534.671
1166.58
518.996
-444.523
1120.5
109.822
1499.35
1828.07
1638.48
696.018
125.399
749.234
230.613
317.121
1879.67
1568.2
1158.42
-1182.56
-1478.25
2294.55
462.145
1035.59
-522.631
-443.295
-440.76
-712.84
82.4508
779.55
-258.396
-465.438
266.528
610.232
687.818
-593.961
-1434.96
-140.276
-1768.55
896.028
-750.073
493.482
270.761
174.716
175.275
-827.068
204.807
455.037
481.761
1460.18
1588.8
458.698
789.583
136.821
608.127
-235.864
273.199
1693.94
593.688
-33.5416
827.458
-298.701
-1834.82
1305.68
1185.5
430.03
-584.993
-1022.46
-934.887
576.683
-725.295
-559.228
-127.78
-94.2809
-307.896
264.851
-383.838
506.916
21.4396
-134.081
-1179.4
1229.14
777.899
1304.6
1101.81
662.762
728.955
-288.436
997.434
1076.8
2213.15
1036.08
543.357
-318.02
958.784
780.601
-789.931
748.54
-1014.61
-208.348
826.052
830.599
52.0548
506.919
676.69
-509.523
-230.763
254.706
234.897
577.285
578.981
938.797
372.609
370.957
-10.2317
-169.283
526.041
-595.867
129.251
-798.251
911.259
-281.682
-300.906
-477.236
1233.22
-238.365
255.851
1409.38
480.229
-609.841
257.288
289.608
-113.579
99.6881
66.3818
318.111
-205.993
22.8371
98.0703
-495.132
615.736
-211.649
-240.811
981.314
315.775
512.972
524.378
-660.047
848.104
-1945.69
1821.74
109.456
-29.182
422.319
-698.863
-1481.3
-222.395
113.751
590.918
-18.0358
796.061
-564.776
-961.881
-148.592
826.706
82.2616
285.856
-37.9045
-1346.77
-879.082
1309.33
2341.86
221.663
-5.24596
1100.27
1571.52
-282.575
-6.78201
203.881
1032.93
-1218.87
-650.36
-1198.86
1339.79
-479.172
21.4617
-609.759
241.506
-504.723
-1136.13
-619.992
-556.002
903.382
425.951
1452.22
595.068
545.574
600.316
-493.817
-55.2029
-116.93
-442.126
739.297
-1396.11
1373.32
-1128.22
1413.06
-374.861
501.564
238.045
1150.59
801.591
857.388
-1224.67
-169.833
-304.952
-995.312
384.7
38.003
504.842
320.127
466.204
-367.065
540.288
-1088.79
280.385
924.76
1041.43
-38.5274
909.838
395.871
