-1220.32
-646.486
-1720.08
-209.037
490.202
872.835
-791.867
-1388.21
-28.4306
-272.136
164.932
-376.319
-1762.8
-10.3879
796.606
639.17
587.689
320.656
150.271
1023.7
337.944
-479.102
-91.9145
514.572
-553.54
-1020.4
-957.811
638.398
-118.703
-1024.05
-1269.48
-206.703
987.097
658.076
771.561
18.9762
299.683
1177.13
980.787
-1322.8
-732.35
41.5711
144.882
-926.047
-301.145
-575.703
-11.9979
429.014
274.236
815.752
-399.243
-423.353
-1395.62
-239.18
604.802
-1150.95
-428.124
782.876
723.292
-710.638
1231.58
1502.3
686.492
1185.11
66.4458
489.745
-397.773
629.602
856.691
478.107
519.139
-679.817
725.375
-297.653
201.952
983.784
907.745
700.032
-1878.27
963.492
-482.487
-146.662
897.605
-1720.14
-495.337
256.921
786.082
1589.63
293.5
1032.5
349.654
-560.371
168.502
-933.116
-466.319
-829.019
129.12
-167.045
-512.486
142.469
452.792
-577.078
-685.364
890.946
137.39
1140.63
752.785
-915.795
961.225
383.788
56.263
-506.043
-115.559
1550
697.053
1492.77
-2042.16
-789.84
801.621
936.889
1181.15
-725.585
-372.798
177.227
1085.78
-258.21
166.383
-521.857
1481.56
-21.5368
809.519
127.584
-948.479
-603.89
1553.96
-752.644
337.856
-983.598
-699.849
-997.142
1283.88
-199.993
1144.21
465.147
-69.1914
566.036
-795.734
-1304.79
1268.35
-485.87
-441.635
517.395
-567.005
-429.529
515.152
122.95
-1190.69
712.518
284.162
1023.39
-438.772
303.575
-279.111
264.444
903.928
484.936
-307.938
391.967
374.111
-37.9148
1215.81
-633.307
-450.266
873.781
88.2805
1249.87
-1732.1
322.239
696.344
-1409.78
467.287
-857.965
113.265
67.1188
429.057
-1328.43
-496.785
85.1226
-175.451
-1026.36
1520.85
609.519
-1253.06
-64.261
1044.57
-515.101
-1490.74
-562.36
913.883
60.5729
222.219
563.388
371.759
-1034.13
-144.564
549.357
-466.132
881.712
385.85
414.565
629.425
995.04
1825.29
-861.515
417.778
493.534
-115.664
-950.139
19.4577
746.989
1413.35
-2.34532
236.868
681.005
-32.4822
70.9306
551.801
-625.292
881.376
-1081.11
1185.43
301.721
379.791
-1074.78
-720.347
229.943
34.316
1165.99
642.901
-1397.49
-666.061
746.798
1631.38
-376.956
-515.205
131.42
200.166
-1245.6
-21.3775
-66.4706
772.488
-221.578
685.943
498.163
556.031
-478.241
-691.543
47.8625
-1323.28
-186.211
-351.544
664.16
868.549
-707.546
365.314
130.005
-1216.74
1824.24
1791.97
575.93
17.9112
1270.1
-1045.21
588.495
-313.767
126.943
-573.069
225.152
-514.855
-142.023
1145.39
-973.03
-242.629
-682.987
926.982
811.493
33.7412
-899.013
-554.036
-284.429
150.324
166.421
-802.822
913.837
835.921
-361.999
117.696
1089.52
-304.207
-431.295
12.3608
467.343
-995.096
-451.528
993.874
-146.557
-607.108
-988.151
-322.498
151.229
448.952
1173.39
-175.406
59.0625
-41.6348
-1717.11
-1310.55
-465.363
696.908
-286.971
-1943.75
1608.1
-142.721
959.481
1326.26
-180.522
751.9
402.94
147.87
-294.678
-305.481
-990.913
27.2169
857.118
1835.46
-421.415
-615.561
1198.33
601.891
537.543
273.981
-428.039
-374.81
-1115.87
-314.174
-1453.36
140.286
-78.5222
654.905
101.346
1016.77
896.442
-352.098
889.595
271.51
-328.653
-516.709
-705.414
653.371
-292.124
-500.467
-802.816
-241.951
-1151.1
527.757
-277.013
1289.56
-416.869
750.936
1050.54
-823.93
391.353
-978.734
-335.918
1088.74
-534.242
1680.38
-534.566
833.833
280.541
272.265
-472.741
-174.9
-347.298
443.068
417.81
-620.889
-738.447
583.567
-1.42613
-611.071
-545.872
384.589
1244
121.128
-156.285
-445.369
993.221
1849.24
-365.661
364.749
-497.711
-1567.89
873.919
-883.032
1384.91
893.052
324.682
-909.269
-571.881
-404.747
-363.273
-1034.06
39.8866
337.641
-89.3337
1037.36
858.854
1625.71
-860.084
1736.73
525.192
-77.7337
1037.79
1081.35
-266.801
478.218
1541.6
216.687
-1178.91
630.65
-765.204
464.78
-1134.51
1510.5
581.162
227.649
-1190.81
4.34
220.352
1807.28
833.459
-467.096
1265.55
27.3388
1030.79
-951.001
306.685
646.968
417.967
-92.6774
-823.729
42.0574
6.18631
132.088
-783.056
-888.576
504.231
-246.858
-363.895
-752.131
-949.312
924.172
620.794
-938.291
-345.194
-324.293
599.981
-1387.13
127.564
171.356
-1245.41
-649.715
-957.333
176.207
1944.01
937.481
-802.169
519.105
786.379
-1808.3
634.762
-1097.09
-885.342
305.128
1481.56
-168.541
137.09
-363.082
-401.57
-121.75
-157.627
-409.912
75.9954
-1184.33
-1137.93
770.862
1806.33
536.019
764.668
-3.69533
-1591.55
-836.855
1717.81
368.131
-395.029
-1113.96
823.818
-183.405
875.808
-615.015
1338.9
-1724.56
-505.2
695.212
-841.263
-437.438
950.972
590.095
134.164
-1699.07
-879.107
46.3996
689.021
-1387.98
-422.662
-1264.96
-739.174
1315.77
995.157
-1131.59
566.772
-1593.78
-471.599
1922.39
177.199
67.0551
-42.4602
-816.025
-889.66
635.812
-964.282
-60.1305
-191.638
474.533
292.994
-614.264
265.044
185.163
386.027
-699.58
327.966
-253.06
1471.25
60.4536
1485.42
-352.844
307.614
67.4053
427.27
1880.66
-435.776
298.581
-266.922
-77.1761
429.964
-1409.96
308.037
113.908
-1023.65
988.418
-155.47
-1003.17
967.718
-154.253
376.713
1483.88
-632.532
705.744
1259.32
1692.39
-572.152
273.535
168.052
-933.203
556.964
-207.626
396.22
163.957
-454.085
-363.545
-620.46
484.517
1378.69
415.536
-280.802
427.568
-238.263
424.79
334.195
73.0525
-503.104
-452.054
-891.644
540.322
1126.46
-791.104
-788.623
324.941
-1262.39
-1762.19
-242.5
-101.775
233.693
-116.138
-334.608
1116.75
-388.628
-850.405
50.5989
937.619
899.317
-915.051
1744.65
418.445
203.284
-663.027
-1183.61
61.3625
-632.071
89.286
346.766
1289.25
1155.92
230.076
-492.262
657.865
-99.7138
138.835
723.938
25.64
-281.679
-533.878
244.96
792.228
676.909
834.797
-588.989
811.145
-136.149
1595.26
156.832
-572.317
-1650.41
-539.94
227.444
-151.471
89.7381
-514.798
-489.351
-165.831
-1818.98
1163
-319.787
80.2484
209.526
259.351
81.2341
643.245
-309.11
-354.968
650.462
1533.08
-870.347
763.624
-562.113
-979.273
-1204.96
-119.35
-13.4539
544.532
-157.709
1074.7
476.807
-178.388
-1361.11
596.692
387.56
990.667
360.674
862.581
155.064
770.378
-145.688
-87.2228
-974.469
-455.074
-1207.1
458.241
893.143
418.32
366.1
-250.486
-205.746
-611.658
-243.38
631.68
-429.288
392.622
-761.803
217.469
254.801
771.401
267.533
493.892
274.073
-659.146
-1920.71
-1329.58
482.716
-1377.85
-340.495
-17.8103
-259.905
538.674
147.109
1324.25
1206.8
572.752
-226.382
-185.117
-1199.68
-1605.06
1400.31
720.132
232.179
1683.24
209.282
319.902
311.692
-204.807
400.65
-59.0757
-204.121
-328.111
-496.678
-504.87
-1067.85
791.49
1551.99
614.685
-854.108
-1210.34
-230.685
469.669
-738.915
428.477
846.559
2005.72
335.505
-192.124
-28.7314
264.406
-727.08
-87.7969
364.226
1179.51
-666.259
982.879
-838.648
-502.821
-903.247
-170.804
81.1097
-486.453
126.364
811.44
368.228
1391.32
1492.71
-524.115
-466.544
-608.418
-480.911
-423.216
-88.5356
-1233.39
850.887
838.962
978.407
-529.409
19.8728
-212.668
663.359
-463.022
-1397.25
-1298.43
765.114
-413.549
-238.102
594.258
321.038
-676.52
-1547.56
1486.56
2247.46
-338.245
691.522
-869.211
568.149
-11.0144
-231.175
-19.0162
-1300.14
-1652.48
-951.841
635.03
-1195.62
951.237
-1530.14
754.421
1074.24
635.812
81.416
-54.0384
89.2981
-25.0833
340.473
-995.398
-684.511
-136.817
-33.8927
1619.47
-852.586
260.103
-169.836
-0.193725
1552.97
-1325.18
375.727
535.195
460.283
-389.192
1377.41
-697.203
-1700.11
729.051
503.024
-428.654
-172.902
-1094.52
402.068
222.522
95.0223
-89.4809
-287.349
-1120.42
537.712
598.639
-132.011
684.981
1242.44
-395.425
-723.942
867.205
-561.901
-1254.25
490.221
251.589
-584.948
836.365
-1009.99
-437.419
436.068
-1188.3
616.452
-1250.49
-30.5071
377.039
-145.992
899.288
432.282
-270.002
-629.883
185.664
-558.442
-449.478
-346.101
-439.918
-276.773
1166.09
988.069
185.562
-1014.28
527.455
1179.4
-738.586
-597.906
1591.7
689.566
1133.54
984.293
-538.323
627.279
50.3495
1519.87
288.328
-1351.17
1474.61
-940.418
-1537.72
378.486
-514.098
-1324.56
518.936
849.828
-424.363
-489.365
-881.321
212.38
173.175
759.591
-1699.12
-485.631
-98.5205
258.609
167.002
-1235.23
-309.048
-361.851
-1008.9
1222.93
-1085.18
-1316.56
1151.04
-832.167
-644.643
-957.543
-860.887
438.029
932.703
-382.877
555.354
-1626.27
-1516.13
-1407.51
324.338
664.368
359.069
356.06
-271.867
-274.654
721.367
-396.788
-531.137
-1111.23
-253.461
1053.63
-265.219
560.153
12.3104
-845.037
-705.368
189.864
-1593.49
1129.09
-922.066
316.448
-476.272
27.4303
-986.434
-402.311
678.022
-595.816
1096
389.252
-18.0896
-916.59
-978.81
737.014
-904.862
-656.114
-243.246
-878.746
550.68
-133.077
-349.928
-1291.46
66.0196
-227.521
1422.55
44.1165
-302.939
-1844.81
1436.36
344.014
-348.497
-906.523
220.793
-1711.76
-352.088
-119.574
846.819
267.313
-489.095
158.135
557.958
-175.048
472.443
-472.441
-441.566
-383.027
-514.995
-62.4912
-797.444
274.377
-775.373
271.143
441.267
122.998
457.497
152.139
-318.988
255.783
-685.192
1052.13
-68.2054
-607.54
636.088
-266.241
-495.344
201.378
-657.934
1048.21
-1720.31
-128.941
1292.86
-856.547
-960.486
731.881
-220.36
-1023.33
-1137.67
-571.131
464.105
599.454
-771.72
429.509
-143.402
588.285
1326.1
-1376.22
388.434
687.129
649.599
-647.522
771.244
215.443
-302.978
883.544
1062.47
377.464
-281.316
499.539
-810.865
-701.859
829.591
-979.133
-1287.3
-662.666
-706.142
1138.28
396.37
-428.603
-1176.97
792.033
-924.791
-359.558
-260.186
195.643
-900.658
-509.213
-884.51
-1131.47
1102.99
10.0056
251.478
128.874
-407.858
-319.675
253.743
-539.434
527.535
230.599
-175.828
348.601
-169.192
-660.411
-907.683
-395.254
819.316
-930.917
-303.607
1828.19
-1248.4
293.339
-537.424
-644.656
-238.739
-1013.89
21.1262
146.434
-1004.45
228.152
1307.49
-22.0784
-189.769
1313.7
-516.006
-243.044
692.207
-295.189
1259.06
-1004.3
-867.742
1224.14
-697.719
562.817
813.293
1076.8
-7.28392
-112.388
-456.682
30.3234
1017.19
1273.53
-1384.12
187.297
1675.63
422.271
-96.3282
779.896
-383.592
-242.622
-1323.37
-108.147
-157.167
1381.59
-762.003
-279.737
-896.958
-599.766
-589.404
-538.989
-36.5532
-489.985
-631.131
-678.434
307.343
-761.783
-1230.47
351.796
480.821
332.653
233.564
-499.181
-502.444
751.846
668.125
1311.16
-835.686
-90.6575
1010.37
78.1408
843.368
378.894
-584.575
-121.201
1096.61
891.466
-1202.19
-1016.03
-1290.1
-1288.6
142.017
-1030.9
781.986
160.164
-76.0234
194.848
-83.1053
1688.39
737.814
206.968
629.291
-263.074
-1265.6
717.679
453.858
-798.104
269.405
891.842
755.851
-1328.83
-690.556
412.537
-762.995
-288.536
521.893
-57.3289
-964.867
1158.5
13.7954
-661.592
216.1
343.315
-913.505
-1171.88
-509.733
508.369
-849.343
-166.785
-981.314
7.94476
-978.299
-688.736
292.957
422.285
-478.523
-819.207
-997.19
199.505
-724.33
-140.027
-125.974
1649.07
392.993
-1468.56
1346.89
310.476
898.534
434.276
-1197.14
-191.198
-43.411
-811.723
-63.3903
431.227
125.274
-293.041
620.851
-405.713
-764.154
296.642
-0.980065
459.835
120.35
1023.99
-398.299
-1736.96
1534.81
-650
-207.866
-604.623
20.0087
-122.678
-818.847
-408.344
-292.894
-821.925
246.967
683.606
289.535
-842.082
-456.335
-764.358
-1147.28
-1050.92
715.399
-369.633
397.085
683.893
381.584
-6.55846
787.857
1744.84
642.786
-918.124
587.347
98.1077
-1379.09
724.25
-1519.98
-386.503
-195.654
-570.348
294.111
625.012
1082.41
-1677.25
-631.795
-1046.9
-548.909
-1217.18
-593.502
1444.62
545.483
-152.617
-758.112
-758.162
84.0323
-449.04
-480.837
-1534.7
1672.65
-415.022
-535.105
502.75
-1559.68
363.061
-317.386
-383.677
-558.773
-345.755
244.775
1406.4
2186.66
775.807
494.044
-373.877
-1622.57
-673.213
-1378.07
-1049.48
1761.59
1997.14
-261.525
436.655
914.839
-531.212
-869.643
-125.759
-721.032
766.472
-867.01
-979.607
1211.7
1347.41
572.717
1109.62
-466.569
309.303
462.33
1200.21
328.146
-113.411
927.895
-238.211
608.386
-647.176
-356.199
576.496
1558.37
-174.797
1438.71
1220.42
513.141
365.366
629.266
-350.106
-1029.85
-1046.23
998.627
60.4399
456.597
353.086
-438.554
134.711
-458.364
1035.1
-45.3003
-749.851
467.557
-995.807
274.728
535.315
2029.33
-1300.34
-1.02738
523.362
-571.538
239.087
1039.4
-14.3707
608.987
-845.87
-515.819
822.481
-183.657
-554.842
-430.651
-648.212
-1327.81
720.88
-977.518
-977.095
132.782
163.648
-7.85579
-1364.9
-66.4669
-1081.34
848.995
1002.89
356.742
107.529
-174.672
-1166.4
254.728
-751.518
-796.847
-181.742
169.474
220.838
227.485
-1145.13
-134.474
333.211
627.479
-88.3879
930.001
-316.567
1428.32
2054.07
344.157
-404.9
-1231.01
818.062
-819.689
822.202
-8.16061
-332.924
736.576
-1356.81
1906.24
-924.833
610.845
1330.5
-139.935
-725.164
-738.496
565.591
231.061
-439.206
384.452
493.055
583.905
295.213
1985.76
-1445.89
1276.87
385.907
-695.328
743.872
461.3
494.097
-13.7586
1377.69
350.88
-159.908
-455.085
653.248
-713.977
-1631.38
430.371
-893.478
-1157.49
-403.61
964.977
494.399
-514.203
-943.636
-1639.96
109.843
608.393
96.5918
-355.074
224.991
-675.154
-54.3168
667.789
-1012.28
-1218.63
-174.218
700.143
375.132
1207.86
120.702
358.097
-934.469
-179.032
345.498
-992.599
-743.099
-763.026
12.9448
-307.715
1051.85
-1002.49
765.642
-831.998
-147.858
943.527
951.825
-974.485
1393.76
-1324.63
-740.776
-322.842
-1125.12
349.626
13.2689
-1557.41
-73.8875
172.425
95.966
-630.04
265.878
728.535
1159.56
144.342
-655.171
600.886
-1038.78
681.318
-875.888
17.6472
-467.973
-297.149
-467.863
402.869
-569.65
-1287.18
-4.02026
258.133
-92.0982
402.668
-753.145
351.896
-584.537
34.8718
398.83
-73.2428
-570.065
-1086.46
895.913
341.861
-449.398
54.6043
-583.963
167.488
983.338
-519.811
312.42
-1196.81
-391.204
317.359
-207.594
602.867
-267.248
-844.471
-195.489
729.552
51.8055
130.997
-692.081
-60.0621
304.7
52.9335
1632.18
-1859.11
108.696
729.162
-681.671
-412.792
93.5683
797.939
-779.307
-671.969
-354.498
1039.48
-849.726
-1115.97
-1163.44
-717.718
162.284
162.751
-349.585
-1007.28
544.195
-1413.15
770.104
161.295
-424.287
387.135
1191.76
904.784
-844.36
-533.807
612.219
12.2611
310.475
-553.123
-300.353
439.905
-611.492
1069.31
-368.098
512.781
-427.623
103.699
832.703
-584.358
-448.604
-102.764
-45.9322
833.289
309.759
-409.003
-1246.64
-1083.63
370.421
-1270.52
-440.101
680.887
274.216
750.202
-569.547
195.97
-573.151
-1461.21
106.89
1588.83
739.49
-1035.79
94.599
144.536
635.126
-297.742
-101.636
-1460.78
-567.671
346.081
-1522.43
159.484
-8.19225
3.18058
326.353
-121.831
1254.94
-1572.23
1963.58
-268.874
-1332.75
1616.19
46.466
-270.542
54.7073
338.509
140.922
-509.391
-842.704
722.56
-376.728
6.7592
-590.402
-59.9789
-1005.68
435.813
-460.876
-598.262
372.091
-127.948
-932.949
263.252
-23.5757
-683.707
700.075
-86.4403
-487.657
1476.03
542.097
261.207
-495.175
-567.148
-670.717
-330.06
806.463
552.417
-485.52
-194.011
-34.3113
-315.138
57.0536
-204.24
-690.815
225.691
1020.06
130.497
1521.64
508.438
-639.38
-292.1
240.873
-198.699
929.347
1092.25
-499.044
188.511
-375.783
23.6418
-861.838
783.4
90.1266
1406.8
732.975
17.4657
-440.716
506.769
320.613
-765.161
888.396
25.6488
72.8843
1009.26
908.012
-168.499
-165.442
854.217
237.664
-754.932
402.923
45.9814
-578.783
-638.981
204.606
1252.2
617.127
-495.788
111.909
-632.69
-855.159
-611.534
642.466
419.491
-903.53
193.396
34.165
1531.5
27.2402
-229.307
-124.016
61.5432
1511.76
1208.93
445.309
-1599.91
-307.483
585.718
324.452
174.25
-1037.76
-59.3242
-179.928
-933.743
-1067.27
-86.6069
-415.74
-13.6807
102.37
956.402
1486.11
-1243.38
371.562
-1974.18
-1086.19
-344.572
295.635
1424.57
952.765
-490.119
145.357
1100.84
517.905
580.437
-1939.6
-425.126
-230.562
276.078
605.021
-414.241
-475.51
-620.676
-376.38
-1602.31
390.834
64.1244
-442.709
-97.8643
1688.71
-373.995
-806.159
-0.952445
1165.21
465.411
-1182.09
157.228
-982.232
-247.651
-1081.51
3.73274
-1119.16
150.31
303.59
-1621.99
508.962
191.086
-507.061
-346.738
-217.863
-36.838
-647.734
-168.888
838.582
-843.877
-149.166
779.481
542.085
466.318
1036.42
59.7464
627.847
-634.777
652.851
-480.308
-768.598
-39.2723
-96.2886
-714.746
845.322
-834.895
209.071
1658.7
1180.58
-96.6026
177.385
-661.755
732.226
895.251
46.8224
-755.024
505.499
195.977
-897.068
-959.345
-1298.89
949.518
569.684
-448.362
417.409
-412.663
60.8401
-807.822
573.531
-870.899
95.081
376.913
960.071
993.892
836.032
203.614
-614.82
926.621
362.127
274.469
673.335
-473.078
-24.886
1196.41
-294.841
-1290
-739.113
15.0007
500.592
209.609
-33.7612
-38.3368
-666.672
-1102.06
258.78
-1434.61
-173.391
1091.87
370.829
587.513
1369.29
-657.97
13.4348
59.0973
-30.1764
-949.08
837.381
-994.935
958.709
-14.7403
-1082.94
1067.34
-349.171
317.384
277.95
-2005.95
-1585.92
-125.751
-193.976
561.846
937.111
25.8716
330.864
572.727
-166.236
714.346
-226.288
1016.67
-1234.21
342.298
-450.592
160.332
112.056
-286.333
-45.4199
-21.862
339.272
-1589.55
533.954
-244.434
120.574
1407.79
525.142
-366.981
-1647.11
-204.582
-727.628
-137.002
-1541.44
-117.62
835.501
-258.345
954.529
946.302
1135.85
-243.739
-1558.69
626.988
