31.17
883.682
-433.814
-922.4
-540.91
113.776
188.077
1887.04
821.011
258.447
607.499
548.784
367.319
1574.94
-204.923
-82.0151
-914.94
-801.492
420.94
856.584
1410.26
-277.333
329.406
-64.7026
938.333
-174.929
496.164
1608.68
37.7561
-87.8383
114.664
349.89
-1109.87
897.437
1082.53
-707.742
156.655
76.6131
889.035
-1070.22
93.1806
1201.36
256.23
1042.88
718.577
-49.525
1202.28
399.8
642.511
729.079
539.26
1346.96
43.6039
-165.444
357.346
722.374
617.705
800.253
150.602
949.325
-25.2847
-165.612
161.529
1447.7
118.911
1947.14
827.331
467.995
87.3558
789.642
536.06
702.859
-337.645
1133.12
914.967
1397.15
-310.833
778.596
14.571
1287.22
-388.427
-1204.13
1242.08
-482.786
855.168
1193.44
-343.615
1143.31
1066.35
474.722
-172.214
470.326
-52.3689
1275.41
888.545
-364.054
1553.4
140.066
-893.815
1350.98
800.083
750.156
87.4355
735.57
305.141
1390.25
-615.718
795.572
-54.9747
2731.32
1295.96
-1112.91
923.712
499.976
434.868
69.5483
794.709
367.627
-57.4572
-214.663
379.293
863.176
28.5957
264.554
-396.347
1497.61
1713.11
-855.286
512.594
444.428
-653.623
1035.13
-113.364
877.144
-206.586
-142.252
1197.18
1452.13
75.7674
-390.726
47.6371
906.507
-684.569
-342.488
225.39
-826.297
-679.205
-28.9005
2.04096
-205.52
-29.5457
718.487
1178.76
-158.469
-15.1944
807.838
-627.694
170.671
-239.807
533.435
-623.386
-389.977
393.749
1447.99
-319.365
300.919
1611.2
303.166
1030.73
-989.93
336.511
1049.87
2032.24
-519.675
954.987
1050.97
1112.39
1603.76
-165.311
-1173.73
934.152
612.019
333.252
879.304
1154.95
-382.445
-228.502
-452.151
-1131.72
666.07
-103.442
2453.67
1022.01
-1324.06
1239.07
-243.437
792.626
330.639
1391.48
222.39
769.982
651.207
-347.677
1067.77
1335.95
2273.46
778.275
-1381.12
1372.93
-725.594
382.187
218.332
-934.328
-77.9927
425.304
388.932
549.555
-34.482
1615.09
1767.53
-1018.32
1203.51
-938.844
1206.51
1054.58
-88.1037
655.302
1237.93
749.088
575.631
482.119
-129.65
893.729
-180.015
1106.9
-298.845
-1050.35
723.521
-826.374
-73.8659
658.596
694.382
980.768
1772.38
407.524
1564.7
1064.37
1546.4
476.334
239.627
-998.428
1105.28
1258.02
-211.727
-86.4729
-898.939
452.168
108.9
882.716
834.757
-381.906
1343.6
-162.483
139.68
-490.917
430.15
1237.66
1401.81
519.275
802.957
510.533
165.741
1897.12
520.908
-78.946
111.781
-273.312
1394.38
-276.871
437.265
714.24
1715.14
616.055
-439.305
220.054
142.147
74.2804
-295.511
266.079
-277.431
1417.9
785.091
90.5068
683.831
-1120.6
703.62
778.319
1303.59
-769.147
57.5884
1496.86
888.809
-1156.05
837.305
-413.151
-312.599
1.40061
-429.678
-898.045
1885.73
353.714
104.993
842.906
662.693
163.272
1527.42
-476.157
-827.376
-437.141
-5.77575
631.114
356.6
799.588
-383.92
-402.132
36.4913
1105.72
-1020.66
1303.54
1765.61
136.459
1870.35
1197.29
377.848
962.199
674.699
1043.05
-442.083
311.998
-639.756
555.674
57.3815
83.3592
-768.457
973.277
-319.424
2022.52
-149.953
630.911
1727.21
784.737
1603.68
-358.257
1365.8
917.664
-508.768
500.714
342.752
304.75
-284.433
-621.163
1091.38
-41.3155
1537.24
-1111.11
964.23
158.559
246.491
282.041
-667.472
-922.157
-409.402
1956.74
121.052
8.75805
1044.32
1064.73
1258.85
605.718
1364.02
-911.613
129.381
202.258
1196.3
253.178
1680.76
1497.63
1532.38
2084
1320.94
1025.16
413.556
714.623
1223.57
-62.6729
368.174
-342.575
-106.683
218.462
803.206
206.571
-1779.71
580.052
264.66
-699.252
145.546
371.075
289.294
231.015
586.107
746.936
405.992
-732.879
-185.244
271.322
-612.42
242.633
642.236
473.455
1241.11
-213.272
401.383
65.6015
-472.832
782.497
281.44
907.367
887.458
-832.854
787.184
1958.96
-761.66
165.498
932.769
996.273
1542.49
397.969
746.013
345.301
1542.77
845.609
544.7
-238.463
-53.598
619.088
573.044
-212.561
-22.0893
-23.7537
101.601
-1037.53
710.674
2098.61
1851.07
402.334
297.184
938.052
963.308
210.36
341.775
1026.02
1017.36
-309.942
1454.45
1150.11
1042.8
1650.6
-953.388
790.924
2335.45
-775.882
1568.66
1601.98
136.407
1867.88
-140.419
-147.397
-1345.18
754.474
681.88
859.321
-495.627
262.199
-161.607
-1520.65
105.155
999.878
492.444
-384.099
1658.43
-937.068
145.527
475.803
-85.3262
1523.57
1235.07
2056.37
-493.91
-158.636
462.223
1823.82
696.019
1189.02
870.109
1366.38
739.471
-171.181
-387.281
-615.295
-1168.64
877.455
-334.054
-565.57
-9.24067
1104.84
114.342
86.0708
-610.059
1078.07
80.7636
1132.6
4.14869
1230.17
575.482
1022.62
-176.614
-283.445
678.215
248.091
343.621
-574.941
731.778
358.875
459.422
67.2133
1423.28
436.409
2348.28
228.672
1073.91
141.528
-500.297
1939.58
458.835
-216.084
-862.124
-495.918
710.253
-1397.14
2023.29
1276.47
480.34
-858.931
559.507
-348.685
-584.191
579.138
1968.84
328.748
-400.548
1457.6
-495.858
1479.58
1499.08
1267.45
-670.931
527.982
859.542
1503.8
549.466
1320.55
1349.9
-13.2965
815.89
1188.54
498.21
348.301
764.455
-1007.65
641.035
-745.072
780.824
490.442
408.517
-30.7584
575.203
566.516
1516.98
-189.494
1117.96
-733.474
-599.971
644.232
339.982
461.849
2598.19
-742.797
45.4459
1106.42
345.413
601.349
1181.5
-28.4468
789.87
315.523
-666.527
51.6462
1585.33
1587.19
160.985
1966.4
234.469
-683.443
1229.14
-397.688
2.75802
586.431
552.068
567.418
1699.5
-86.5797
1041.03
9.53997
1335.22
1343.26
637.814
-1073.15
587.125
329.156
323.025
822.522
61.9245
1459.73
-518.027
1139.94
-99.2685
-158.519
-1557.69
-456.011
487.893
-434.989
1240.23
-675.458
317.759
-268.265
836.53
-230.737
-327.032
178.046
964.75
1187.19
-260.6
1133.18
1576.25
123.925
-79.7635
-658.266
312.878
-394.335
539.587
-137.286
-435.263
580.416
1976.14
-215.498
13.5756
-847.708
1489.3
918.135
454.883
-993.833
1371.59
334.723
414.966
-453.478
-566.793
2019.96
678.905
1725.72
143.652
87.3046
-926.572
1041.8
-387.5
1231.79
-418.552
287.908
-653.276
1693
764.476
-425.642
725.51
633.963
-680.253
482.08
-160.173
-152.574
118.596
1717.15
228.139
341.012
1836.08
-510.942
-111.681
-121.302
173.972
998.445
891.519
123.784
1800.35
-902.935
493.856
1548.43
-71.8969
-573.067
1329.16
-326.492
1279.9
660.379
-263.613
1281.34
197.058
1652.49
2034.77
1840.14
858.439
222.79
944.861
397.636
442.083
1659.57
1307.85
-1085.72
-1314.86
2466.51
567.245
1213.26
-387.687
-352.86
-338.305
-535.653
194.08
987.258
-122.808
-380.12
457.05
765.287
785.786
-463.659
-1311.86
1.13967
-1674.54
1008.33
-640.92
667.83
359.001
312.894
319.911
-661.192
360.53
591.997
689.501
1638.31
1731.25
552.952
971.042
340.411
802.633
-133.305
428.094
1783.07
779.621
105.183
962.38
-210.614
-1734.39
1399.1
1378.49
633.114
-443.189
-819.782
-728.796
670.029
-614.905
-359.908
-10.3514
75.7117
-186.702
457.251
-226.531
611.503
195.152
71.8916
-1089.64
1323.73
863.656
1399.98
1243.26
814.861
920.354
-97.4882
1136.96
1263.43
2399.56
1224.13
704.401
-196.034
1154.53
936.735
-704.358
898.131
-900.217
-118.07
1028.8
969.325
149.655
650.562
809.376
-340.789
-42.5698
404.79
382.049
699.36
770.13
1144.45
555.504
474.439
183.216
34.0506
727.532
-392.092
214.953
-683.531
1119.98
-153.379
-189.233
-382.654
1428.86
-101.06
415.167
1570
619.89
-504.419
347.031
434.608
63.5981
196.314
168.245
437.653
-37.3467
140.464
268.438
-366.826
703.43
-71.0999
-114.17
1073.35
503.928
675.446
615.733
-498.586
1016.84
-1854.56
2029.98
219.939
161.017
585.781
-587.846
-1355.52
-57.1559
224.684
798.341
95.1306
903.481
-410.067
-802.787
8.91875
938.929
209.582
463.757
105.762
-1154.63
-674.075
1396.11
2543
358.947
197.649
1226.7
1724.24
-149.164
135.331
339.158
1180.05
-1121.52
-543.971
-1054.47
1436.75
-271.641
116.106
-470.55
385.577
-316.797
-976.524
-487.428
-355.555
1012.49
520.042
1537.19
709.515
720.967
695.136
-372.43
36.5768
-22.8533
-292.894
933.893
-1220.63
1482.66
-1043.1
1546.58
-223.242
621.023
401.922
1290.38
932.575
978.082
-1074.85
-73.9039
-180.697
-860.26
506.341
218.302
704.877
450.006
562.646
-260.611
663.155
-895.764
394.125
1066.58
1240.05
55.2732
1020.58
569.124
