-1230.27
-653.262
-1730.01
-216.393
480.577
865.022
-799.201
-1385.9
-31.1691
-279.279
157.801
-383.14
-1760.55
-18.8198
786.626
632.776
589.127
313.636
147.574
1016.04
330.952
-481.603
-98.1801
506.752
-556.209
-1023.13
-961.048
635.951
-117.685
-1022.05
-1277.07
-207.491
990.279
655.723
768.819
16.5645
297.221
1174.8
978.278
-1329.82
-729.897
39.1581
138.248
-931.48
-303.886
-583.484
-14.1952
421.191
271.817
813.006
-401.602
-430.366
-1402.4
-241.916
597.261
-1157.62
-430.529
780.529
720.69
-717.506
1234.42
1499.93
684.089
1183.02
63.7574
491.621
-407.166
619.946
849.977
470.849
516.869
-682.543
728.519
-299.966
193.31
984.058
904.016
693.346
-1887.31
954.925
-486.866
-149.079
890.834
-1726.93
-502.564
254.522
783.723
1587.29
286.702
1025.14
342.499
-569.955
160.789
-939.886
-466.428
-831.368
121.405
-168.822
-519.308
140.004
445.641
-585.35
-691.229
892.875
138.318
1133.46
745.706
-918.164
959.788
380.506
58.7663
-513.879
-118.295
1548.55
690.241
1486.23
-2049.02
-796.621
794.824
928.196
1182.89
-724.112
-375.222
170.538
1084.34
-268.207
163.645
-528.569
1475.72
-28.3388
807.174
128.433
-955.329
-610.843
1554.58
-754.876
331.872
-986.273
-706.569
-1003.84
1277.17
-209.896
1141.85
462.4
-66.8489
558.077
-801.388
-1314.82
1266
-484.853
-444.226
515.344
-567.642
-436.476
508.188
116.147
-1198.52
710.158
284.535
1015.85
-441.5
294.366
-288.126
262.097
896.107
477.82
-317.948
385.075
374.816
-43.6385
1213.21
-641.143
-456.981
865.965
80.63
1247.42
-1739.57
314.854
697.181
-1412.39
460.477
-864.109
110.807
60.1394
421.297
-1335.07
-503.572
83.7083
-178.179
-1028.96
1518.38
608.098
-1255.79
-62.5403
1038.31
-517.531
-1488.6
-564.794
917.058
53.6402
214.483
556.593
364.705
-1040.81
-151.312
546.673
-468.78
873.892
383.47
415.457
622.687
987.708
1822.93
-868.23
413.831
485.35
-116.308
-957.975
11.9754
744.243
1405.54
-8.99513
234.336
682.058
-41.2819
64.1923
549.148
-628.02
878.821
-1088.48
1181.88
298.656
383.136
-1081.99
-727.465
227.475
26.4863
1158.28
640.481
-1405.15
-673.601
738.975
1625.55
-384.64
-516.364
124.709
192.234
-1254.07
-21.6889
-68.9236
775.838
-231.496
678.553
490.99
558.94
-480.702
-698.589
41.987
-1322.13
-193.707
-358.264
661.647
858.628
-714.969
357.49
123.281
-1214.58
1814.54
1784.52
578.371
10.0833
1268.27
-1051.33
590.686
-321.562
126.568
-575.482
227.147
-524.869
-149.824
1143.11
-975.537
-246.035
-685.498
924.61
814.697
34.1579
-898.292
-556.089
-286.398
147.949
161.749
-812.644
906.118
828.496
-368.685
113.815
1082.72
-311.081
-438.165
3.20538
464.828
-997.9
-449.369
992.711
-150.092
-609.508
-991.527
-325.226
142.146
446.199
1391.68
1174.32
-185.379
52.366
-43.5156
-1717.21
-1317.42
-475.317
691.076
-287.304
-1953.72
1611.08
-150.041
951.383
1327.93
-178.637
750.695
401.909
148.219
-295.877
-997.639
29.4685
849.811
1828.57
-428.924
-625.571
1188.93
599.15
534.834
267.181
-430.767
-372.537
-1118.55
-321.452
-1455.87
142.767
-75.2086
647.513
98.613
1018.34
894.106
-349.04
892.33
269.301
-330.999
-524.538
-712.17
650.877
-299.256
-508.297
-803.003
-251.853
-1161.08
519.985
-279.759
1286.9
-424.317
743.288
1042.72
-825.848
388.962
-984.926
-342.487
1083.06
-541.675
1682.14
-542.401
827.111
273.916
265.832
-471.979
-181.64
-355.097
440.662
415.137
-628.356
-746.281
581.147
-9.14105
-618.611
-552.667
382.227
1239.29
118.741
-156.168
-452.102
986.116
1846.49
-372.472
357.386
-505.338
-1567.04
863.926
-885.615
1386.71
886.39
317.861
-911.343
-574.343
-404.509
-370.624
-1032.66
34.7494
330.476
-95.3817
1034.63
852.209
1623.26
-867.016
1728.37
517.365
-81.0699
1029.97
1074.67
-273.987
475.467
1544.84
213.945
-1185.91
630.122
-772.233
462.048
-1134.3
1503.25
576.085
220.918
-1193.71
7.24197
213.17
1801.75
826.293
-469.452
1262.89
27.6414
1025.64
-960.945
307.379
648.673
413.97
-100.076
-826.344
40.4548
3.81701
125.283
-780.859
-890.674
496.42
-255.533
-361.655
-759.266
-957.117
923.931
613.89
-947.001
-352.02
-327.029
594.344
-1389.58
126.646
165.86
-1247.89
-656.509
-965.171
169.013
1941.51
930.777
-810.006
519.569
779.239
-1809.58
628.19
-1099.83
-887.734
298.302
1471.64
-171.038
134.357
-372.65
-408.281
-119.308
-165.457
-408.837
77.4715
-1186.79
-1140.6
763.964
1803.62
533.652
762.214
-10.6962
-1598.22
-841.046
1708.96
368.832
-401.863
-1116.67
817.104
-185.777
869.015
-614.682
1332.17
-1726.92
-507.946
687.392
-849.097
-445.275
943.49
587.746
131.484
-1709.03
-881.604
43.7732
681.768
-1385.71
-424.779
-1268.53
-746.669
1313.24
988.473
-1133.86
564.407
-1596.53
-471.897
1917.36
169.821
59.425
-49.6121
-822.768
-891.724
625.875
-970.473
-63.8407
-200.679
472.683
290.248
-623.192
257.907
177.459
383.366
-701.949
318.037
-254.418
1464.42
52.6269
1482.66
-359.654
301.385
64.9528
427.736
1874.01
-442.586
295.901
-269.329
-79.6678
424.843
-1416.81
299.29
112.172
-1026.11
981.926
-162.225
-1005.68
969.614
-156.995
378.705
1477.18
-638.584
698.77
1252.3
1685
-574.706
263.888
169.026
-941.043
553.863
-206.361
397.25
164.594
-460.744
-363.32
-623.791
480.848
1376.35
407.856
-287.472
428.375
-235.424
418.08
326.924
385.994
65.5421
-505.488
-459.885
-899.482
1128.99
-801.082
-791.347
319.65
-1261.01
-1761.02
-241.703
-105.942
225.869
-123.695
-342.443
1107.56
-391.073
-853.015
43.7053
934.887
891.499
-917.521
1744.32
417.867
200.924
-672.933
-1183.03
55.7862
-634.511
92.6276
336.789
1288.01
1148.96
227.687
-489.07
652.39
-108.372
132.176
721.206
18.84
-289.512
-541.715
242.495
793.239
674.239
827.712
-591.4
808.586
-142.871
1592.63
159.702
-580.155
-1653.14
-547.776
230.38
-152.224
87.2473
-517.293
-487.998
-173.658
-1825.03
1156.25
-322.27
72.4992
202.844
257.032
72.6415
641.436
-316.761
-364.897
648.437
1523.1
-877.141
756.8
-569.519
-986.822
-1212.81
-126.207
-10.8584
542.914
-165.036
1067.22
467.514
-176.082
-1357.77
589.851
387.65
984
353.337
864.952
147.379
763.084
-155.673
-88.9107
-973.601
-462.308
-1209.56
450.937
888.149
415.225
358.765
-258.207
-213.578
-614.385
-244.971
623.86
-433.396
385.214
-769.635
209.639
254.537
768.96
268.115
485.759
271.734
-661.875
-1926.18
-1332.02
484.352
-1380.35
-344.072
-25.6385
-268.995
531.594
150.214
1316.73
1198.99
570.337
-234.209
-192.07
-1209.61
-1615.04
1397.94
723.3
229.438
1684.39
206.794
313.139
310.263
-204.461
393.913
-69.0755
-211.457
-330.461
-506.677
-511.54
-1074.66
784.746
1549.25
611.942
-856.835
-1212.88
-233.093
468.404
-736.202
421.316
844.149
1999.11
337.857
-194.47
-35.539
267.542
-729.548
-94.6432
358.324
1169.62
-669.026
980.406
-841.376
-505.285
-910.169
-173.384
73.2858
-494.236
124.064
808.002
361.292
1388.59
1490.97
-531.511
-474.227
-607.156
-483.266
-421.012
-90.941
-1240.85
853.514
841.988
975.774
-536.391
17.2534
-212.547
655.577
-468.63
-1399.85
-1296.18
758.361
-416.26
-236.107
586.891
313.814
-675.773
-1550
1479.77
2239.66
-344.442
685.915
-875.99
565.654
-15.6003
-233.608
-16.519
-1307.25
-1655.03
-958.552
628.288
-1193.55
943.909
-1532.88
748.152
1067.15
625.924
73.5916
-61.4313
81.6583
-31.7918
333.254
-1002.19
-683.485
-143.921
-35.5021
1613.68
-862.515
253.055
-177.663
-2.62111
1546.27
-1324.14
376.008
532.765
457.659
-391.592
1378.34
-704.14
-1702.46
722.97
504.851
-435.306
-175.466
-1097.27
402.159
220.137
95.0178
-92.1436
-285.695
-1122.82
527.713
591.941
-139.307
683.525
1239.69
-392.989
-723.079
868.404
-571.875
-1252.81
485.31
247.977
-587.686
830.39
-1017.83
-436.073
439.147
-1195.75
614.073
-1250.35
-35.3653
374.993
-153.823
896.901
430.138
-272.665
-636.577
178.949
-565.313
-450.456
-343.407
-442.665
-286.678
1158.68
980.968
178.067
-1021.23
522.495
1176.69
-745.62
-597.19
1585.02
687.171
1126.85
986.113
-544.366
624.923
43.3259
1510.4
281.558
-1358.73
1472.13
-947.069
-1540.42
372.868
-512.789
-1327.7
521.656
853.018
-421.661
-495.899
-888.462
204.8
165.766
757.488
-1701.53
-486.18
-99.5968
248.673
164.65
-1237.96
-315.787
-991.398
-364.215
-1006.82
1215.65
-1092.85
-1315.65
1144.37
-834.57
-651.637
-960.023
-867.574
428.37
925.811
-389.655
548
-1634.11
-1518.84
-1409.1
326.33
657.562
358.605
346.42
-281.764
-282.485
714.65
-404.105
-540.397
-1109.95
-260.883
1054.8
-272.058
552.456
15.3086
-851.882
-702.839
183.008
-1590.25
1131.95
-928.95
309.305
-484.104
29.6904
-993.76
-404.933
668.09
-592.891
1093.55
383.36
-20.4789
-915.904
-981.539
734.261
-906.972
-658.718
-250.039
-880.409
543.683
-130.606
-350.32
-1298.12
65.2231
-235.189
1416.55
41.7032
-305.577
-1851.59
1426.8
342.528
-358.418
-908.937
218.063
-1720.08
-359.044
-125.935
839.2
260.548
-496.859
151.277
550.747
-181.818
469.694
-479.512
-447.352
-384.227
-513.956
-69.2409
-802.757
267.631
-772.947
268.49
432.965
116.028
460.68
144.637
-321.353
253.364
-695.213
1044.36
-78.1998
-615.345
626.14
-267.092
-502.825
204.357
-656.828
1041.18
-1722.75
-135.745
1285.43
-863.731
-967.502
725.659
-230.266
-1025.77
-1140.12
-573.589
465.434
599.69
-778.447
429.387
-143.236
585.844
1329.02
-1382.98
385.898
679.307
642.96
-655.29
768.502
212.134
-299.756
875.968
1059.01
374.674
-289.436
492.096
-813.411
-704.504
826.842
-983.669
-1289.69
-665.136
-709.555
1135.67
388.707
-428.534
-1182.04
794.51
-934.598
-366.272
-267.956
187.819
-907.78
-511.695
-891.946
-1136.57
1100.54
7.25732
250.786
118.982
-410.319
-327.508
246.136
-547.033
524.499
228.201
-177.094
338.729
-175.933
-667.885
-915.227
-392.355
812.582
-938.694
-302.709
1828.34
-1251.13
286.549
-545.085
-648.124
-244.948
-1022.72
13.2997
143.788
-1007.2
230.34
1300.23
-29.307
-192.126
1305.85
-521.958
-250.392
688.743
-301.169
1256.68
-1006.58
-870.063
1227.33
-707.731
560.476
805.864
1068.98
-6.7434
-114.832
-457.671
22.9444
1010.61
1276.05
-1393.51
183.11
1665.69
414.532
-106.323
783.02
-386.032
-250.455
-1330.69
-110.651
-164.417
1373.78
-764.735
-286.502
-899.688
-606.525
-586.336
-546.984
-46.5579
-497.821
-633.526
-685.483
304.598
-763.62
-1240.47
344.209
472.997
330.808
226.464
-501.554
-509.43
741.907
661.425
1312.89
-843.162
-98.3306
1008.02
75.5838
840.964
376.191
-586.519
-129.902
1091.75
887.555
-1204.72
-1023.12
-1292.01
-1296.44
139.281
-1038.27
779.233
157.696
-83.8519
184.85
-85.8542
1685.95
735.428
204.229
632.674
-268.958
-1271.6
707.766
446.036
-800.558
262.447
889.417
748.967
-1331.22
-694.843
404.716
-765.742
-285.461
515.083
-60.1385
-968.829
1154.79
11.7531
-664.3
208.628
336.547
-923.47
-1179.72
-513.627
506.633
-851.78
-174.424
-989.072
6.38796
-985.381
-698.643
290.423
419.751
-485.764
-826.15
-999.033
202.191
-731.971
-142.451
-133.216
1646.68
386.316
-1470.81
1339.5
303.734
891.713
426.966
-1204.98
-194.56
-43.2012
-821.63
-65.9762
429.381
119.758
-294.918
618.296
-413.269
-770.695
293.902
-2.86753
457.964
122.912
1017.56
-400.893
-1738.52
1534.84
-652.427
-212.254
-613.549
21.7644
-124.79
-822.354
-411.071
-302.914
-827.94
237.003
683.963
284.463
-848.298
-463.762
-772.016
-1147.05
-1053.28
713.022
-372.064
389.479
681.599
380.92
-13.2235
781.196
1738.09
640.792
-924.858
589.821
95.6571
-1386.17
715.764
-1525.64
-389.245
-200.554
-580.284
292.113
617.914
1079.71
-1684.36
-639.623
-1049.45
-549.956
-1214.79
-591.771
1442.72
538.527
-160.305
-760.602
-767.339
77.3884
-451.466
-483.108
-1541.75
1670.76
-417.48
-537.843
500.285
-1566.83
360.317
-325.219
-392.462
-561.5
-348.498
234.847
1404.01
2183.91
769.966
491.371
-371.631
-1630.41
-675.597
-1387.63
-1047.15
1754.86
1994.39
-267.213
426.748
911.092
-531.226
-867.837
-127.945
-730.903
763.733
-876.981
-987.437
1210.83
1344.66
573.341
1101.8
-474.361
302.311
452.716
1192.84
320.32
-110.072
920.318
-236.661
610.261
-653.828
-366.173
574
1548.39
-182.623
1436.84
1212.75
510.419
358.631
621.55
-357.732
-1031.71
-1054.07
995.179
55.3806
456.634
344.824
-445.644
127.993
-458.891
1032.63
-52.1043
-757.598
464.82
-1003.34
276.082
538.173
2027.6
-1307.5
-3.40127
521.321
-573.918
240.325
1031.56
-11.335
609.581
-854.08
-523.034
815.757
-190.392
-557.379
-438.265
-655.786
-1326.74
713.694
-975.472
-974.618
135.486
156.869
-17.8176
-1372.46
-71.878
-1084.02
846.363
995.876
354.007
101.108
-182.501
-1167.11
250.65
-761.508
-806.847
-188.865
168.798
213.952
217.487
-1152.4
-136.103
330.176
619.658
-95.6417
922.88
-314.74
1425.84
2046.77
341.409
-406.156
-1233.56
818.473
-827.529
819.472
-15.0647
-334.581
737.687
-1364.21
1904.59
-927.423
603.02
1327.83
-149.36
-722.111
-741.302
558.786
232.781
-441.936
376.801
490.307
573.977
287.935
1976.16
-1444.64
1269.49
388.212
-692.194
736.212
453.479
495.129
-23.201
1374.95
343.488
-158.061
-462.459
650.906
-718.234
-1629.46
427.64
-892.654
-1161.06
-413.329
967.729
488.25
-520.859
-946.049
-1637.68
102.286
601.402
89.0714
-359.133
218.207
-682.859
-61.9788
665.194
-1018.7
-1225.99
-181.833
692.802
369.889
1207.63
113.972
351.109
-934.416
-181.175
343.107
-999.276
-750.619
-765.45
3.20601
-315.108
1055.22
-1012.48
763.152
-842.001
-153.133
941.04
945.189
-982.322
1391.72
-1334.58
-744.92
-329.985
-1126.63
352.832
11.4871
-1564.86
-81.7179
173.639
95.2201
-636.896
259.074
726.218
1157.19
137.664
-657.606
593.061
-1045.51
684.712
-884.519
17.6569
-470.482
-303.656
-470.603
395.046
-568.016
-1294.81
-2.56549
255.194
-92.8671
392.775
-755.878
345.244
-585.77
36.4654
396.96
-83.1997
-573.617
-1094.3
888.541
344.253
-447.22
46.7495
-590.317
168.792
976.581
-518.26
305.268
-1199.55
-399.78
314.624
-214.398
600.368
-274.381
-846.823
-202.246
727.07
41.8901
120.986
-690.404
-64.5854
301.968
45.1053
1633.23
-1865.91
106.29
721.862
-683.787
-422.48
85.7758
798.607
-782.946
-670.669
814.924
-361.566
1032.81
-852.454
-1118.5
-1172.41
-726.823
154.737
154.458
-352.007
-1014.1
535.812
-1423.13
767.345
154.317
-426.352
379.543
1181.84
897.529
-842.575
-538.524
610.402
4.43264
307.745
-555.799
-301.177
433.836
-621.503
1062.51
-365.989
510.25
-425.328
101.682
835.17
-594.371
-446.275
-105.157
-47.3723
825.901
301.963
-416.027
-1255.82
-1086.03
373.821
-1277.28
-438.042
678.531
275.297
741.825
-572.291
186.542
-580.712
-1467.98
101.218
1581.25
731.667
-1043.47
87.7816
142.089
625.138
-305.532
-109.467
-1457.73
-574.377
343.57
-1529.91
151.681
-14.8329
-3.43067
323.621
-131.035
1245.61
-1582.19
1965.7
-276.703
-1342.77
1613.44
39.6871
-270.765
51.9759
331.34
138.987
-517.148
-842.921
720.136
-374.607
-0.830259
-598.699
-67.804
-1011.43
433.266
-463.61
-605.934
369.616
-130.672
-942.916
260.754
-26.0255
-690.799
693.61
-94.1614
-493.821
1473.27
539.525
254.033
-493.938
-577.056
-673.115
-337.888
803.623
552.264
-493.355
-197.058
-41.2586
-317.538
56.5865
-206.711
-693.249
223.307
1013.41
129.487
1511.69
176.176
501.27
-638.558
-302.111
233.859
-198.674
926.774
1085.37
-501.783
181.694
-383.219
13.6648
-869.696
780.957
83.3576
1408.92
725.616
9.75201
-448.106
499.649
318.206
-767.552
886.04
18.9177
73.5018
1006.52
899.833
-176.332
-173.271
854.173
235.047
-762.394
394.069
40.253
-586.384
-642.548
202.475
1250.31
608.279
-498.157
109.827
-639.97
-857.576
-618.197
640.127
411.995
-906.269
190.885
34.6682
1532.37
27.4032
-230.777
-125.707
55.0254
1506.53
1202.19
442.575
-1598.55
-315.117
578.214
317.176
172.377
-1040.31
-67.0262
-187.08
-943.671
-1074.29
-94.4327
-422.554
-20.4319
95.0467
953.971
1480.91
-1245.89
370.467
-1981.52
-1092.93
-347.054
288.467
1421.91
945.934
-492.497
136.54
1093.81
520.166
583.752
-1949.55
-431.319
-232.97
268.252
602.646
-416.933
-472.327
-623.105
-383.12
-1609.25
388.251
60.8719
-450.366
-105.68
1682.03
-380.751
-813.246
-0.413677
1162.49
458.719
-1192.02
149.647
-990.365
-249.885
-1088.96
1.00352
-1121.32
142.606
301.204
-1629.82
502.296
192.985
-516.993
-346.952
-221.189
-44.6332
-655.572
-176.714
836.086
-846.608
-155.957
777.002
532.181
463.591
1029.67
49.8507
630.693
-644.785
645.859
-487.392
-771.204
-47.1034
-99.0326
-722.74
839.457
-839.552
201.243
1651.84
1182.12
-103.289
169.719
-662.575
729.912
892.516
40.5943
-755.666
506.673
193.529
-899.479
-966.895
-1305.73
950.582
559.748
-451.521
414.682
-419.406
62.2861
-814.541
574.705
-874.29
87.5899
375.324
957.718
987.121
836.832
200.96
-621.781
919.896
354.569
273.115
666.016
-479.024
-31.9336
1194.51
-301.944
-1297.24
-741.643
17.5184
498.604
208.032
-36.5124
-44.6862
-663.732
-1110.3
250.97
-1441.47
-175.872
1092.62
374.226
580.844
1359.32
-665.236
9.49554
56.7024
-36.8453
-948.542
829.669
-997.663
956.346
-16.1171
-1085.3
1059.9
-356.214
310.265
271.196
-2007.89
-1587.78
-133.082
-196.725
563.442
929.29
23.4136
330.706
565.47
-172.909
706.822
-229.017
1019.49
-1239.17
340.609
-457.516
150.389
104.768
-291.385
-53.3589
-28.4964
330.518
-1591.96
527.551
-241.187
123.289
1401.66
523.208
-374.459
-1649.77
-207.02
-735.248
-144.833
-1548.96
-127.526
831.398
-266.174
947.486
943.99
1125.88
-251.566
-1561.2
629.162
