-1223.14
-644.738
-1722.9
-210.887
487.916
871.155
-793.739
-1385.12
-27.3598
-274.008
165.793
-378.342
-1759.76
-10.8599
793.775
636.987
590.161
322.277
150.878
1024.33
336.078
-478.935
-93.9769
513.707
-552.999
-1019.59
-956.784
638.449
-116.642
-1021.19
-1271.3
-206.699
990.759
657.674
772.72
18.1628
299.761
1176.86
981.049
-1324.71
-729.164
40.7482
147.089
-927.322
-299.961
-577.451
-13.3573
427.964
273.372
817.027
-399.521
-425.242
-1393.86
-238.196
605.635
-1148.82
-428.884
782.513
723.723
-712.585
1235.04
1501.78
686.407
1183.82
67.0354
492.537
-399.671
627.263
858.746
476.271
517.758
-679.151
729.009
-299.07
201.155
984.993
908.232
702.135
-1879.57
962.772
-482.683
-147.514
899.325
-1718.4
-497.209
256.799
785.632
1589.39
295.147
1030.69
347.804
-562.548
166.763
-935.279
-465.53
-829.356
127.381
-168.184
-514.516
141.274
450.946
-577.285
-687.047
893.782
139.348
1138.8
754.301
-916.066
960.467
384.756
59.4936
-507.603
-114.584
1549.22
698.969
1490.46
-2040.7
-788.105
803.259
935.981
1183.85
-723.105
-372.869
174.962
1085.02
-261.053
167.421
-519.897
1479.9
-19.5768
809.163
129.452
-950.478
-605.791
1555.55
-754.034
336.061
-983.051
-702.1
-995.124
1285.81
-202.793
1143.72
466.515
-66.0637
566.247
-797.218
-1307.66
1268.12
-483.806
-441.244
516.112
-566.823
-431.424
516.849
120.917
-1190.22
712.065
285.489
1024.21
-438.045
301.921
-280.447
264.162
902.344
485.841
-310.788
390.094
375.814
-39.4639
1216.26
-634.772
-452.514
872.962
88.9714
1248.81
-1733.98
322.523
698.194
-1409.37
465.29
-859.913
113.325
65.2432
427.342
-1330.85
-498.887
84.4
-174.737
-1025.95
1519.41
608.783
-1252.26
-61.59
1042.51
-515.163
-1487.78
-562.407
917.539
58.6928
221.694
565.037
369.901
-1032.03
-142.733
549.948
-465.631
880.314
385.255
416.479
631.267
995.465
1825.13
-863.789
418.036
493.412
-115.495
-951.218
17.6489
748.273
1412.54
-0.189445
237.154
683.099
-33.5055
72.7861
552.331
-624.554
881.719
-1080.83
1186.1
302.921
383.542
-1076.68
-719.483
228.731
32.605
1164.29
641.455
-1397.89
-667.88
745.198
1629.73
-378.723
-515.626
129.197
200.432
-1246.07
-20.8254
-67.5745
776.249
-224.385
686.227
496.32
559.518
-478.2
-693.438
46.1698
-1321.06
-188.024
-349.615
664.42
865.746
-709.399
364.185
131.908
-1213.76
1821.78
1792.89
579.132
16.6678
1268.93
-1047.13
591.52
-315.501
127.42
-574.536
228.028
-517.707
-143.749
1144.02
-974.509
-241.788
-684.496
926.434
815.165
35.1203
-897.281
-555.342
-285.692
150.121
165.907
-805.346
913.373
836.129
-359.853
118.027
1087.52
-302.77
-433.221
10.8012
467.598
-993.623
-448.54
993.432
-145.855
-607.268
-987.272
-321.799
149.771
450.487
1392.08
1175.34
-178.238
61.0594
-42.8538
-1716.3
-1309.15
-468.188
695.257
-286.441
-1946.44
1611.65
-142.301
959.47
1328.91
-177.732
751.413
402.656
149.172
-295.148
-988.987
30.2791
855.3
1833.64
-423.233
-618.412
1196.34
602.998
538.182
275.623
-427.297
-371.737
-1115.32
-313.665
-1454.88
143.504
-74.7985
653.094
102.205
1019.35
896.148
-348.535
892.981
270.151
-328.972
-517.5
-703.596
651.971
-293.997
-501.343
-802.113
-244.75
-1153.94
527.16
-275.635
1290.11
-418.704
750.629
1050.94
-825.181
390.683
-980.728
-338.268
1087.23
-536.085
1683.1
-535.938
831.675
278.151
270.045
-470.967
-177.079
-349.031
441.625
418.377
-622.726
-739.599
583.53
-1.90832
-612.887
-547.961
384.118
1243.44
120.485
-155.244
-447.579
991.388
1850.66
-367.705
365.083
-499.498
-1566
871.082
-882.665
1387.66
890.772
326.25
-910.592
-571.841
-403.566
-365.129
-1031.63
38.8933
338.428
-91.1899
1038.27
861.004
1624.61
-861.995
1736.28
523.52
-76.8198
1037.04
1079.11
-268.668
479.73
1545.3
217.875
-1180.83
630.945
-767.103
465.595
-1133.35
1508.7
580.226
229.525
-1189.43
7.81346
218.5
1805.91
831.627
-467.513
1266.08
28.5887
1029.79
-953.823
308.375
649.636
418.172
-94.5139
-823.299
41.1179
5.6716
133.716
-780.044
-889.909
502.532
-247.685
-360.846
-754.02
-951.067
924.795
622.189
-939.139
-343.625
-323.283
598.514
-1388.17
127.414
170.023
-1245.36
-651.81
-958.613
176.925
1944.27
939.426
-803.509
520.533
787.239
-1808.85
632.411
-1095.98
-886.011
303.153
1478.76
-168.374
137.94
-365.244
-399.609
-118.56
-158.794
-407.783
78.4884
-1184.3
-1137.39
772.646
1806.99
535.513
763.548
-5.57124
-1589.41
-836.848
1716.63
369.829
-393.101
-1113.37
821.643
-183.632
877.454
-613.725
1340.75
-1726.03
-503.818
694.137
-842.265
-439.126
949.198
589.831
134.737
-1701.9
-880.518
46.8675
687.192
-1384.92
-423.994
-1264.28
-741.007
1316.07
992.93
-1133.01
566.279
-1592.33
-471.027
1921.5
175.367
65.2895
-41.6529
-814.158
-890.978
633.001
-966.275
-59.6161
-193.017
473.338
294.325
-615.454
265.893
183.423
386.567
-699.839
325.156
-253.714
1469.33
59.3203
1486.84
-351.218
305.587
65.9338
428.702
1882.78
-433.811
299.156
-267.699
-77.0189
428.986
-1411.98
307.078
112.814
-1025.14
986.142
-153.666
-1003.02
970.531
-153.058
379.589
1485.82
-634.392
707.418
1257.48
1693.41
-571.838
271.226
170.061
-934.745
558.124
-205.291
398.291
165.585
-451.95
-362.379
-619.536
485.071
1378.36
413.797
-278.708
429.385
-234.832
422.583
335.442
386.37
73.0414
-503.717
-452.994
-892.939
1129.73
-793.941
-787.976
323.802
-1259.99
-1759.95
-240.688
-101.748
232.678
-116.262
-336.319
1115.09
-389.674
-849.985
48.7149
938.401
898.16
-915.005
1745.16
418.684
202.836
-665.83
-1182.03
59.9533
-632.105
93.0297
343.935
1288.71
1157.2
229.924
-488.62
656.552
-100.521
136.506
724.75
23.5961
-283.218
-535.586
243.764
794.273
677.472
835.784
-590.455
811.493
-138.365
1595.77
160.289
-574.043
-1649.59
-541.478
230.942
-151.427
89.9003
-516.198
-486.955
-166.76
-1820.84
1164.8
-319.67
79.6902
207.249
257.943
80.5166
642.074
-310.883
-357.78
649.193
1530.25
-872.454
761.672
-563.965
-978.387
-1206.6
-121.286
-10.1681
543.57
-159.56
1072.93
475.019
-175.289
598.569
388.566
988.404
361.822
865.741
155.701
770.883
-148.526
-88.2595
-972.569
-456.944
-1208.21
456.409
892.287
419.487
367.25
-249.886
-207.184
-610.992
-244.303
630.637
-429.196
390.806
-762.598
215.821
255.405
771.436
269.097
493.847
272.656
-658.367
-1922.02
-1329.65
485.332
-1379.26
-339.836
-19.0382
-261.355
536.824
150.709
1322.51
1205.67
571.308
-227.223
-183.859
-1202.5
-1607.9
1399.79
723.781
233.302
1685.43
207.924
321.668
310.95
-203.506
398.497
-61.9196
-205.973
-328.487
-499.523
-507.215
-1069.94
789.373
1553.35
615.87
-853.393
-1210.07
-231.473
469.115
-735.57
429.883
845.747
2007.92
338.645
-192.433
-30.763
268.027
-728.282
-86.2903
362.508
1176.8
-664.754
983.026
-837.922
-502.771
-901.429
-170.43
80.2928
-488.196
124.961
812.238
366.358
1392.08
1491.61
-525.968
-466.967
-606.09
-481.205
-420.194
-89.3038
-1232.36
854.207
842.526
978.903
-531.304
20.3263
-211.621
663.83
-464.462
-1396.84
-1295.38
763.016
-412.924
-235.232
594.593
322.355
-674.76
-1548.6
1484.58
2245.86
-340.242
690.085
-867.465
568.348
-11.4353
-231.214
-15.7906
-1299.29
-1652.21
-949.863
636.858
-1192.71
951.669
-1528.96
752.356
1075.22
633.023
80.524
-55.875
87.536
-23.1246
338.629
-993.693
-682.436
-138.688
-34.8393
1617.86
-855.4
258.24
-170.701
-1.11785
1554.91
-1323.08
376.949
534.25
460.754
-389.34
1379.36
-699.108
-1701.57
727.164
505.781
-426.492
-172.559
-1093.05
403.075
222.357
95.9238
-88.9442
-284.73
-1120.6
534.871
600.617
-133.863
684.204
1243.63
-392.243
-722.051
869.462
-564.735
-1251.8
489.45
252.206
-583.877
834.579
-1011.05
-435.028
439.657
-1188.21
616.287
-1249.41
-31.2185
375.755
-147.374
897.863
430.956
-269.468
-627.861
183.453
-560.373
-449.691
-342.761
-438.534
-279.574
1166.34
986.235
183.763
-1016.19
526.631
1180.04
-736.942
-596.182
1593.69
689.453
1135.55
987.05
-540.175
627.038
48.4775
1517.77
286.237
-1351.33
1474.81
-942.827
-1537.13
377.038
-511.735
-1323.43
522.307
853.492
-421.02
-491.682
-879.83
210.606
173.4
758.29
-1699.91
-485.348
-98.8509
255.796
165.577
-1234.43
-307.184
-984.299
-362.11
-1005.98
1221.13
-1084.47
-1314.61
1148.77
-832.912
-646.541
-958.833
-863.216
435.694
934.49
-381.144
553.529
-1627.95
-1515.54
-1408.42
327.213
665.978
359.441
353.758
-274.664
-275.856
719.192
-398.647
-532.829
-1108.9
-253.279
1055.85
-267.199
558.425
15.8428
-843.53
-702.135
187.946
-1589.84
1132.56
-920.672
317.286
-477.381
30.4987
-986.054
-401.86
675.213
-592.339
1096.11
387.544
-19.5347
-914.898
-978.032
738.547
-906.201
-655.701
-241.566
-879.745
548.823
-129.869
-349.465
-1289.31
66.0106
-226.843
1420.74
43.2912
-302.453
-1843.05
1434.13
343.205
-351.306
-906.654
221.552
-1712
-353.98
-121.727
847.526
265.21
-490.844
156.219
558.648
-177.165
473.869
-471.461
-443.174
-383.498
-512.905
-64.6447
-798.605
276.202
-772.204
271.668
440.969
121.124
461.15
150.341
-319.47
255.725
-688.048
1050.45
-71.0469
-608.246
633.271
-266.309
-495.304
204.902
-655.768
1049.34
-1720.39
-127.301
1291.09
-855.121
-962.393
729.861
-223.161
-1023.39
-1139.16
-571.105
466.495
600.623
-773.962
430.274
-142.305
588.313
1329.61
-1378.42
388.73
685.889
647.258
-646.976
772.363
216.384
-299.314
884.313
1063.25
378.957
-281.309
499.694
-810.569
-701.367
830.983
-979.493
-1287.93
-663.887
-705.306
1138.75
397.029
-427.613
-1177.9
795.26
-927.286
-357.609
-259.659
194.68
-902.553
-509.108
-884.378
-1132.43
1101.87
11.426
251.588
126.081
-409.343
-321.196
251.978
-539.665
528.764
229.882
-176.376
345.95
-167.339
-662.248
-909.509
-391.789
821.164
-931.569
-301.68
1829.25
-1247.58
291.291
-537.8
-643.879
-240.748
-1014.91
20.0626
146.942
-1003.11
231.17
1305.68
-20.7542
-190.198
1314.04
-517.771
-242.692
692.978
-296.981
1258.93
-1005.72
-869.174
1227.81
-700.572
562.493
811.499
1076.09
-5.76418
-113.43
-456.908
31.4213
1014.84
1276.79
-1385.97
187.301
1672.82
420.55
-99.144
783.519
-383.613
-244.214
-1322.13
-109.645
-156.588
1380.68
-761.12
-281.873
-896.155
-597.964
-585.84
-538.787
-39.3993
-491.508
-631.824
-676.815
308.632
-762.987
-1233.32
352.57
479.456
331.458
234.5
-499.421
-500.739
749.034
670.093
1313.86
-837.528
-89.9929
1010.13
78.473
843.291
379.518
-585.833
-122.072
1095.89
891.759
-1201.97
-1014.46
-1291.36
-1289.46
142.986
-1030.61
783.518
160.256
-77.2236
192.006
-81.6566
1688.45
737.178
208.05
633.07
-264.775
-1267.41
714.879
452.756
-798.101
267.534
891.835
757.297
-1329.06
-690.653
411.749
-761.562
-284.962
523.495
-55.853
-964.614
1159.01
12.5056
-660.977
214.296
341.222
-916.337
-1173.05
-509.411
507.271
-850.826
-167.099
-983.083
7.05843
-980.2
-691.54
293.247
422.578
-480.393
-817.945
-998.399
202.85
-724.664
-140.929
-127.832
1648.98
395.045
-1469.97
1345.11
312.311
896.586
432.443
-1198.07
-190.311
-42.2656
-814.527
-63.004
430.033
123.922
-294.263
621.188
-405.844
-766.478
297.743
-2.20121
458.631
123.618
1021.78
-397.903
-1737.83
1535.73
-650.076
-208.074
-605.811
22.7065
-124.002
-818.11
-407.684
-295.745
-823.751
244.141
684.912
288.604
-844.099
-458.177
-766.147
-1146.1
-1051.34
714.82
-370.575
395.325
682.505
381.725
-4.45365
789.953
1742.81
641.53
-920.358
590.569
97.0191
-1381
723.663
-1521.47
-385.264
-196.409
-573.165
292.847
625.962
1083.05
-1679.17
-633.532
-1046.6
-549.201
-1214.04
-590.83
1443.42
546.757
-154.375
-759.467
-759.718
86.2237
-449.107
-482.239
-1533.71
1671.46
-414.987
-534.034
501.556
-1558.92
364.308
-318.877
-384.663
-558.083
-344.481
241.966
1405.71
2187.97
774.148
494.612
-370.824
-1623.9
-673.425
-1380.17
-1046.38
1763.44
1998.45
-263.041
433.857
915.306
-530.316
-866.92
-127.116
-723.632
767.502
-869.844
-980.382
1211.6
1348.89
574.326
1108.86
-467.242
307.437
460.061
1198.41
326.808
-109.672
926.147
-235.668
611.178
-645.01
-359.032
575.082
1555.54
-175.55
1437.52
1220.09
513.803
363.209
628.801
-351.888
-1031.08
-1047.16
999.413
59.5204
457.542
352.853
-440.436
136.632
-458.057
1033.86
-43.6629
-751.614
468.526
-997.64
277.134
538.771
2028.24
-1302.25
-1.23991
522.083
-571.761
241.395
1039.77
-10.8158
610.561
-845.975
-517.692
824.522
-181.59
-554.56
-429.884
-650.02
-1325.67
719.046
-974.619
-973.898
136.137
165.365
-10.6818
-1366.74
-67.7198
-1080.77
849.486
1004.04
357.648
105.319
-175.809
-1166.29
254.847
-754.36
-799.695
-183.612
169.603
222.262
224.644
-1144.63
-135.442
334.443
626.351
-87.0986
928.167
-313.821
1428.49
2052.29
345.524
-405.434
-1230.71
819.428
-821.362
822.901
-10.0456
-333.922
738.735
-1355.69
1905.23
-924.453
609.267
1331.07
-141.893
-721.611
-737.016
563.591
233.735
-438.438
382.704
494.432
581.097
293.372
1983.44
-1443.59
1277.18
389.012
-691.724
742.14
460.457
496.168
-15.748
1378.84
351.148
-157.145
-456.942
652.917
-714.041
-1628.58
431.143
-891.629
-1156.82
-405.997
968.375
492.448
-516.577
-944.449
-1636.9
108.058
609.587
96.5585
-354.929
226.688
-676.927
-54.6791
668.205
-1014.49
-1217.46
-173.464
698.322
374.039
1208.49
122.585
359.764
-933.493
-180.371
344.831
-994.957
-742.18
-763.919
10.5091
-306.624
1055.63
-1005.26
765.832
-834.847
-148.982
942.175
949.493
-975.657
1392.5
-1327.45
-740.719
-324.715
-1125.94
353.291
12.1227
-1557.33
-75.3087
174.706
96.0152
-632.005
263.856
727.137
1159.04
146.48
-656.144
599.274
-1036.86
685.104
-876.62
18.5654
-467.781
-299.441
-466.732
401.701
-567.049
-1287.51
-1.54387
259.468
-92.0737
399.876
-752.243
349.566
-585.043
37.4507
397.625
-76.0668
-569.378
-1088.02
896.242
345.028
-446.396
54.992
-586.109
169.856
985.106
-517.27
313.845
-1195.41
-391.875
318.282
-205.954
603.08
-266.405
-845.917
-197.636
728.237
49.0013
128.149
-689.45
-60.4158
305.492
51.6213
1634.26
-1861.28
107.926
730.349
-683.008
-415.132
91.8492
799.596
-778.711
-669.615
815.303
-353.508
1037.23
-849.013
-1115.71
-1164.66
-719.169
160.498
162.48
-350.462
-1005.66
543.772
-1415.99
771.629
162.507
-425.596
386.946
1188.96
902.962
-841.652
-534.364
611.043
10.9656
311.212
-552.566
-300.39
438.029
-614.344
1067.34
-365.145
513.068
-424.535
102.422
835.925
-587.21
-445.491
-102.919
-46.6832
831.484
309.1
-407.915
-1248.19
-1084.38
374.205
-1272.72
-437.186
680.652
276.345
749.778
-568.236
193.994
-574.96
-1459.43
105.39
1587.11
737.939
-1037.58
96.187
143.473
632.291
-297.242
-103.149
-1457.24
-565.689
346.319
-1524.3
157.77
-6.0052
0.790923
327.156
-123.458
1253.07
-1575.06
1966.57
-269.891
-1335.61
1617.68
44.3792
-269.885
55.513
339.289
139.683
-511.143
-842.035
721.655
-373.767
4.9799
-590.645
-60.7789
-1007.25
436.13
-459.931
-598.663
370.828
-127.292
-935.782
261.827
-24.6577
-685.598
697.825
-88.1862
-489.623
1477.47
542.467
261.971
-492.866
-569.951
-670.885
-330.846
807.9
553.147
-486.981
-192.788
-36.1932
-315.282
57.4251
-204.157
-690.87
225.07
1017.75
130.241
1518.83
176.548
509.83
-637.536
-294.95
242.005
-197.762
929.724
1090.4
-497.945
186.512
-375.637
20.8089
-861.418
782.359
88.0221
1409.78
731.158
15.7216
-440.465
508.234
320.52
-765.822
888.17
27.5297
74.4905
1010.17
907.879
-170.052
-166.652
855.067
238.115
-756.775
401.798
44.4281
-580.581
-638.309
203.28
1251
616.002
-496.296
110.603
-634.561
-856.002
-609.405
642.177
417.701
-902.373
193.627
35.6421
1533.38
28.332
-230.091
-125.056
59.2421
1510.68
1206.82
446.185
-1597.52
-307.789
585.736
324.986
173.039
-1037.46
-58.7041
-179.126
-936.558
-1069.18
-87.461
-417.781
-15.8283
100.527
955.441
1485.06
-1244.83
371.205
-1972.94
-1088.42
-345.878
293.785
1425.11
954.642
-491.568
144.299
1099
520.98
584.173
-1942.43
-427.12
-230.676
274.666
604.458
-413.652
-471.873
-620.742
-378.571
-1604.24
391.222
65.1265
-444.486
-98.5807
1686.52
-376.153
-805.226
0.565249
1165.86
463.169
-1184.91
155.451
-982.216
-249.032
-1081.41
4.46419
-1120.53
148.568
302.958
-1623.77
511.051
193.891
-509.876
-346.07
-216.937
-38.5613
-649.338
-169.669
837.127
-843.03
-147.481
778.185
539.289
466.992
1034.34
56.9515
631.297
-637.627
654.5
-482.192
-768.183
-40.8242
-95.0145
-714.534
843.64
-835.386
207.623
1660.22
1183.14
-94.5677
177.021
-661.784
730.83
896.13
44.7957
-754.846
507.732
196.008
-897.205
-958.461
-1297.35
951.622
566.873
-447.256
418.082
-414.851
63.3109
-810.083
575.763
-870.038
93.2774
375.986
959.839
991.844
837.838
204.139
-613.591
924.473
362.945
273.814
671.512
-474.838
-26.7583
1195.21
-296.717
-1291.9
-738.852
18.2394
499.336
208.697
-32.2314
-40.4785
-663.187
-1102.19
257.072
-1433.16
-174.881
1093.62
374.611
585.229
1366.46
-656.676
13.7041
58.954
-28.0842
-947.555
835.667
-994.188
958.231
-15.4185
-1083.37
1067.53
-347.557
315.53
279.746
-2007.23
-1587.15
-125.358
-192.499
564.433
935.709
25.927
331.589
573.985
-168.556
712.575
-225.544
1020.11
-1235.02
341.256
-452.49
157.516
110.211
-287.246
-45.1535
-24.2522
338.3
-1590.31
531.762
-240.754
123.935
1405.86
523.911
-368.806
-1646.59
-204.6
-729.426
-138.385
-1541.53
-120.42
835.59
-259.396
952.689
944.911
1133.02
-244.497
-1560.21
630
