-1232.52
-651.806
-1732.29
-217.608
478.778
863.928
-800.412
-1384.62
-31.8555
-280.514
158.626
-384.613
-1759.29
-19.166
784.411
630.722
589.562
314.913
146.564
1016.46
329.695
-483.041
-100.177
506.322
-557.269
-1023.98
-961.625
634.335
-117.623
-1021.04
-1278.22
-209.454
991.785
653.542
768.183
14.0008
295.649
1172.74
976.942
-1331.06
-728.601
36.5854
140.02
-933.235
-304.494
-584.595
-17.3098
420.615
269.206
812.448
-403.643
-431.613
-1400.93
-242.658
597.887
-1155.89
-433.041
778.383
719.516
-718.846
1235.77
1497.64
682.288
1179.91
62.7327
492.418
-408.578
618.093
851.55
469.618
513.719
-683.495
730.021
-303.104
192.692
983.099
903.004
694.972
-1888.11
954.292
-488.139
-151.679
892.257
-1725.47
-503.789
252.68
781.496
1585.26
288.08
1023.92
341.258
-571.567
159.658
-941.565
-467.671
-833.481
120.274
-171.769
-520.787
137.083
444.399
-585.437
-693.103
893.684
138.243
1132.21
746.861
-920.187
957.053
379.794
60.0466
-514.853
-119.044
1545.74
691.718
1484.14
-2047.81
-795.172
796.191
927.42
1183.51
-723.549
-376.985
168.662
1081.59
-270.414
162.935
-526.964
1473.79
-26.76
805.034
128.264
-956.744
-612.094
1553.96
-757.979
329.934
-987.322
-708.398
-1002.19
1278.74
-212.19
1139.58
461.906
-65.6332
558.214
-803.204
-1317
1264
-484.749
-445.421
512.256
-569.416
-437.73
509.508
114.645
-1198.01
707.928
283.777
1016.43
-442.412
293.074
-289.114
260.037
895.096
478.685
-320.144
383.807
374.446
-45.4967
1212.04
-642.04
-458.812
865.568
81.1915
1244.63
-1740.75
315.27
696.931
-1413.55
459.021
-866.051
109.213
58.8836
420.175
-1337.14
-505.166
81.0922
-179.102
-1030.14
1515.2
605.418
-1256.64
-61.8274
1036.28
-519.277
-1487.44
-566.521
918.564
52.3797
214.319
557.969
363.453
-1039.1
-149.801
545.643
-469.876
873.03
381.109
415.304
624.199
988.243
1821
-870.088
412.733
485.228
-118.138
-958.559
10.7879
743.691
1405.15
-7.25813
233.04
682.066
-42.0525
65.7181
548.063
-628.923
877.567
-1088.1
1180.94
298.075
384.732
-1083.21
-726.663
224.539
25.3841
1157.14
637.285
-1405.27
-674.771
737.954
1623.61
-385.776
-518.661
122.902
192.448
-1254.29
-23.2013
-71.758
777.419
-233.776
678.979
489.749
560.357
-482.311
-699.83
40.0867
-1321.77
-194.89
-356.683
660.314
856.358
-716.167
356.851
124.84
-1213.42
1812.48
1785.11
579.604
9.35608
1265.22
-1053.25
591.729
-322.671
124.976
-578.641
228.059
-527.062
-150.932
1139.93
-978.713
-246.768
-688.684
922.291
816.219
33.4829
-898.493
-559.149
-289.442
146
160.254
-814.502
906.016
828.872
-366.927
112.78
1081.25
-309.858
-439.48
2.01531
463.492
-998.272
-448.272
990.244
-150.906
-611.386
-992.182
-326.157
141.021
445.804
1393.25
1174.12
-187.608
53.9911
-46.5408
-1718.3
-1316.25
-477.566
689.166
-288.809
-1955.6
1612.48
-149.54
951.306
1328.51
-177.782
748.214
399.637
147.451
-298.238
-996.054
30.6034
848.58
1827.29
-430.103
-627.769
1187.29
598.482
533.846
268.556
-431.669
-371.355
-1119.6
-320.892
-1459.04
144.034
-73.6048
646.3
97.784
1018.85
892.022
-347.524
893.664
266.175
-333.096
-524.898
-710.663
647.765
-300.493
-508.724
-804.299
-254.148
-1163.31
519.777
-280.239
1285.83
-425.511
743.293
1042.97
-828.862
386.531
-986.876
-344.555
1081.18
-542.871
1682.76
-543.224
825.387
271.835
263.78
-472.182
-183.368
-356.205
437.476
414.087
-629.543
-746.927
579.413
-9.28045
-619.781
-554.239
379.981
1237.69
116.336
-157.178
-453.871
984.863
1846.02
-373.978
357.839
-506.487
-1566.99
861.723
-886.825
1387.38
884.47
319.182
-914.397
-575.952
-405.344
-371.837
-1032.12
33.041
331.252
-97.3224
1033.82
853.934
1620.43
-868.267
1727.87
516.29
-81.7759
1029.63
1072.82
-275.219
475.069
1546.34
213.334
-1187.15
628.324
-773.475
461.186
-1135.08
1502.01
574.375
222.457
-1194.09
8.68074
211.933
1799.88
825.048
-471.645
1261.81
26.8308
1023.9
-963.206
307.002
649.319
412.844
-101.283
-827.499
37.6572
1.53187
126.648
-779.706
-893.737
495.311
-256.131
-360.499
-760.498
-958.22
922.385
615.108
-947.548
-350.691
-327.753
592.487
-1392.34
124.516
164.055
-1249.47
-658.089
-965.916
169.735
1940.17
932.357
-810.8
518.892
780.08
-1811.85
626.094
-1100.47
-890.161
296.888
1469.37
-172.481
133.522
-374.269
-406.677
-118.043
-166.12
-408.672
77.976
-1188.41
-1141.66
765.329
1802.64
531.373
759.362
-11.949
-1596.48
-842.182
1707.91
368.456
-400.275
-1117.67
815.353
-187.753
870.386
-615.381
1333.68
-1730.03
-508.42
686.792
-849.621
-446.352
942.297
585.707
130.444
-1711.28
-884.723
42.6406
680.534
-1384.46
-427.86
-1269.27
-747.849
1311.94
986.634
-1136.97
562.14
-1596.95
-473.348
1915.62
168.607
58.2736
-48.8315
-821.226
-894.776
623.619
-972.424
-64.7635
-201.709
469.651
289.732
-624.035
258.725
176.325
382.294
-703.96
315.771
-256.941
1463.07
51.9874
1482.2
-358.285
299.385
61.7647
427.074
1875.71
-440.964
294.861
-271.858
-81.1268
423.126
-1418.24
298.536
109.234
-1029.27
979.835
-160.734
-1007.12
970.39
-157.597
379.603
1478.75
-640.508
700.054
1251.03
1685.68
-575.967
262.093
169.001
-941.998
553.242
-206.005
397.265
164.167
-459.018
-364.176
-624.449
479.904
1374.23
406.715
-285.776
428.118
-233.999
416.289
327.904
387.619
65.7412
-507.863
-460.363
-900.239
1130.23
-803.311
-792.31
317.893
-1260.49
-1760.62
-241.891
-107.124
225.322
-123.582
-343.538
1106.18
-393.852
-854.179
42.441
933.998
890.831
-919.115
1742.59
416.042
198.701
-675.227
-1183.36
53.9632
-636.218
94.2349
334.568
1285.43
1150.11
225.804
-487.496
650.574
-108.969
130.198
720.339
17.3227
-290.473
-542.805
239.573
793.184
673.183
828.645
-594.558
807.338
-144.658
1591.51
161.122
-581.25
-1653.97
-548.732
231.823
-154.159
85.7921
-520.402
-487.55
-174.132
-1826.91
1157.73
-323.778
72.3077
200.947
253.876
72.0965
638.41
-317.905
-367.168
645.352
1520.89
-878.733
755.409
-570.722
-986.007
-1213.83
-127.546
-9.53892
540.047
-166.254
1066.02
466.101
-174.889
591.307
386.543
982.103
354.236
866.122
147.891
763.67
-157.891
-91.7788
-973.616
-463.532
-1212.4
449.71
886.45
414.617
359.664
-257.686
-214.458
-615.336
-247.725
623.286
-434.518
384.006
-769.994
208.586
253.042
767.322
267.609
485.699
268.571
-662.75
-1927.91
-1333.77
484.955
-1383.46
-344.895
-26.3528
-270.074
530.343
151.726
1315.54
1198.34
567.145
-234.611
-190.971
-1211.89
-1617.27
1395.65
724.812
228.784
1684.39
203.721
314.6
307.608
-205.192
392.211
-71.2792
-212.674
-332.616
-508.884
-513.524
-1076.22
783.09
1548.73
611.325
-857.75
-1214.17
-235.633
465.894
-734.804
422.414
841.584
2000.74
339.049
-196.557
-37.0347
269.061
-732.472
-93.3642
356.407
1167.45
-669.405
978.915
-842.284
-506.882
-908.62
-174.597
72.8994
-495.347
120.916
807.165
360.028
1387.68
1487.93
-532.717
-474.336
-606.772
-485.328
-419.88
-93.4623
-1239.9
854.808
843.438
974.654
-537.64
16.1085
-213.545
655.91
-470.445
-1401.02
-1294.94
756.735
-417.247
-235.16
587.352
314.851
-675.968
-1552.78
1478.31
2238.61
-346.413
684.064
-874.532
564.24
-17.0314
-235.328
-15.2378
-1306.48
-1656.31
-956.931
629.79
-1192.47
944.448
-1533.48
746.127
1068.09
623.623
73.1449
-62.6403
80.5091
-30.1927
332.02
-1000.76
-683.347
-145.162
-38.2983
1611.76
-864.79
251.804
-178.085
-5.28804
1547.84
-1323.9
375.13
530.077
456.524
-393.458
1378.12
-705.392
-1705.57
720.994
505.607
-433.561
-176.707
-1097.68
401.05
218.237
93.8322
-93.2133
-285.019
-1124.72
525.513
593.549
-140.528
680.803
1239.08
-391.715
-723.131
868.565
-574.106
-1252.24
483.652
247.085
-588.366
828.439
-1018.4
-435.634
440.636
-1195.51
612.166
-1251.2
-36.9516
371.909
-154.659
893.708
427.026
-273.735
-634.929
177.16
-566.632
-452.582
-342.034
-443.138
-288.971
1159.1
979.715
176.882
-1022.48
520.814
1175.7
-744.226
-597.431
1586.62
685.334
1128.48
986.827
-546.291
622.914
42.0748
1508.64
279.958
-1358.68
1470.7
-949.141
-1541.42
371.025
-512.375
-1328.2
523
854.532
-420.282
-497.953
-887.175
203.636
166.136
754.378
-420.658
-1704.07
-487.876
-101.858
246.413
161.487
-1238.81
-314.252
-993.698
-366.232
-1005.75
1214.41
-1092.17
-1315.57
1142.47
-837.068
-652.883
-963.03
-869.522
426.539
927.164
-388.211
546.778
-1635.17
-1519.84
-1411.73
327.231
658.91
356.9
344.622
-284.064
-283.175
712.902
-405.321
-541.637
-1109.52
-260.554
1054.89
-273.464
551.318
16.7847
-850.612
-701.515
181.688
-1588.61
1133.32
-927.774
310.117
-484.717
30.8321
-993.31
-406.074
665.829
-591.417
1092
381.445
-23.647
-916.145
-982.411
733.854
-910.037
-659.891
-248.633
-883.166
542.424
-129.33
-351.876
-1296.37
63.2209
-234.608
1414.57
39.1283
-306.69
-1850.12
1424.95
339.812
-360.696
-910.77
217.166
-1720.09
-360.298
-127.956
839.704
258.929
-497.974
149.961
551.459
-183.446
469.239
-478.619
-449.214
-386.581
-513.821
-70.931
-804.485
269.134
-771.66
267.405
432.709
114.771
462.209
143.454
-323.606
251.609
-697.401
1043.24
-80.4085
-615.655
623.893
-269.112
-502.604
205.817
-656.597
1042.22
-1724.51
-134.368
1284.22
-862.498
-968.744
723.647
-232.557
-1027.5
-1143.28
-575.217
465.79
598.731
-780.258
428.021
-144.188
584.198
1330.41
-1384.72
384.609
678.575
640.948
-654.775
767.84
211.421
-298.179
876.517
1058.15
374.245
-289.383
492.425
-814.685
-705.606
826.361
-984.993
-1292.07
-668.078
-710.255
1134.52
389.214
-429.569
-1183.67
795.748
-936.421
-364.677
-267.493
187.314
-909.011
-513.217
-891.67
-1138.22
1097.69
6.80358
248.867
116.681
-413.496
-328.454
244.977
-547.007
523.916
225.727
-179.534
336.662
-174.407
-669.071
-916.394
-390.899
814.096
-938.978
-302.769
1827.13
-1251.97
285.016
-545.164
-648.861
-246.926
-1023.4
12.7165
142.69
-1007.69
231.409
1298.99
-28.2326
-194.331
1306.02
-523.86
-249.942
687.901
-303.085
1254.81
-1009.7
-873.188
1228.83
-709.928
558.367
804.659
1068.7
-7.26548
-117.609
-459.808
23.8342
1008.52
1277.29
-1394.8
181.893
1663.44
413.405
-108.475
784.511
-387.727
-251.459
-1329.56
-113.848
-163.802
1373.3
-765.539
-288.157
-900.544
-605.031
-584.806
-546.753
-48.7569
-498.765
-635.976
-684.113
304.054
-766.576
-1242.68
344.811
472.167
327.782
227.344
-503.542
-508.009
739.654
663.024
1313.51
-844.346
-97.7734
1006
74.3305
839.172
375.193
-589.546
-130.547
1090.08
886.44
-1206.07
-1021.76
-1295.01
-1296.84
138.525
-1037.88
778.83
156.145
-84.5434
182.646
-86.2881
1684.33
733.028
203.548
634.274
-270.851
-1273.49
705.488
445.416
-802.212
261.187
887.719
750.225
-1333.18
-696.047
404.349
-766.18
-283.941
516.428
-60.5428
-969.823
1153.78
8.68114
-665.292
207.437
334.943
-925.712
-1180.38
-514.619
503.653
-854.938
-174.447
-990.186
3.63929
-986.615
-700.936
289.13
418.459
-486.988
-825.065
-1001.97
203.536
-732.023
-145.098
-134.443
1644.86
387.976
-1473.9
1338.29
305.243
890.323
425.74
-1205.44
-195.272
-44.1143
-823.924
-67.1796
426.352
117.949
-297.935
617.04
-413.168
-772.742
293.233
-5.89574
454.927
124.213
1015.49
-402.083
-1741.07
1533.52
-654.191
-213.554
-614.392
22.4991
-127.878
-823.099
-412.028
-305.084
-829.849
234.769
683.14
282.764
-850.259
-464.96
-773.156
-1147.8
-1055.47
710.675
-374.746
388.32
678.438
379.015
-11.5222
782.884
1736.53
637.715
-926.652
591.067
92.8366
-1387.4
715.257
-1527.43
-389.816
-202.151
-582.55
289.046
618.814
1078.72
-1685.59
-640.722
-1050.72
-552.14
-1213.5
-591.009
1439.65
539.657
-161.441
-763.669
-768.451
79.1411
-453.222
-486.23
-1540.88
1667.68
-419.098
-538.524
497.365
-1566.12
359.744
-326.141
-393.17
-562.435
-349.046
232.58
1401.55
2183.36
768.052
490.321
-370.47
-1631.19
-677.544
-1389.1
-1045.88
1756.37
1993.84
-269.055
424.463
910.068
-532.348
-866.995
-131.054
-732.827
763.011
-879.217
-987.78
1208.64
1344.23
572.849
1101.46
-474.649
301.054
450.933
1191.62
319.514
-108.457
919.149
-236.073
611.047
-652.078
-368.403
570.874
1546.18
-182.955
1433.78
1212.75
509.453
356.921
621.44
-358.882
-1034.68
-1054.53
994.321
53.6918
455.455
344.628
-446.884
129.564
-460.57
1029.67
-50.7302
-758.716
464.061
-1004.51
276.472
539.571
2024.55
-1308.73
-5.36117
518.235
-575.881
240.608
1031.78
-9.84296
609.049
-854.063
-524.26
817.322
-188.712
-558.669
-437.595
-656.947
-1326.46
712.453
-974.426
-973.302
136.841
158.298
-20.0558
-1373.62
-73.6542
-1085.05
845.241
996.926
353.207
99.0637
-183.14
-1168.88
249.49
-763.726
-809.056
-190.103
166.904
215.18
215.284
-1151.87
-138.908
329.61
619.016
-94.589
921.63
-313.921
1424.38
2045.53
340.917
-408.561
-1234.82
817.698
-828.59
818.53
-16.3274
-337.391
737.758
-1363.17
1901.57
-928.621
602.018
1326.77
-150.843
-720.581
-741.672
557.322
233.47
-442.82
375.652
489.819
571.712
286.708
1974.19
-1444.21
1269.95
389.362
-690.634
735.064
453.068
495.134
-24.7211
1374.3
343.893
-157.238
-463.67
648.79
-719.418
-1628.47
426.75
-892.732
-1161.82
-415.119
969.066
486.265
-522.889
-948.61
-1636.41
101.116
602.476
89.2553
-360.232
219.62
-683.987
-62.0339
664.008
-1020.71
-1224.93
-181.197
691.577
368.142
1206.06
115.517
352.42
-935.409
-184.269
340.68
-1001.27
-749.799
-768.085
1.33781
-314.192
1056.8
-1014.51
761.723
-844.208
-154.872
937.972
943.184
-982.98
1388.61
-1336.84
-746.037
-331.22
-1129.21
354.375
8.51508
-1564.64
-82.5862
173.9
93.2649
-638.268
257.585
723.05
1154.89
139.369
-660.316
592.032
-1043.93
686.314
-884.983
16.4974
-471.887
-305.71
-471.244
394.374
-567.335
-1294.87
-2.0721
254.689
-94.8247
390.476
-756.669
343.259
-588.134
37.0681
393.926
-85.4429
-574.407
-1095.26
889.004
345.477
-446.109
47.0735
-592.321
169.151
978.037
-517.65
306.392
-1200.01
-400.243
313.835
-213.021
598.972
-273.581
-849.957
-203.922
724.037
39.6097
118.794
-689.68
-65.9764
301.093
44.3227
1633.11
-1867.56
103.767
722.757
-686.86
-424.233
84.6641
798.141
-783.77
-670.25
816.536
-360.663
1030.94
-853.37
-1119.81
-1173.22
-727.858
153.565
154.251
-354.629
-1012.72
535.45
-1425.36
766.913
155.393
-429.418
379.623
1179.57
896.293
-841.75
-539.989
607.376
3.66387
306.833
-556.846
-303.167
431.873
-623.7
1061.08
-364.939
508.952
-424.124
98.614
836.402
-596.566
-445.042
-107.038
-49.9995
824.686
301.705
-415.056
-1256.89
-1088.54
375.439
-1279.01
-437.028
676.528
275.387
741.442
-572.812
185.012
-581.877
-1466.5
99.3684
1580.08
730.685
-1044.6
89.1197
139.292
622.928
-305.086
-110.409
-1456.17
-572.757
342.212
-1531.09
150.571
-13.074
-5.5205
322.753
-132.265
1244.07
-1584.44
1966.59
-277.246
-1344.96
1613.01
38.1007
-272.163
51.1121
332.111
135.942
-518.265
-844.245
717.485
-373.546
-1.99134
-598.811
-68.1754
-1013.26
431.995
-464.376
-606.031
366.632
-131.635
-945.157
257.62
-28.8396
-692.036
691.536
-95.2896
-495.779
1472.82
538.299
254.79
-493.581
-579.348
-675.003
-338.245
803.13
550.85
-494.251
-197.589
-42.5165
-319.4
54.9115
-208.267
-694.983
220.922
1011.45
127.266
1509.46
177.813
502.349
-638.669
-304.306
234.879
-199.791
925.55
1084.09
-502.445
180.244
-382.92
11.4408
-869.262
778.179
81.7415
1409.85
724.394
8.62138
-447.733
500.786
316.402
-769.971
884.046
20.4617
73.0621
1005.72
899.662
-177.304
-173.969
852.849
233.898
-763.582
393.177
38.391
-587.539
-643.341
199.373
1247.25
607.367
-500.434
106.741
-641.188
-860.165
-616.473
638.051
410.809
-906.889
189.521
34.0967
1532.07
26.4259
-233.414
-128.573
52.958
1504.75
1200.53
441.754
-1598.01
-315.139
578.447
317.771
169.348
-1041.58
-66.5072
-186.307
-945.947
-1075.53
-94.8471
-424.053
-22.114
93.8255
951.266
1479.13
-1249.04
368.136
-1980.34
-1094.71
-350.076
287.228
1420.83
947.357
-495.649
135.725
1092.55
521.271
585.327
-1951.82
-433.287
-234.793
267.386
600.314
-417.952
-470.757
-624.857
-384.861
-1610.5
387.043
60.2026
-451.508
-105.989
1680.22
-382.439
-812.396
-0.938619
1161.51
456.871
-1194.3
148.483
-990.239
-253.004
-1088.71
0.0907354
-1124.39
141.472
298.81
-1630.91
503.982
193.822
-519.263
-348.332
-221.877
-45.7435
-656.58
-177.069
832.915
-847.436
-154.549
773.985
529.894
462.634
1028.06
47.5523
632.082
-646.985
647.128
-488.632
-772.374
-48.0768
-99.5828
-722.483
837.534
-840.958
200.35
1653.15
1182.6
-101.636
169.669
-664.522
726.744
891.693
38.6025
-757.425
506.847
191.895
-901.321
-966.083
-1304.43
950.571
557.491
-452.095
413.725
-421.141
62.7675
-816.381
574.871
-874.963
86.4042
372.504
955.714
985.569
836.52
199.876
-620.714
918.186
355.205
270.537
664.788
-480.926
-33.1814
1191.45
-303.183
-1298.45
-742.954
18.8061
495.533
205.241
-36.8928
-46.7067
-662.248
-1110.28
249.861
-1440.26
-179.062
1092.23
375.842
578.926
1357.1
-664.127
8.43487
54.8351
-35.1527
-948.956
828.533
-998.555
954.093
-18.6851
-1087.5
1060.27
-354.879
309.021
272.678
-2010.87
-1590.69
-132.6
-197.139
564.007
928.426
21.8152
329.308
566.437
-174.862
705.641
-229.92
1020.84
-1240.71
337.693
-458.772
148.135
103.543
-293.061
-53.1218
-30.5669
329.75
-1594.46
525.499
-239.603
124.65
1399.65
520.152
-375.646
-1650.84
-208.713
-736.397
-145.67
-1548.87
-129.816
830.177
-266.744
946.228
940.817
1123.66
-251.901
-1564.37
630.187
