-381.744
547.746
-713.095
-1264.51
-842.632
-235.114
-22.6677
1399.95
572.852
-160.312
132.027
281.848
104.728
1090.14
-470.498
-401.67
-1158.76
-1048.97
24.4214
631.52
1073.98
-594.789
64.1307
-284.791
630.794
-605.562
111.592
1307.02
-188.538
-414.698
-229.705
61.6653
-1578.57
681.657
643.456
-916.897
-312.302
-274.195
595.318
-1281
-170.476
900.079
-201.388
678.072
381.575
-275.971
864.129
58.4543
383.402
221.703
247.428
920.097
-430.417
-625.259
145.691
437.105
314.955
297.718
-97.1018
571.027
-257.508
-373.795
-170.334
1115.06
-386.314
1540.76
364.11
218.726
-268.207
567.027
314.265
236.807
-824.947
644.046
606.684
979.508
-542.436
273.568
-373.062
930.388
-715.693
-1587.43
941.31
-691.322
349.69
988.888
-603.637
652.028
676.947
213.06
-414.554
226.064
-294.263
835.853
642.19
760.095
-824.509
1079.34
-61.5717
-1307.08
881.1
308.132
390.034
-307.676
256.097
16.5425
1150.32
-840.239
525.148
-556.816
2232.59
889.729
-1423.17
504.237
261.208
-69.8306
-263.074
574.162
1093.57
165.028
-563.094
-500.699
-15.0304
435.532
-213.593
-71.278
-645.691
1232.75
1471.12
-1187.67
144.244
3.57584
-1021.58
803.571
-333.485
613.36
-663.381
-434.006
841.705
1028.7
-417.372
-598.132
-274.821
623.021
-1090.28
-778.062
794.446
-109.244
-1247.98
-889.835
-243.449
-390.26
-585.842
-281.953
446.732
803.93
-413.865
-225.454
588.509
-913.653
-203.453
-660.33
291.416
-1049.12
-610.66
81.3898
956.356
-725.383
1839.01
-74.7687
1117.89
38.8419
524.536
-1270.15
-168.737
705.089
1707.98
-897.524
453.37
753.382
836.601
1164.04
-399.283
-1490
544.986
200.352
53.6986
587.504
729.601
-672.997
-436.24
-682.072
-1586.03
215.875
-337.579
1947.46
538.436
-1624.07
944.836
-482.658
484.742
-65.1287
967.976
-275.69
290.423
311.246
-688.744
682.542
964.475
1936.5
523.333
-1587.94
1010.18
-967.194
142.419
-73.9986
-1204.59
-407.708
-73.5665
-40.3933
92.8621
-509.147
1175.39
1553.16
-1286.53
838.103
-1191.02
938.565
752.859
-430.083
241.33
992.327
377.345
202.684
17.3293
-551.786
684.871
-516.217
835.871
-707.9
-1404.47
222.338
-1117.28
-577.654
274.502
456.407
755.816
1317.41
172.796
1063.94
701.047
1315.06
61.6185
4.37637
-1279.76
761.45
888.085
-444.019
-594.851
-1313.47
229.626
-314.617
589.993
412.387
-799.054
915.823
-661.246
-105.354
-793.413
60.4768
974.963
900.324
306.449
376.264
127.72
-260.604
1603.96
147.471
-394.368
-191.886
-769.091
1044.22
-652.473
111.745
398.971
1315.99
266.644
-672.836
-41.0846
-69.0418
-175.148
-570.386
31.4472
-707.108
1081.76
445.051
-325.164
320.775
-1429.16
454.066
335.275
919.465
-1122.55
-443.943
1160.21
650.563
-1416.38
343.223
-624.999
-661.427
-393.174
-740.8
-1177.1
1603.62
69.621
-198.82
365.386
191.339
-73.2944
1188.19
-948.173
-1218.86
-701.743
-219.625
325.745
67.0629
480.132
-834.827
-642.943
-194.617
891.766
-1489.96
894.337
1265.01
-189.533
1651.24
822.828
158.334
616.619
282.398
609.158
-746.465
-17.2506
-884.642
166.63
-232.088
-151.794
-991.24
651.197
-539.518
1795.15
-639.682
205.142
1516.8
334.793
1391.77
-749.068
1143.47
469.456
-811.5
274.375
82.1504
-108.986
-590.735
-833.929
656.241
-358.366
1258.86
-1384.96
463.489
-151.893
-67.59
-200.91
-906.822
-1299.48
-616.555
1576.87
-297.052
-301.874
795.839
561.427
1000.13
222.145
964.277
-1333.42
-94.8867
-76.149
693.543
-452.345
46.2293
1351.7
1033.85
1029.49
1865.19
819.716
669.468
64.9263
493.802
818.413
-379.279
40.7343
-613.497
-333.482
-61.0129
472.306
-140.073
-2004.18
163.937
-7.56432
-1072.66
-58.2271
132.217
-23.4084
-12.3892
315.146
474.11
-85.0092
-1236.48
-401.327
-41.5693
-851.281
-191.676
194.783
266.089
741.777
-493.14
75.3887
-404.026
-704.797
286.483
-195.813
401.956
641.973
-1131.65
477.376
1506.49
-1205.22
-232.171
637.844
638.335
1302.21
-543.118
74.4704
497.219
-3.46158
1204.27
421.42
142.163
-740.16
-320.697
241.012
143.338
-714.799
-246.399
-457.669
-188.7
-1371.69
346.697
1674.78
-1475.86
1419.5
152.271
-198.424
529.973
581.007
-31.277
110.07
586.733
738.431
-599.146
1218.36
754.069
592.926
1209.81
-1347.45
566.242
1921.78
-1260.98
1234.73
1356.59
-287.019
1403.09
-447.253
-496.072
-1607.61
262.057
272.808
457.701
-723.801
-237.638
-597.71
-1889.75
-114.473
593.422
146.253
-594.213
1207.25
-1272.12
-109.926
61.4429
-391.68
1082.63
959.419
1684.67
-825.616
-505.405
179.713
1571.88
392.911
832.365
366.834
942.012
448.823
-414.596
-613.522
-863.605
-1660.66
370.476
-656.01
-878.087
-234.723
184.006
609.269
-293.108
-287.229
-848.013
659.197
-411.992
680.47
-407.182
726.839
187.942
793.672
-484.636
-520.693
463.608
-241.129
98.8858
-822.102
430.75
-85.3581
31.8007
-232.587
1040.78
35.7299
1874.17
-107.456
812.563
-250.271
-720.033
1603.95
86.0655
-423.641
-1223.94
-777.535
440.687
-1634.58
1644.38
799.632
247.443
-1359.67
51.8311
-638.775
-795.772
327.348
1492.44
-100.904
-805.949
966.899
-886.23
1227.46
1251.5
831.821
-997.327
134.39
358.241
1005.94
333.53
915.95
1111.96
-479.439
584.205
979.668
203.948
136.858
562.029
-1313.65
251.599
-1053.61
514.654
74.4698
31.816
-539.066
181.7
71.9674
1225.97
-515.225
612.835
-1037.5
-895.654
429.329
63.864
13.7513
2250.39
-971.983
-435.075
634.486
85.3776
181.779
829.003
-481.124
561.442
-177.41
-903.452
-155.303
1094.67
1358.68
-285.362
1633.79
-222.643
-980.397
806.663
-627.226
-210.277
355.928
291.833
348.328
1386.56
-512.038
716.345
-228.86
1128.22
978.07
140.878
-1442.62
367.853
-94.3356
-76.8968
532.465
848.314
-239.481
1164.28
-790.909
723.145
-343.244
-359.94
-1775.26
-936.27
219.619
-733.683
735.756
-1053.03
-180.003
-630.904
365.225
-678.574
-817.24
-247.725
645.659
787.944
-648.981
842.985
1173.92
-174
-399.787
-933.17
-120.362
-605.261
104.386
-352.291
-660.435
260.409
1703.77
-546.721
-200.578
-1242.88
1003.51
654.388
204.61
-1230.42
1122.18
42.0163
-4.89869
-798.245
-870.525
1540.12
304.986
1445.36
-130.057
-121.891
-1360.49
676.99
-641.502
984.622
-626.857
-147.176
-876.679
1428.89
480.849
-684.799
283.029
430.212
-999.78
254.155
-581.832
-648.858
-247.671
1378.56
-73.3958
-158.126
1353.54
-778.921
-507.245
-364.121
-106.403
592.424
513.541
-382.404
1556.96
-1125.59
284.189
1220.83
-535.165
-776.444
833.898
-833.243
1013
325.567
-699.765
899.006
-10.0131
1289.84
1534.06
1353.68
471.423
-8.07141
472.702
-1.72784
147.09
1580.65
1443.97
953.941
-1316.5
-1707.89
2058.22
318.644
788.099
-708.056
-567.831
-581.639
-962.709
-69.9992
482.954
-444.412
-583.157
-2.70108
396.68
554.091
-772.738
-1604.46
-334.696
-1899.2
743.507
-900.097
250.228
149.71
-14.5019
-23.4801
-1059.4
-10.424
267.948
184.837
1212.72
1395.33
329.801
535.679
-153.695
333.135
-376.693
59.3378
1572.79
332.398
-223.823
643.811
-419.988
-1974.25
1178.63
913.976
140.604
-780.628
-1312.57
-1230.45
449.124
-876.92
-844.049
-288.186
-331.735
-473.569
-7.38973
-602.434
364.134
-221.657
-428.709
-1303.6
1100.51
660.554
1174.97
909.12
453.612
459.159
-559.355
807.355
815.271
1953.99
772.216
320.602
-484.769
682.439
565.689
-908.24
543.243
-1171.93
-332.492
537.535
641.434
-81.7687
310.114
496.095
-745.721
-497.163
47.9661
32.4871
411.432
309.316
645.681
115.705
229.49
-284.649
-459.667
239.699
-887.36
11.4798
-955.774
613.142
-457.153
-453.794
-607.457
957.541
-426.849
35.251
1188.69
289.29
-754.827
134.218
90.4753
-362.363
-32.7669
-73.2175
155.371
-441.517
-137.664
-139.631
-670.886
495.68
-404.884
-413.818
855.746
50.4293
287.997
399.36
-885.403
614.166
-2072.33
1525.23
-41.4623
-298.431
195.695
-851.284
-1654.63
-452.771
-37.7533
294.609
-172.603
649.846
-779.726
-1184.14
-367.114
674.215
-91.3124
36.6482
-235.525
-1621.51
-1172.83
1191.04
2059.34
33.8027
-294.769
929.168
1362.73
-465.464
-202.048
18.9128
831.703
-1353.55
-796.657
-1399.23
1208.03
-776.643
-108.376
-801.562
43.6859
-771.195
-1359.45
-802.088
-842.613
755.059
297.245
439.48
300.772
470.783
-659.96
-181.235
-246.126
-648.597
464.399
-1644.53
1225.16
-1246.17
1232.21
-584.781
339.142
10.491
960.34
623.628
693.709
-1433.12
-301.594
-474.737
-1181.5
219.213
-215.417
220.807
143.147
334.343
-513.166
373.329
-1364.49
125.36
731.257
760.634
-167.275
759.374
154.164
