-1243.27
-658.392
-1743.16
-222.659
468.77
858.213
-805.427
-1383.28
-34.9603
-285.417
152.255
-389.362
-1757.96
-27.9869
773.924
625.971
589.926
307.436
143.503
1008.23
324.874
-486.054
-104.85
500.114
-560.32
-1027.06
-964.918
631.32
-117.588
-1020
-1283.5
-211.016
993.48
650.511
765.071
10.9621
292.635
1169.71
973.937
-1335.84
-727.218
33.5467
132.979
-937.586
-307.609
-590.169
-20.0515
414.521
266.167
809.325
-406.674
-436.422
-1407.5
-245.756
589.844
-1162.83
-436.08
775.354
716.484
-723.585
1237.27
1494.61
679.268
1177.2
59.6748
493.205
-418.225
608.033
844.293
464.61
510.87
-686.565
731.708
-305.941
183.642
982.287
899.296
687.769
-1897.19
945.185
-492.037
-154.719
885.661
-1732.02
-508.742
249.657
778.465
1582.24
281.566
1018.8
336.325
-581.365
154.123
-946.334
-468.667
-836.514
114.739
-174.089
-525.538
134.039
439.465
-594.019
-697.611
894.482
138.161
1127.24
739.255
-923.219
954.867
376.353
61.4171
-520.614
-122.141
1543.48
684.389
1479.35
-2054.19
-801.743
789.675
918.201
1184.1
-723.025
-380.007
163.881
1079.39
-280.828
159.833
-533.755
1469.18
-33.9626
802.004
128.108
-961.491
-616.855
1553.41
-760.707
325.336
-990.375
-713.179
-1009.03
1271.94
-223.22
1136.55
458.776
-64.35
549.757
-807.636
-1327.22
1260.97
-484.669
-448.448
509.623
-570.823
1856.01
-442.493
502.057
109.896
-1206.06
704.897
283.147
1008.32
-445.487
283.482
-298.431
257.008
889.317
472.309
-330.476
379.053
374.122
-49.9883
1209.01
-647.856
-463.592
859.323
73.1215
1241.59
-1745.83
308.932
696.693
-1416.59
454.277
-870.647
106.197
54.0806
414.561
-1341.9
-509.927
79.0204
-182.176
-1033.17
1512.16
603.282
-1259.72
-61.1332
1031.55
-522.3
-1486.21
-569.543
920.258
47.609
208.028
551.448
358.588
-1046.01
-156.478
542.585
-472.921
867.138
378.075
415.152
617.493
981.891
1817.98
-874.872
408.963
476.557
-119.601
-964.603
5.56815
740.568
1398.88
-14.2455
230.03
682.034
-51.2103
59.0131
545.016
-631.999
874.549
-1094.43
1177.29
294.748
386.546
-1088.12
-733.026
221.495
19.7041
1151.54
634.282
-1411.55
-680.02
732.187
1619
-391.235
-520.471
118.127
184.078
-1262.94
-24.4215
-74.8013
779.217
-244.705
672.638
484.798
561.924
-485.329
-704.652
35.5396
-1321.46
-200.115
-363.447
657.308
845.485
-721.258
350.807
118.088
-1212.19
1802.19
1776.97
580.915
3.39011
1262.76
-1057.83
592.805
-328.281
123.69
-581.559
228.983
-537.381
-156.561
1137.03
-981.746
-250.211
-691.697
919.259
817.934
32.9258
-898.644
-561.714
-291.941
142.974
156.152
-824.481
899.716
822.535
-373.963
109.071
1076.51
-316.258
-444.216
-7.4795
460.485
-1001.42
-447.125
988.263
-154.421
-614.413
-995.541
-329.23
131.569
442.631
1395.04
1173.91
-198.175
47.1526
-48.9689
-1719.13
-1322.64
-488.27
684.603
-290.016
-1965.53
1614.03
-155.882
942.646
1329.02
-176.921
746.228
397.821
146.815
-300.104
-1002.8
31.7911
843.525
1822.49
-435.329
-638.114
1177.37
595.374
530.782
262.048
-434.745
-370.108
-1122.65
-327.238
-1462.01
145.388
-71.7854
641.158
94.6975
1019.3
888.994
-345.831
895.12
263.402
-336.128
-531.126
-717.315
644.719
-305.387
-514.902
-805.327
-265.18
-1173.9
513.489
-283.37
1282.78
-430.656
736.986
1034.58
-831.276
383.496
-991.482
-349.319
1076.65
-547.99
1683.32
-549.099
820.621
267.038
259.033
-472.346
-188.138
-361.819
434.499
411.033
-634.7
-752.93
576.395
-15.5718
-625.035
-558.997
376.949
1233.47
113.3
-157.997
-458.646
979.941
1842.88
-378.73
351.497
-511.863
-1566.93
851.326
-889.85
1388.01
879.688
312.744
-916.959
-578.97
-406.017
-376.879
-1031.63
28.7449
324.884
-101.922
1030.73
846.933
1617.39
-873.005
1718.82
510.572
-85.2002
1023.35
1068.04
-280.152
471.926
1548.04
210.219
-1191.92
626.866
-778.283
458.103
-1135.68
1496.96
570.073
215.729
-1197.23
10.2713
206.986
1795.36
820.089
-474.679
1258.76
26.1657
1019.55
-973.994
306.674
649.929
409.049
-106.385
-830.533
35.4469
-1.50227
120.157
-778.49
-896.324
489.623
-265.138
-359.283
-765.378
-963.8
921.113
608.703
-956.475
-357.116
-330.853
587.995
-1395.39
122.817
159.631
-1252.49
-662.849
-971.836
163.373
1937.16
925.548
-816.688
518.319
773.705
-1813.61
621.296
-1103.58
-893.2
292.147
1458.52
-175.494
130.436
-384.085
-413.47
-116.697
-172.129
-408.546
78.4249
-1191.43
-1144.71
757.901
1799.57
528.341
756.321
-16.7642
-1603.41
-845.954
1698.42
368.128
-407.449
-1120.73
810.586
-190.782
863.861
-615.937
1326.95
-1732.81
-511.552
680.707
-855.714
-452.037
937.014
582.679
127.389
-1721.99
-887.773
39.6019
675.521
-1383.14
-430.496
-1272.7
-753.034
1308.93
981.86
-1139.71
559.108
-1600.09
-474.508
1911.27
163.514
52.8552
-55.1971
-827.921
-897.329
612.844
-977.03
-68.3727
-211.064
467.219
286.604
-633.217
252.355
170.801
379.244
-706.991
304.934
-258.932
1458.34
45.9534
1479.06
-364.764
294.705
58.7666
426.515
1868.71
-448.108
291.806
-274.897
-84.1394
418.817
-1423
289.371
106.914
-1032.2
975.038
-167.384
-1010.14
971.149
-160.713
380.511
1471.93
-645.083
692.561
1246.16
1677.61
-578.982
252.101
168.96
-947.76
549.874
-205.729
397.248
163.804
-465.975
-364.866
-627.82
476.264
1371.2
401.208
-292.698
427.884
-232.431
411.517
320.173
389.474
59.422
-510.9
-466.503
-906.153
1131.56
-813.869
-795.378
313.531
-1260.01
-1760.27
-242.051
-110.954
219.212
-129.893
-349.212
1096.47
-396.896
-857.211
-1598.85
37.6973
930.918
884.791
-922.134
1741.16
414.57
195.668
-686.252
-1183.61
49.517
-639.24
96.0611
324.048
1283.35
1143.71
222.78
-485.723
646.134
-117.985
125.409
717.257
12.5715
-296.252
-548.476
236.529
793.099
670.13
822.262
-597.472
804.319
-149.433
1588.47
162.688
-586.906
-1657.06
-554.506
233.421
-155.701
82.7802
-523.452
-487.162
-180.285
-1831.43
1151.06
-326.793
66.0201
196.165
250.997
63.1117
636.003
-323.326
-378.036
642.738
1510.4
-883.495
750.671
-575.802
-993.803
-1219.53
-132.283
-8.11466
537.769
-171.287
1060.74
456.402
-173.63
583.966
385.63
977.324
346.437
867.344
139.776
757.316
-168.382
-94.0398
-973.616
-468.491
-1215.44
444.67
882.161
411.265
351.865
-265.771
-220.3
-618.406
-249.895
617.183
-438.289
378.859
-776.214
202.861
251.827
764.307
267.18
477.08
265.671
-665.829
-1932.22
-1336.79
485.515
-1386.51
-348.412
-32.3274
-279.464
525.454
153.421
1310.18
1192.27
564.151
-240.816
-197.362
-1222.77
-1627.8
1392.62
726.512
225.675
1684.33
200.674
307.974
305.5
-205.787
387.445
-81.6732
-217.712
-335.649
-519.301
-518.317
-1080.98
778.331
1545.6
608.211
-860.824
-1217.18
-238.672
463.893
-733.279
414.779
838.548
1993.47
340.301
-199.588
-41.7844
270.766
-735.519
-99.7699
351.836
1157.12
-672.549
975.905
-845.359
-509.9
-915.8
-177.622
66.6723
-500.931
118.064
803.608
355.244
1384.6
1485.51
-537.786
-480.628
-606.459
-488.36
-418.693
-96.5005
-1247.57
856.207
845.055
971.613
-542.423
13.072
-214.353
647.615
-474.877
-1404.05
-1293.63
751.978
-420.311
-234.189
581.008
307.171
-676.121
-1555.83
1473.58
2232.82
-351.051
679.578
-881.112
561.23
-21.0745
-238.349
-13.8669
-1312.84
-1659.32
-963.728
623.097
-1191.34
938.096
-1536.59
741.413
1061.7
612.53
66.9636
-67.7369
75.0765
-36.9931
327.043
-1007.3
-683.233
-150.042
-40.5054
1607.17
-875.677
246.947
-184.277
-8.32849
1541.03
-1323.69
374.401
527.038
453.485
-396.483
1377.89
-710.139
-1708.36
716.345
506.347
-440.544
-179.726
-1100.82
400.136
215.213
92.8658
-96.2631
-284.367
-1127.75
515.139
586.715
-145.541
678.632
1235.96
-390.359
-723.168
868.65
-584.684
-1251.69
479.404
243.495
-591.471
823.821
-1024.45
-435.258
442.302
-1201.83
609.142
-1251.86
-41.1263
369.291
-160.537
890.72
424.308
-276.784
-641.775
172.386
-571.37
-454.263
-340.539
-446.27
-299.986
1152.76
974.797
171.634
-1027.23
516.552
1172.64
-751.544
-597.623
1579.76
682.313
1121.6
987.513
-550.868
619.888
37.2422
1498.61
275.201
-1364.98
1467.69
-953.93
-1544.48
366.549
-512.027
-1331.41
524.466
856.237
-418.78
-502.699
-894.578
198.274
159.803
751.679
-431.779
-1707.11
-489.226
-103.652
235.619
158.581
-1241.89
-320.956
-1004.76
-369.262
-1004.62
1209.36
-1100.06
-1315.48
1137.7
-840.107
-657.671
-966.078
-874.314
416.509
919.717
-394.789
541.692
-1640.83
-1522.9
-1413.77
328.143
652.424
355.522
334.623
-295.132
-289.16
708.134
-410.339
-551.14
-1109.14
-266.882
1054.92
-278.207
545.778
18.4274
-857.013
-700.092
176.954
-1586.76
1134.84
-934.167
303.746
-490.754
32.0278
-999.643
-409.111
655.024
-589.784
1088.98
376.876
-26.5774
-916.328
-985.49
730.666
-912.635
-662.922
-255.165
-885.319
537.592
-127.968
-353.121
-1303.33
61.6216
-242.644
1409.91
36.0894
-309.732
-1856.68
1414.85
337.656
-371.606
-913.796
214.088
-1728.54
-365.07
-132.66
831.543
254.171
-503.532
145.227
545.096
-188.208
466.104
-484.992
-453.707
-388.438
-513.715
-75.6973
-808.801
262.453
-770.29
264.358
423.934
109.972
463.93
138.199
-326.641
248.589
-707.669
1037.56
-90.8379
-621.916
613.187
-270.715
-508.922
207.44
-656.41
1035.83
-1727.53
-140.865
1278.98
-869.947
-973.535
718.949
-243.563
-1030.52
-1146.2
-578.236
466.062
597.931
-785.037
426.901
-144.962
581.183
1331.95
-1389.49
381.597
672.591
636.158
-662.844
764.731
207.983
-296.399
868.393
1054.56
371.046
-297.862
486.093
-817.698
-708.65
823.229
-988.921
-1295.11
-671.125
-713.658
1131.48
381.081
-430.4
-1187.85
797.067
-946.365
-371.461
-275.626
181.173
-913.877
-516.233
-897.99
-1142.42
1094.65
3.66859
247.326
105.594
-416.471
-334.243
239.577
-553.309
520.583
222.69
-181.463
326.449
-181.104
-674.233
-921.634
-389.29
807.381
-945.242
-302.825
1826.09
-1255.05
280.265
-551.457
-652.297
-251.573
-1032.42
6.64098
139.645
-1010.82
232.517
1293.95
-35.8623
-197.365
1297.55
-528.406
-256.279
684.342
-307.652
1251.79
-1012.46
-875.995
1230.52
-720.266
555.337
799.456
1062.41
-7.69922
-120.651
-461.496
16.0454
1003.73
1278.61
-1404.29
178.027
1652.72
407.819
-118.73
786.184
-390.747
-257.206
-1337.06
-116.885
-170.154
1367.1
-768.628
-292.922
-903.625
-611.67
-583.096
-555.067
-59.1181
-504.55
-639.015
-691.456
300.93
-768.885
-1253.08
336.762
466.264
325.364
220.969
-506.571
-515.318
728.896
656.199
1314.08
-849.501
-105.837
1002.98
71.3131
836.153
372.13
-592.002
-139.599
1085.81
882.644
-1209.09
-1029.09
-1297.38
-1303.01
135.429
-1044.21
775.645
153.131
-90.5334
172.249
-89.4256
1681.32
729.994
200.442
636.096
-275.387
-1278.02
694.564
439.354
-805.233
256.392
884.702
743.813
-1336.21
-699.881
398.097
-769.316
-282.241
509.951
-63.7109
-973.472
1150.06
6.09032
-668.356
202.218
330.186
-936.358
-1186.35
-518.277
501.289
-857.86
-180.747
-995.703
1.46758
-991.451
-711.95
286.119
415.448
-491.951
-831.451
-1004.26
204.999
-738.318
-148.138
-139.419
1641.84
381.078
-1476.61
1333.1
298.552
885.586
420.698
-1211.57
-198.698
-44.8591
-834.947
-70.2057
423.927
113.52
-300.344
614.023
-419.477
-777.476
290.125
-8.33315
452.475
125.612
1010.71
-405.111
-1743.05
1532.4
-657.214
-217.482
-623.573
23.2182
-130.529
-826.538
-415.097
-315.342
-834.402
224.157
682.446
278.478
-854.88
-470.075
-778.556
-1148.39
-1058.5
707.642
-377.787
382.911
675.556
377.481
-18.4612
775.935
1731.79
635.131
-931.431
592.395
89.7938
-1392.23
706.265
-1531.83
-392.935
-206.331
-593.377
286.481
612.435
1075.65
-1690.42
-646.354
-1053.73
-553.862
-1212.13
-590.253
1437.11
533.259
-166.92
-766.718
-777.839
72.0797
-456.245
-489.014
-1547.24
1665.13
-422.116
-541.629
494.321
-1572.48
356.624
-331.948
-402.256
-565.507
-352.169
221.732
1398.52
2180.23
763.482
487.267
-369.249
-1637.07
-680.573
-1398.74
-1044.55
1749.63
1990.72
-273.524
413.49
906.35
-533.245
-866.142
-133.778
-742.864
759.91
-889.827
-994.005
1206.86
1341.08
572.423
1095.18
-480.924
296.233
440.939
1186.47
313.598
-106.622
913.743
-235.524
611.821
-659.06
-378.977
567.828
1535.76
-189.215
1431.26
1206.44
506.385
352.155
615.143
-364.267
-1037
-1060.66
990.742
49.4211
454.483
335.905
-451.745
122.795
-461.907
1026.62
-57.2263
-764.234
460.965
-1009.73
276.785
541.111
2022.1
-1313.6
-8.38818
515.613
-578.91
240.809
1023.37
-8.17842
608.59
-862.542
-529.204
810.061
-195.821
-561.679
-445.544
-662.244
-1326.21
707.485
-973.335
-971.895
138.317
151.721
-30.6938
-1378.84
-78.0382
-1088.11
842.2
990.533
350.117
94.3283
-189.167
-1170.27
245.671
-774.214
-819.475
-194.996
165.385
208.777
204.889
-1158.21
-141.119
326.295
612.966
-102.233
916.7
-313.101
1421.38
2040.42
337.787
-410.457
-1237.84
817.038
-834.275
815.457
-21.0761
-339.601
737.776
-1370.76
1899.15
-931.648
596.242
1323.72
-160.563
-718.872
-744.817
552.578
234.134
-445.898
370.185
486.688
560.882
281.693
1963.96
-1443.83
1263.6
390.565
-688.882
729.561
446.848
495.107
-34.4775
1371.19
337.556
-156.415
-468.725
645.761
-723.234
-1627.43
423.671
-892.784
-1165.26
-425.068
970.527
481.604
-527.686
-951.651
-1635.08
95.7922
596.083
82.9372
-363.985
213.062
-689.454
-68.3318
660.978
-1025.39
-1232.5
-189.189
686.497
363.794
1204.77
108.784
344.97
-936.192
-186.946
337.644
-1006.06
-757.604
-771.127
-8.69751
-321.939
1058.59
-1024.61
758.714
-854.608
-159.206
934.927
938.396
-988.966
1385.93
-1347.57
-749.795
-336.121
-1131.21
356.114
6.17147
-1570.95
-88.4419
174.086
91.7009
-643.01
252.837
720.142
1151.86
132.264
-663.359
586.276
-1050.67
688.139
-893.847
15.5541
-474.899
-310.455
-474.354
388.353
-566.674
-1301.16
-1.63558
251.428
-96.3853
379.408
-759.759
338.469
-589.993
37.6322
391.481
-96.1151
-577.891
-1101.01
882.659
346.77
-444.945
38.8044
-597.001
169.428
971.394
-517.072
298.785
-1203.14
-409.135
310.743
-219.516
595.964
-279.947
-852.797
-208.688
720.992
28.6736
108.483
-688.966
-69.9841
298.012
38.3977
1632.95
-1872.33
100.729
714.934
-689.477
-434.151
79.0293
797.729
-787.277
-669.895
818.377
-367.037
1026.16
-856.444
-1122.83
-1182.35
-737.186
148.25
145.53
-357.669
-1019.18
526.584
-1435.88
763.701
149.002
-432.003
373.312
1168.67
891.271
-840.919
-544.048
604.967
-2.27031
303.757
-559.899
-304.747
427.241
-634.041
1056.34
-363.848
505.942
-422.85
96.0418
837.714
-606.895
-443.74
-110.063
-52.0763
819.537
295.422
-421.435
-1266.21
-1091.58
377.284
-1283.79
-435.977
673.502
275.434
732.547
-575.938
175.236
-587.16
-1473.09
94.8877
1574.61
724.889
-1050.01
82.6671
136.25
612.479
-313.232
-116.208
-1454.42
-579.567
339.204
-1536.2
144.919
-20.0906
-10.3153
319.671
-141.783
1234.21
-1595.09
1967.47
-283.343
-1355.2
1609.84
33.3437
-273.287
48.0301
325.744
133.449
-523.813
-845.294
714.447
-372.442
-7.35188
-607.413
-74.4093
-1017.71
428.981
-467.47
-612.322
363.587
-134.704
-955.795
254.572
-31.8825
-696.889
686.758
-100.818
-500.398
1469.68
535.277
248.425
-493.3
-590.356
-678.03
-344.481
-1845.3
799.867
549.689
-500.072
-200.86
-47.2939
-322.425
53.564
-211.283
-698.006
217.887
1006.66
125.497
1498.83
179.681
494.694
-638.756
-314.631
228.493
-200.693
922.527
1079.31
-505.553
175.499
-389.245
0.90308
-877.386
775.138
76.9822
1410.78
719.291
3.09594
-454.063
493.18
313.381
-773.01
881.021
13.7338
72.6918
1002.63
890.926
-183.078
-179.952
851.75
230.862
-768.722
383.898
33.8939
-592.876
-646.826
196.682
1244.73
598.058
-503.469
104.105
-646.172
-863.206
-623.421
635.023
405.544
-910.002
186.512
33.6223
1531.76
25.6277
-235.493
-130.832
48.1921
1500.36
1195.77
438.666
-1597.51
-321.438
572.123
311.418
166.914
-1044.59
-74.6048
-192.671
-956.838
-1080.32
-101.047
-428.805
-26.8794
88.7858
948.228
1474.75
-1252.08
366.276
-1987.76
-1099.49
-353.124
282.287
1417.78
939.968
-498.538
126.522
1087.67
522.42
587.114
-1962.61
-437.92
-237.817
261.517
597.28
-421.011
-468.989
-627.88
-389.633
-1615.23
384.018
56.8062
-456.928
-112.266
1675.46
-387.207
-818.763
-1.37482
1158.45
452.094
-1205.22
143.124
-998.618
-255.766
-1095.03
-2.98485
-1127.03
135.95
295.774
-1636.47
497.046
194.66
-530.114
-349.44
-225.284
-51.3731
-662.31
-183.312
829.869
-850.521
-161.088
770.941
518.902
459.564
1023.3
36.4898
633.611
-657.349
639.626
-493.487
-775.405
-53.8537
-102.705
-730.766
832.953
-844.959
194.504
1646.68
1183
-108.507
163.37
-666.058
723.839
888.604
33.9357
-758.815
506.954
188.878
-904.348
-973.882
-1310.83
950.517
546.711
-455.398
410.655
-425.913
63.1894
-821.163
574.969
-878.341
81.1678
370.267
952.689
980.82
836.229
196.828
-627.099
913.423
347.183
268.489
659.731
-485.472
-38.0278
1188.93
-308.058
-1303.38
-745.965
20.1865
492.963
203.032
-40.0373
-51.4107
-660.603
-1118.75
244.193
-1446.65
-182.072
1091.86
377.684
574.144
1346.58
-671.692
4.70651
51.811
-42.0792
-949.275
822.955
-1001.63
951.062
-20.7172
-1090.54
1053.93
-362.27
304.114
266.025
-2013.2
-1592.93
-138.941
-200.279
564.522
922.535
18.7989
328.167
558.682
-179.651
700.319
-232.996
1022.34
-1244.82
335.383
-463.519
137.379
98.5269
-297.313
-61.4589
-35.3652
320.573
-1597.5
520.75
-237.812
126.133
1394.95
517.635
-380.834
-1653.89
-211.733
-741.749
-151.547
-1555.17
-140.82
826.292
-272.821
941.35
937.9
1113.09
-258.157
-1567.35
631.243
