-1235.96
-650.276
-1735.8
-217.493
475.94
864.199
-800.312
-1382.5
-31.2421
-280.428
160.022
-384.748
-1757.18
-20.5139
781.132
630.12
590.778
315.452
146.859
1015.9
329.776
-483.208
-100.741
506.985
-557.053
-1023.6
-960.864
634.064
-116.768
-1019.18
-1278.1
-210.361
994.099
652.758
768.898
12.826
295.401
1172.08
976.942
-1331.01
-726.456
35.4043
141.185
-933.624
-303.82
-584.405
-19.0129
421.182
268.007
813.242
-404.37
-431.546
-1399.39
-242.114
597.61
-1154.64
-434.203
777.637
719.665
-718.886
1237.99
1496.81
681.848
1178.23
63.0095
494.04
-410.959
615.189
852.396
469.734
512.009
-683.172
732.328
-304.827
191.055
982.952
903.29
695.897
-1889.77
952.581
-488.064
-152.898
893.784
-1723.91
-503.696
252.177
780.682
1584.66
289.671
1024.07
341.359
-574.136
159.857
-941.902
-468.022
-834.314
120.473
-173.368
-520.934
135.597
444.502
-586.469
-693.579
895.317
138.959
1132.33
747.209
-920.926
955.581
380.384
62.1932
-514.583
-118.499
1544.2
692.462
1483.59
-2046.33
-793.631
797.782
925.568
1184.94
-722.182
-377.449
168.219
1080.1
-273.67
163.536
-525.598
1473.27
-25.8245
804.293
128.893
-956.861
-612.038
1554.11
-759.694
329.416
-987.112
-708.847
-1000.86
1280.1
1683.2
-215.759
1138.75
462.743
-63.5366
557.347
-803.638
-1320.1
1263.4
-483.839
-445.339
510.579
-570.183
1856.54
-437.67
510.08
114.513
-1198.27
707.106
283.849
1016.06
-442.049
290.758
-291.082
259.331
895.422
480.128
-323.359
383.877
374.876
-45.958
1212.22
-641.729
-459.25
866.271
80.8838
1243.33
-1740.66
316.435
697.46
-1413.48
458.946
-866.577
108.933
58.9574
420.394
-1337.76
-505.409
79.721
-178.734
-1030.06
1513.59
603.99
-1256.27
-60.2958
1035.69
-519.735
-1485.4
-566.964
920.876
52.4476
215.131
559.555
363.543
-1037.83
-148.343
545.933
-469.694
873.447
380.144
415.936
625.637
989.527
1820.51
-870.572
412.951
484.065
-118.953
-958.072
10.9333
744.488
1405.88
-6.04714
233.042
682.837
-43.8225
67.155
548.297
-628.563
877.638
-1087.06
1181.29
298.795
387.098
-1083.13
-725.342
223.045
25.6042
1157.37
635.554
-1404.54
-674.635
738.264
1623.1
-385.6
-519.796
122.515
191.709
-1255.41
-23.7945
-73.1825
779.781
-237.294
680.176
489.856
562.604
-482.638
-699.764
39.5948
-1320.61
-194.749
-355.295
660.304
852.883
-716.058
357.376
126.24
-1211.38
1809.31
1784.68
581.727
9.80814
1263.59
-1053.77
593.628
-322.47
124.324
-580.382
229.812
-530.274
-150.724
1138.23
-980.479
-246.178
-690.441
921.404
818.541
33.6423
-897.85
-560.835
-291.113
145.391
160.096
-817.296
906.914
830.05
-365.756
113.067
1081.2
-308.257
-439.484
-0.177119
463.474
-997.404
-446.307
988.96
-150.399
-611.972
-991.495
-325.806
138.882
446.697
1395.62
1174.68
-190.941
55.3213
-48.1965
-1718.45
-1314.76
-480.973
688.67
-289.391
-1958.32
1614.73
-148.358
950.154
1329.87
-176.091
746.924
398.501
147.517
-299.423
-994.655
32.6085
848.711
1827.39
-429.966
-630.995
1184.56
599.153
534.181
270.151
-431.296
-369.293
-1119.39
-319.687
-1460.81
146.174
-71.2408
646.447
98.2627
1020.15
891.327
-345.224
895.86
264.472
-333.877
-524.247
-709.186
646.144
-300.407
-508.115
-804.686
-257.718
-1166.67
520.585
-279.434
1286.1
-425.387
744.244
1042.19
-830.53
385.504
-987.409
-345.173
1080.7
-542.755
1684.17
-542.862
825.105
271.226
263.177
-471.559
-183.706
-356.004
435.745
414.352
-629.422
-746.466
579.028
-8.46979
-619.644
-554.465
379.12
1237.4
115.312
-157.325
-454.258
984.972
1846.95
-374.139
359.029
-506.327
-1566.1
858.491
-886.777
1388.86
884.027
320.833
-916.09
-576.283
-405.317
-371.727
-1030.79
32.6906
332.632
-97.8449
1034.38
855.137
1619.13
-868.22
1726.23
516.554
-81.1656
1030.39
1072.44
-275.126
475.997
1548.66
214.039
-1187.1
627.516
-773.413
461.654
-1134.97
1502.14
574.026
223.876
-1193.21
10.9341
212.035
1799.42
825.161
-472.523
1262.07
26.8636
1023.52
-966.662
307.429
650.772
413.034
-101.16
-827.392
36.1592
0.606578
128.256
-777.676
-895.432
495.55
-257.711
-358.468
-760.422
-958.037
921.748
616.772
-949.023
-349.032
-327.197
592.031
-1393.8
123.486
163.633
-1249.82
-658.328
-965.529
171.072
1940.19
933.714
-810.435
519.03
781.53
-1812.95
625.486
-1099.89
-891.282
296.839
1465.92
-172.636
133.996
-376.861
-405.312
-115.91
-165.639
-407.708
79.2726
-1188.78
-1141.46
765.931
1803.05
530.494
757.984
-11.8741
-1595.23
-841.964
1705.71
368.881
-399.294
-1117.42
815.05
-188.407
871.97
-615.216
1335.1
-1731.77
-507.624
687.36
-849.091
-446.14
942.473
585.037
130.708
-1714.71
-886.465
42.8051
680.654
-1382.35
-429.555
-1268.66
-747.725
1311.99
986.265
-1138.69
561.273
-1596.16
-473.888
1915.26
168.736
58.4521
-47.4755
-819.784
-896.467
620.191
-972.957
-64.3628
-203.725
468.005
290.535
-625.832
260.126
176.523
382.534
-704.675
312.307
-258.24
1463.13
52.4962
1483.12
-356.669
298.82
60.0238
427.229
1876.92
-439.938
295.131
-273.024
-81.2912
422.771
-1418.4
296.755
107.636
-1031.02
979.222
-159.254
-1007.33
971.986
-156.908
381.34
1480.1
-641.021
700.565
1251.14
1685.35
-575.959
259.276
169.764
-941.74
553.914
-204.874
398.055
164.553
-457.784
-364.17
-623.777
480.269
1373.54
406.916
-284.514
428.654
-231.759
415.931
328.079
390.005
66.7589
-508.907
-459.783
-899.856
1132.37
-806.648
-792.004
317.507
-1259.17
-1759.42
-241.264
-106.973
225.898
-122.629
-343.327
1103.71
-395.252
-854.081
-1591.36
42.5038
934.469
891.368
-919.452
1741.81
415.22
197.846
-678.8
-1182.83
53.5282
-636.646
96.6039
331.266
1284.06
1151.78
225.261
-485.159
650.148
-110.56
129.668
720.819
17.1724
-290.182
-542.599
238.094
793.892
673.452
830.154
-596.298
807.412
-145.044
1591.75
163.365
-581.048
-1653.61
-548.453
234.082
-155.047
85.6407
-522.108
-486.313
-173.533
-1827.4
1159.19
-324.002
73.0932
200.488
252.157
70.5427
636.77
-317.734
-370.657
643.681
1517.62
-878.994
755.403
-570.612
-985.907
-1213.63
-127.554
-7.36675
538.49
-166.142
1066.2
463.65
-172.816
592.035
386.282
981.686
354.312
868.161
147.518
764.969
-161.185
-93.3236
-972.796
-463.438
-1213.91
449.832
886.111
415.307
359.74
-258.011
-214.113
-615.011
-249.187
623.867
-434.299
384.148
-769.358
208.847
252.455
767.038
267.917
484.601
266.849
-662.364
-1928.28
-1334.27
486.359
-1385.23
-344.39
-25.8947
-272.133
530.439
154.032
1315.74
1198.9
565.414
-233.971
-189.436
-1215.39
-1620.6
1394.83
727.125
229.446
1685.12
202.103
316.101
306.205
-205.075
391.924
-74.5225
-212.562
-333.45
-512.145
-514.094
-1076.46
782.865
1549.62
612.049
-857.413
-1214.23
-236.806
464.589
-732.59
422.724
840.471
2001.54
341.117
-197.315
-37.1699
271.373
-734.027
-91.7145
355.904
1164.26
-668.524
978.78
-841.942
-507.199
-907.64
-174.524
73.5659
-495.154
119.199
807.622
360.103
1388.16
1486.31
-532.605
-473.541
-605.607
-486.079
-417.876
-94.607
-1239.62
856.977
845.712
974.869
-537.578
16.2591
-213.678
655.272
-470.876
-1400.96
-1292.84
756.533
-416.949
-233.364
588.562
315.098
-675.33
-1554.27
1478.3
2238.99
-346.959
683.612
-872.999
564.153
-17.1222
-235.745
-13.0917
-1305.21
-1656.39
-955.571
631.239
-1190.52
945.73
-1532.88
745.546
1069.61
620.033
73.7742
-62.5164
80.6905
-28.8324
332.129
-999.193
-682.396
-145.077
-39.7937
1611.25
-868.295
251.89
-177.453
-6.5571
1549.2
-1322.83
375.085
528.829
456.702
-394.019
1378.65
-705.34
-1707.31
720.45
507.184
-432.348
-176.664
-1096.86
400.788
217.678
93.5112
-92.9891
-283.528
-1125.36
522.288
594.885
-140.42
679.344
1239.84
-389.58
-722.356
869.471
-577.45
-1250.85
483.333
247.507
-587.782
827.913
-1017.91
-434.408
442.931
-1194.56
611.621
-1251.15
-37.1914
370.232
-154.283
891.984
425.335
-273.517
-633.607
176.79
-566.648
-453.598
-339.83
-442.337
-292.533
1160.32
979.824
177.036
-1022.43
520.487
1176.06
-743.447
-596.839
1587.94
684.859
1129.78
988.353
-546.805
622.274
42.1538
1505.76
279.751
-1357.85
1470.64
-949.778
-1541.19
370.576
-511.176
-1327.34
525.198
856.849
-418.076
-498.561
-886.514
203.808
167.263
752.696
-424.276
-1705.35
-488.59
-102.976
242.97
159.762
-1238.44
-312.816
-997.293
-366.933
-1003.8
1214.55
-1092.21
-1314.64
1142.06
-838.247
-652.823
-964.676
-870.08
423.673
927.736
-386.675
546.914
-1634.99
-1519.59
-1413.08
328.973
660.524
356.164
341.796
-287.653
-282.716
712.595
-405.216
-543.837
-1108.29
-259.483
1055.73
-273.536
551.527
19.0635
-849.022
-699.35
181.711
1135.55
-926.245
311.517
-484.222
32.845
-992.218
-405.937
662.387
-589.149
1091.81
380.943
-25.3792
-915.54
-982.042
734.729
-911.735
-659.795
-247.059
-884.616
542.51
-127.189
-352.493
-1295.14
62.2815
-234.862
1414.03
37.9452
-306.518
-1848.58
1421.99
338.365
-364.206
-911.33
217.584
-1720.92
-360.236
-128.538
839.256
258.707
-497.785
149.985
552.818
-183.701
470.115
-477.228
-449.679
-387.757
-512.88
-71.2309
-804.853
270.591
-769.521
267.627
431.416
114.845
464.53
143.608
-324.527
251.186
-700.559
1043.49
-83.67
-614.98
620.501
-270.056
-501.614
208.088
-655.561
1043.81
-1725.04
-132.765
1284.4
-861.904
-968.687
723.075
-236.114
-1027.97
-1145.03
-575.566
466.917
598.601
-780.697
427.521
-144.281
583.897
1332.65
-1385.12
384.625
679.061
640.416
-655.071
768.528
212.015
-295.836
876.121
1058.57
375.109
-290.272
493.55
-814.701
-705.439
827.234
-984.951
-1293.18
-669.644
-709.619
1134.71
388.811
-429.727
-1183.92
797.877
-939.171
-363.304
-267.887
187.914
-908.94
-513.464
-890.675
-1138.49
1096.33
7.65218
247.982
113.088
-415.242
-328.156
245.157
-546.136
524.628
224.647
-180.776
333.567
-172.964
-668.949
-916.266
-388.64
815.527
-938.31
-302.019
1826.71
-1251.59
284.868
-544.355
-648.263
-247.477
-1024.99
13.2578
142.894
-1006.95
233.338
1299.12
-27.9084
-195.199
1305.13
-524.355
-248.797
688.357
-303.591
1254.34
-1011.42
-874.917
1231.15
-713.152
557.633
804.819
1069.5
-6.96119
-118.985
-460.831
23.9298
1007.95
1279.42
-1396.98
182.003
1660.06
413.619
-111.619
786.812
-388.129
-251.192
-1329.04
-115.598
-162.553
1373.98
-765.089
-288.44
-900.154
-603.544
-582.5
-547.401
-51.9833
-498.476
-637.097
-683.37
304.83
-768.168
-1245.94
344.529
472.581
326.135
228.779
-504.224
-507.219
736.236
664.367
1314.92
-844.23
-98.0695
1005.37
74.3712
838.748
375.51
-591.216
-132.184
1089.75
886.626
-1206.2
-1021
-1296.66
-1296.26
139.08
-1036.84
779.709
155.908
-84.0744
179.405
-85.4255
1684.12
732.055
204.181
636.646
-271.339
-1273.98
701.985
445.959
-802.599
261.262
887.384
751.899
-1333.88
-695.899
405.046
-765.364
-281.637
518.049
-59.6424
-969.465
1154.05
7.00159
-665.011
207.587
334.737
-929.095
-1179.95
-514.272
502.02
-856.684
-173.579
-990.015
2.17645
-986.551
-704.504
289.138
418.472
-486.893
-823.583
-1003.55
205.73
-731.213
-146.359
-134.341
1644.45
389.26
-1475.63
1338.46
306.692
890.325
425.863
-1204.89
-194.664
-44.1745
-827.498
-67.0928
424.705
117.524
-299.593
617.1
-412.243
-773.346
293.884
-7.55208
453.277
126.374
1014.87
-401.996
-1742.37
1533.03
-654.673
-213.514
-616.188
24.0548
-129.569
-822.503
-411.7
-308.23
-830.351
231.419
683.134
282.421
-850.799
-464.842
-772.999
-1147.67
-1056.39
709.747
-376.056
388.504
676.726
378.137
-10.2726
784.128
1736.45
636.049
-927.085
593.198
91.4368
-1387.35
713.691
-1527.85
-389.109
-202.397
-586.021
287.376
620.289
1079.06
-1685.53
-640.524
-1050.74
-553.194
-1211.37
-589.419
1438.01
541.263
-161.257
-765.354
-770.505
80.2773
-453.685
-487.948
-1539.58
1666.04
-419.43
-537.937
495.906
-1564.92
360.496
-325.828
-394.849
-562.098
-348.314
229.11
1400.58
2184.25
767.553
490.589
-368.434
-1630.86
-678.199
-1391.47
-1043.77
1757.79
1994.73
-269.505
420.932
910.343
-532.584
899.459
-865.313
-132.756
-735.695
763.639
-882.581
-987.146
1207.54
1345.15
573.158
1102.21
-473.959
301.134
448.112
1191.78
319.934
-106.085
919.344
-234.681
612.657
-650.865
-371.742
569.236
1542.95
-182.27
1432.13
1213.73
509.815
356.628
622.313
-358.718
-1036.28
-1053.98
994.753
53.3559
455.125
343.401
-446.807
130.95
-461.271
1028.21
-49.1268
-758.539
464.632
-1004.39
277.638
541.805
2022.93
-1308.66
-5.98947
516.56
-576.544
241.655
1030.97
-7.55375
609.319
-854.944
-524.169
818.162
-187.64
-558.692
-437.723
-656.804
-1325.36
712.566
-972.516
-971.148
139.04
159.837
-23.4226
-1373.5
-74.055
-1084.83
845.449
998.518
353.732
98.4659
-182.644
-1169.63
249.653
-767.026
-812.322
-190.017
166.039
216.822
212.044
-1150.74
-140.407
330.342
619.554
-94.2847
921.74
-312.269
1424.3
2045.7
341.748
-409.774
-1234.85
817.731
-828.386
818.94
-16.2644
-338.891
738.587
-1362.77
1899.95
-928.563
602.333
1327.07
-153.316
-718.277
-740.785
557.245
234.973
-442.43
375.846
490.664
568.255
286.823
1971.07
-1442.98
1271.21
391.383
-688.308
735.271
453.74
495.911
-27.2411
1375.05
345.054
-155.583
-463.558
648.057
-719.25
-1626.61
427.188
-891.974
-1161.22
-417.878
971.266
485.713
-523.498
-949.854
-1634.3
101.281
604.053
90.2655
-359.994
221.175
-683.817
-61.1767
664.141
-1021.29
-1224.5
-181.389
691.715
367.765
1205.4
116.932
352.996
-935.508
-185.966
339.652
-1001.87
-749.715
-769.383
-1.5318
-314.032
1059.16
-1017.46
761.634
-847.465
-155.245
936.413
942.673
-982.54
1386.94
-1340.27
-745.804
-331.134
-1130.52
356.704
6.89515
-1563.73
-82.2266
174.93
92.3578
-638.331
257.471
721.335
1154.04
140.442
-661.674
592.329
-1042.52
688.688
-886.38
16.204
-472.023
-306.316
-470.614
394.882
-565.836
-1294.11
-0.787488
255.483
-95.7294
386.896
-756.206
342.733
-589.314
38.4752
392.276
-88.828
-573.863
-1095.02
890.238
347.584
-444.127
46.4811
-592.893
170.283
979.527
-516.231
306.745
-1199.24
-401.677
314.368
-211.417
598.905
-272.23
-851.691
-204.217
722.494
36.092
115.596
-688.131
-66.0271
301.538
44.7424
1633.72
-1867.93
102.635
722.794
-688.556
-426.953
84.8783
798.465
-783.252
-669.045
818.919
-359.257
1030.54
-853.034
-1119.9
-1174.95
-729.837
153.728
153.027
-355.883
-1011.09
534.043
-1428.68
767.762
156.939
-431.105
380.592
1176.09
896.418
-840.088
-540.096
605.736
4.08988
307.241
-556.616
-304.091
431.336
-626.924
1061.05
-363.027
508.963
-422.037
96.939
838.527
-599.784
-442.934
-107.598
-51.3758
824.838
302.468
-413.612
-1258.85
-1089.74
377.82
-1279.41
-435.155
675.898
276.253
739.997
-572.067
182.466
-581.734
-1464.98
98.9143
1580.3
731.02
-1044.45
90.7584
137.916
619.666
-305.498
-110.097
-1453.85
-571.406
342.167
-1531
150.79
-11.8864
-6.15259
323.206
-134.486
1241.42
-1587.83
1968.31
-276.695
-1348.08
1613.9
37.8935
-272.667
51.553
333.488
134.28
-518.078
-844.657
716.285
-371.622
-1.82344
-599.871
-67.5073
-1013.71
432.032
-463.87
-605.237
365.106
-131.303
-948.536
255.95
-30.2427
-691.964
690.919
-95.0966
-496.316
1473.75
538.387
256.154
-492.446
-582.911
-675.602
-337.582
-1837.82
803.92
550.314
-493.93
-196.805
-42.4488
-319.954
54.2022
-208.529
-695.44
219.924
1010.97
126.172
1506.12
180.203
502.63
-637.953
-307.517
236.398
-200.034
925.655
1084.17
-501.838
180.158
-381.875
8.12546
-869.634
776.868
81.5117
1411.62
724.537
8.81618
-446.648
501.136
315.937
-771.075
883.435
21.8801
73.4402
1006.28
898.415
-177.014
-173.509
852.371
234.052
-763.466
391.252
37.9272
-587.388
-642.798
197.681
1245.6
605.404
-501.389
105.056
-641.092
-861.428
-615.233
637.35
410.97
-906.264
189.46
34.353
1532.51
26.3026
-234.794
-130.116
52.3427
1504.36
1200.32
442.262
-1596.67
-314.28
579.522
319.043
167.696
-1041.59
-66.8525
-184.965
-949.455
-1075.48
-94.2071
-424.211
-22.4047
93.9425
950.036
1478.74
-1250.81
366.959
-1979.7
-1095.14
-351.691
287.33
1421.1
948.012
-497.383
133.897
1092.65
523.24
587.681
-1955.29
-433.831
-235.306
267.767
599.391
-417.689
-468.421
-625.325
-385.221
-1610.51
387.144
60.844
-451.34
-105.287
1679.92
-382.754
-811.053
-0.637264
1161.89
456.467
-1197.82
148.654
-990.975
-254.714
-1087.75
0.479463
-1126.1
141.669
297.808
-1630.75
505.236
195.492
-522.745
-348.815
-221.246
-45.533
-656.338
-176.397
831.256
-847.014
-152.98
772.461
526.354
463.008
1027.89
43.9703
634.312
-650.221
647.626
-488.556
-772.28
-47.7803
-98.8374
-723.085
837.029
-840.999
200.71
1654.78
1183.86
-100.332
170.546
-665.407
725.03
892.227
38.043
-758.176
507.781
191.581
-901.89
-965.988
-1302.84
951.314
554.06
-451.347
414.096
-421.498
64.0382
-816.846
575.794
-874.298
86.5539
370.983
955.098
985.442
836.985
200.097
-619.228
917.922
354.963
269.189
664.917
-481.422
-33.1012
1189.8
-303.102
-1298.38
-743.018
20.9572
493.866
203.745
-35.9736
-47.2879
-659.975
-1111.14
250.085
-1438.74
-180.809
1092.6
378.222
578.47
1353.81
-663.701
8.70046
54.2966
-33.8932
-948.511
828.754
-998.209
953.267
-20.0204
-1088.43
1061.46
-354.208
309.117
274.157
-2012.49
-1592.22
-131.428
-196.264
565.368
928.844
21.5264
328.789
566.574
-175.388
705.818
-229.534
1023.06
-1240.87
336.105
-458.716
144.71
103.656
-293.388
-53.8101
-31.1838
327.954
-1595.7
524.896
-237.254
126.852
1399.09
518.493
-375.514
-1650.68
-209.104
-736.247
-145.294
-1548.02
-133.371
830.263
-266.21
946.328
939.104
1120.34
-251.22
-1566.14
632.067
