-1233.79
-647.33
-1733.58
-216.649
478.022
865.351
-799.498
-1383.56
-31.4524
-279.678
162.596
-384.322
-1758.24
-18.0417
783.229
629.99
589.712
318.431
146.561
1018.56
330.481
-483.495
-100.921
508.732
-557.327
-1023.89
-960.982
633.736
-117.909
-1020.22
-1277.18
-212.021
992.973
652.19
768.726
11.908
295.08
1171.57
976.719
-1330.34
-727.518
34.4813
144.342
-933.978
-304.007
-583.371
-20.6239
422.786
267.074
813.1
-404.917
-430.857
-1396.46
-242.35
600.355
-1151.54
-435.119
777.088
719.403
-718.364
1236.91
1496.23
681.441
1176.63
62.7165
492.985
-408.738
617.251
855.444
470.558
510.479
-683.474
731.204
-306.384
193.449
981.474
903.031
698.972
-1887.33
954.936
-488.353
-153.858
896.754
-1721
-502.918
251.737
780.09
1584.18
292.595
1024.96
342.135
-571.958
160.884
-941.708
-469.528
-834.954
121.5
-175.2
-520.524
134.413
445.28
-583.898
-693.85
894.263
137.768
1133.14
750.123
-921.482
953.761
380.206
61.1372
-513.423
-118.734
1542.36
695.488
1483.59
-2043.72
-790.693
800.713
927.888
1183.88
-723.241
-377.874
168.317
1078.28
-271.619
163.322
-522.555
1473.08
-22.7252
803.746
127.675
-956.426
-611.381
1552.71
-761.331
329.205
-987.383
-708.772
-997.804
1283.17
1682.03
-213.455
1138.16
462.617
-64.5767
559.93
-803.949
-1318.04
1262.92
-484.955
-445.578
508.911
-571.802
1855.37
-437.01
513.063
114.95
-1195.46
706.506
282.455
1018.76
-442.354
292.977
-288.759
258.798
896.655
482.76
-321.342
384.541
373.591
-46.2281
1211.95
-640.507
-459.158
868.076
83.6357
1242.34
-1739.81
318.759
696.198
-1413.71
459.451
-866.807
108.597
59.6485
421.453
-1337.92
-505.104
77.9409
-179.036
-1030.29
1512.32
602.188
-1256.57
-61.3514
1035.56
-520.158
-1486.44
-567.38
919.751
53.1184
217.066
562.486
364.277
-1034.74
-145.348
545.634
-469.96
874.817
379.414
414.712
628.655
991.995
1820.08
-870.536
412.682
486.571
-120.593
-956.58
11.8448
744.347
1407.74
-2.9073
232.821
681.65
-41.4564
70.1654
548.014
-628.869
877.396
-1084.9
1181.04
298.648
385.943
-1082.38
-722.87
221.856
26.6832
1158.44
634.126
-1402.73
-673.72
739.475
1622.91
-384.605
-521.507
122.673
194.339
-1252.85
-25.3805
-74.3175
778.631
-235.031
682.543
490.645
561.506
-483
-699.069
39.3539
-1321.68
-193.837
1957.93
-352.262
660.085
855.14
-715.2
358.915
129.272
-1212.42
1811.35
1787.35
580.686
11.2389
1261.83
-1054.01
592.581
-321.419
122.721
-581.893
228.762
-528.265
-149.665
1136.75
-981.927
-246.348
-691.894
920.753
817.41
32.2821
-899.038
-562.571
-292.885
144.901
159.743
-815.17
908.959
832.399
-362.598
112.82
1081.74
-305.47
-438.917
2.08083
463.257
-997.521
-447.35
987.185
-150.589
-612.455
-991.631
-326.115
141.15
446.59
1394.47
1173.42
-188.825
58.3931
-50.0086
-1719.86
-1312.1
-478.805
688.447
-290.97
-1956.15
1613.64
-146.025
952.651
1328.81
-177.142
745.153
396.774
146.126
-301.15
-991.638
31.5657
849.569
1828.1
-429.056
-628.977
1186.65
598.965
533.87
273.073
-431.597
-370.334
-1119.66
-317.333
-1462.3
145.122
-72.3992
647.336
98.0022
1019.09
890.803
-346.355
894.789
262.887
-334.461
-522.512
-706.21
644.855
-299.663
-506.443
-806.194
-255.414
-1164.56
522.523
-279.573
1285.81
-424.507
746.343
1044.78
-832.369
384.72
-987.636
-345.31
1080.47
-541.886
1683.11
-541.563
825.391
271.145
263.04
-472.763
-183.498
-354.952
434.295
414.061
-628.54
-745.017
578.647
-6.54064
-618.726
-554.144
378.48
1237.02
114.526
-158.774
-454.11
985.748
1846.84
-373.743
361.381
-505.364
-1567.19
860.552
-887.005
1387.8
884.138
323.724
-917.837
-576.648
-406.707
-370.891
-1031.85
32.3236
335.192
-98.0617
1034.15
858.294
1618.14
-867.596
1728.59
517.697
-81.3328
1032.28
1072.62
-274.357
475.898
1547.54
213.863
-1186.44
625.866
-772.728
461.39
-1136.32
1503
573.67
226.899
-1193.32
9.82793
212.818
1799.19
825.958
-473.195
1261.77
25.4645
1023.2
-964.468
306.144
649.712
412.759
-100.292
-827.636
34.3486
-0.0965075
131.169
-778.716
-897.163
496.656
-255.291
-359.509
-759.692
-957.004
920.136
619.644
-946.559
-346.156
-327.428
591.771
-1395
121.79
163.333
-1250.2
-658.021
-964.189
173.581
1939.96
936.783
-809.13
517.651
784.177
-1814.63
625.412
-1100.11
-892.17
297.37
1468.17
-172.916
133.734
-374.695
-402.267
-116.961
-164.162
-408.809
78.2102
-1189.17
-1141.73
768.915
1802.77
529.84
756.906
-11.1762
-1592.13
-842.213
1707.93
367.595
-396.171
-1117.7
815.312
-188.919
874.907
-616.559
1338.14
-1733.39
-507.767
688.962
-847.535
-445.063
943.417
584.523
130.418
-1712.55
-887.884
42.5421
681.484
-1383.4
-431.243
-1268.81
-746.834
1311.75
986.458
-1140.33
560.632
-1596.31
-475.453
1914.94
169.602
59.4363
-44.951
-816.789
-898.219
622.403
-973.183
-64.5801
-201.418
466.207
290.396
-623.457
262.706
177.547
382.249
-705.218
314.541
-259.997
1463.79
54.0124
1483.02
-353.768
298.649
58.5785
425.857
1880.06
-436.802
294.839
-273.94
-81.5745
422.417
-1418.01
299.11
105.8
-1032.53
979.148
-156.272
-1007.63
970.93
-157.09
380.29
1483.18
-641.258
703.525
1251.88
1688.05
-576.178
261.369
168.587
-940.595
553.752
-205.941
396.881
163.259
-454.664
-365.568
-623.922
480.035
1373.02
407.936
-281.407
427.4
-232.861
416.127
330.958
388.841
68.916
-509.723
-458.154
-898.523
1131.33
-804.545
-792.301
317.178
-1260.23
-1760.48
-242.473
-107.249
227.514
-120.547
-342.254
1105.87
-396.372
-854.323
-1589.03
43.1575
934.207
892.922
-919.821
1740.15
413.571
197.207
-676.504
-1184.04
53.2369
-637.055
95.4447
333.37
1282.25
1154.65
224.803
-486.309
649.862
-108.147
129.67
720.56
17.5878
-288.992
-541.529
236.918
792.682
673.158
832.865
-597.812
807.17
-144.889
1591.46
162.265
-579.984
-1653.92
-547.28
232.975
-156.704
85.3645
-523.494
-487.376
-171.878
-1827.69
1162.2
-324.315
74.9965
200.569
250.64
72.9605
634.961
-316.753
-368.421
642.004
1519.73
-878.715
755.989
-569.758
-983.011
-1212.55
-126.986
-8.4353
536.656
-165.309
1067.15
465.831
-173.856
595.059
384.784
981.827
357.162
867.118
150.25
767.448
-159.1
-95.1437
-973.928
-462.655
-1215.15
450.676
885.753
415.152
362.59
-255.254
-212.843
-615.314
-250.984
625.488
-434.554
385.037
-767.642
209.988
250.866
766.704
266.596
487.124
265.346
-662.66
-1928.67
-1334.72
485.299
-1386.67
-344.578
-24.4546
-269.835
531.189
152.903
1316.72
1200.5
563.979
-232.254
-186.718
-1213.17
-1618.52
1394.25
725.998
229.254
1683.89
200.806
319.078
304.413
-206.443
392.198
-72.4761
-211.727
-334.081
-510.096
-514.147
-1076.16
783.211
1549.51
611.88
-857.719
-1214.47
-237.726
462.819
-733.684
425.637
839.622
2004.55
340.075
-197.877
-36.739
270.242
-735.287
-88.8699
355.679
1166.29
-668.635
978.517
-842.249
-507.556
-904.502
-174.762
75.3209
-494.115
117.662
807.405
360.785
1387.9
1484.53
-531.754
-471.639
-606.671
-486.639
-418.918
-95.5011
-1236.66
855.918
844.604
974.589
-536.906
15.9999
-215.123
657.916
-471.182
-1401.19
-1293.88
756.905
-417.246
-797.638
-234.412
590.941
317.996
-676.525
-1555.48
1478.88
2240.29
-347.16
683.35
-870.057
563.91
-17.4574
-236.147
-14.1482
-1302.82
-1656.64
-952.531
634.25
-1191.56
948.197
-1533.09
745.4
1072.35
622.375
75.4728
-61.6505
81.68
-25.7792
332.932
-996.273
-683.494
-144.339
-41.6024
1611.06
-866.058
252.617
-175.75
-7.5567
1552.28
-1323.9
373.654
527.859
456.433
-394.489
1377.38
-704.692
-1708.94
720.271
506.128
-429.215
-176.894
-1096.99
399.289
217.212
92.0012
-93.2675
-284.584
-1125.86
524.335
597.961
-139.599
677.532
1239.69
-390.635
-723.508
868.322
-575.336
-1251.91
482.949
247.29
-588.004
827.72
-1016.41
-435.471
441.809
-1192.51
611.165
-1252.51
-37.5618
368.552
-152.967
890.552
423.719
-273.793
-630.54
176.968
-566.096
-455.281
-340.916
-442.478
-290.236
1162.73
980.597
177.959
-1021.79
520.11
1175.76
-740.37
-598.05
1591.04
684.436
1132.88
987.295
-547.04
621.774
42.8632
1507.81
280.11
-1355.93
1470.42
-949.912
-1541.47
370.304
-512.24
-1327.44
524.122
855.721
-419.164
-498.711
-883.465
204.773
169.542
751.076
-421.938
-1706.39
-490.197
-104.691
245.185
158.26
-1238.74
-309.81
-994.988
-367.469
-1004.84
1215.41
-1089.35
-1315.73
1142.22
-839.185
-652.15
-966.019
-870.127
425.75
930.707
-383.728
547.782
-1633.93
-1519.87
-1414.83
327.922
663.44
354.536
343.884
-285.334
-281.273
712.851
-404.395
-541.567
-1109.35
-257.274
1054.56
-273.041
552.56
17.9455
-846.259
-700.421
182.319
1134.47
-923.551
314.097
-482.723
31.8023
-990.002
-406.191
664.612
-590.267
1091.52
380.718
-26.8697
-916.739
-982.346
734.613
-913.459
-660.037
-244.132
-886.399
543.225
-128.244
-354.08
-1292.03
60.6085
-232.086
1413.86
37.0207
-306.782
-1845.65
1424.02
336.562
-361.953
-911.803
217.301
-1718.26
-359.569
-128.702
841.947
259.048
-496.756
150.595
555.358
-183.402
470.004
-474.673
-449.954
-389.482
-513.986
-70.9806
-805.223
273.592
-770.581
267.348
433.891
115.533
463.397
144.533
-325.233
250.785
-698.527
1044.6
-81.6092
-613.207
622.685
-271.725
-499.5
206.976
-656.633
1046.61
-1725.51
-129.853
1285.33
-858.875
-968.014
722.92
-233.819
-1028.4
-1146.55
-575.939
465.848
597.138
-780.611
425.95
-145.715
583.554
1331.56
-1385.01
384.4
680.538
640.425
-652.294
768.347
211.839
-296.987
878.824
1058.34
374.995
-287.67
495.835
-814.916
-705.7
827.122
-985.24
-1294.07
-670.913
-709.771
1134.44
391.528
-431.174
-1184.27
796.836
-937.03
-360.263
-265.148
189.567
-908.22
-513.789
-888.563
-1138.85
1095.28
7.53007
246.319
115.42
-416.713
-326.956
246.137
-544.153
524.475
223.816
-182.52
335.588
-169.961
-668.066
-915.356
-389.753
818.551
-936.546
-303.189
1825.13
-1251.88
285.29
-542.439
-648.424
-247.672
-1022.56
14.8238
142.62
-1007.11
232.292
1299.98
-24.9784
-195.857
1307.68
-524.605
-246.508
688.142
-303.827
1253.92
-1013.04
-876.506
1230.03
-711.138
557.089
805.732
1071.44
-8.27565
-120.079
-462.516
26.795
1007.92
1278.38
-1394.68
181.712
1662.26
414.668
-109.599
785.691
-388.524
-250.04
-1326.02
-117.023
-160.149
1375.75
-765.362
-288.174
-900.449
-600.572
-583.636
-544.725
-49.9499
-497.287
-637.982
-680.304
304.681
-769.988
-1243.91
347.28
473.951
324.325
231.396
-504.751
-504.146
738.443
667.44
1313.86
-843.351
-95.3091
1004.88
74.141
838.349
375.205
-593.024
-129.782
1089.38
886.344
-1206.48
-1017.92
-1298.48
-1294.62
138.848
-1034.67
779.592
155.592
-82.6173
181.456
-85.5425
1683.83
731.324
203.979
635.49
-271.591
-1274.25
704.26
447.524
-802.991
261.951
887.028
754.782
-1334.42
-696.167
406.845
-765.499
-282.77
520.959
-59.7407
-969.678
1153.78
5.29473
-665.302
208.5
335.097
-926.958
-1178.54
-514.495
500.182
-858.199
-171.591
-989.005
0.375075
-985.85
-702.213
288.915
418.248
-486.108
-820.938
-1005.36
204.653
-729.299
-147.355
-133.544
1644.07
392.363
-1477.3
1339.37
309.698
890.923
426.708
-1203.3
-194.83
-45.6006
-825.205
-67.3347
422.902
117.225
-301.423
616.863
-410.198
-773.505
293.688
-9.35735
451.492
125.312
1014.77
-402.236
-1744.1
1531.44
-655.107
-213.815
-613.814
22.9996
-131.241
-822.663
-412.005
-306.206
-830.602
233.559
681.707
282.053
-851.017
-463.974
-772.03
-1149.01
-1057.11
709.056
-377.098
389.488
675.221
376.474
-7.15511
787.26
1736.96
634.353
-926.995
592.154
90.3264
-1386.66
716.089
-1528.19
-389.285
-202.766
-583.805
285.659
622.958
1078.75
-1684.84
-639.469
-1050.96
-554.885
-1212.43
-590.472
1436.3
544.073
-160.253
-766.728
-768.192
83.4291
-454.11
-489.544
-1537.14
1664.34
-419.793
-538.157
494.752
-1562.6
360.338
-324.605
-392.451
-562.404
-348.48
231.346
1399.86
2184.14
767.334
490.296
-369.475
-1629.6
-678.714
-1389.22
-1044.82
1760.83
1994.62
-269.79
423.222
910.081
-534.052
898.288
-866.362
-134.381
-733.589
763.435
-880.458
-985.432
1205.81
1345.03
571.831
1104.11
-472.164
301.839
450.2
1192.67
321.314
-107.247
920.332
-235.741
611.602
-647.735
-369.626
567.93
1545.03
-180.484
1430.41
1215.88
509.511
356.893
624.324
-357.75
-1038.1
-1052.38
994.528
52.9765
453.603
345.894
-446.085
133.991
-462.877
1027.07
-46.2143
-757.527
464.407
-1003.48
276.572
540.713
2021.18
-1307.94
-6.48835
514.886
-577.063
240.564
1033.56
-8.67677
607.979
-852.323
-523.396
821.21
-184.498
-558.911
-434.906
-655.871
-1326.43
713.367
-973.559
-972.217
137.961
162.79
-21.2757
-1372.61
-74.3795
-1085.11
845.171
1001.32
353.489
98.3204
-181.146
-1171.24
249.374
-764.952
-810.276
-189.273
164.382
219.665
214.095
-1148.49
-142.215
330.198
621.111
-91.3582
922.52
-313.321
1424.07
2046.6
341.62
-411.506
-1235.07
816.312
-827.313
818.655
-15.6082
-340.695
737.416
-1359.78
1898.17
-928.793
603.552
1326.76
-151.126
-719.413
-740.894
557.751
233.916
-442.725
376.851
490.541
570.49
287.649
1973.09
-1444.04
1273.66
390.34
-689.454
736.293
455.5
494.73
-25.0653
1374.89
347.373
-156.635
-462.715
647.513
-719.513
-1627.66
426.913
-893.127
-1161.38
-415.752
970.193
485.535
-523.594
-950.85
-1635.36
102.231
606.834
92.4151
-360.245
224.119
-682.823
-59.198
663.883
-1021.48
-1221.51
-178.598
692.582
367.429
1203.78
119.956
355.984
-936.924
-187.622
338.867
-1001.96
-746.831
-770.423
0.554721
-311.14
1058.01
-1015.37
761.391
-845.427
-155.596
935.182
942.711
-981.121
1385.32
-1338.1
-746.05
-330.386
-1132.27
355.565
5.05486
-1561.72
-80.9352
173.835
90.6923
-637.831
257.931
719.847
1153.42
143.574
-662.763
593.522
-1039.51
687.532
-883.898
14.7045
-472.296
-306.463
-470.818
396.394
-566.891
-1292.26
-1.85004
255.355
-97.3912
389.225
-756.473
342.744
-591.035
37.4159
390.485
-86.668
-574.039
-1093.9
892.65
346.543
-445.17
49.1552
-593.077
169.216
982.52
-517.288
309.673
-1199.39
-399.217
314.128
-208.507
598.671
-269.715
-853.259
-203.964
721.272
38.3616
117.611
-689.185
-66.3519
301.265
46.124
1632.46
-1867.78
101.756
725.623
-690.262
-424.818
85.9414
797.136
-783.431
-670.108
817.76
-356.684
1030.71
-853.339
-1120.16
-1172.54
-727.507
154.676
155.527
-356.878
-1008.21
536.486
-1426.61
767.639
159.676
-432.826
382.703
1178.36
897.255
-841.139
-540.428
603.927
5.48124
306.954
-556.894
-305.753
431.143
-624.907
1061.62
-364.071
508.739
-423.077
95.2223
837.486
-597.772
-443.976
-108.066
-53.1549
825.732
304.351
-411
-1256.51
-1090.7
376.658
-1279.29
-436.201
675.403
275.105
742.426
-572.228
184.629
-580.805
-1462.04
98.6411
1581.31
732.267
-1043.48
93.6525
136.828
621.745
-302.764
-108.876
-1455
-568.355
341.941
-1530.14
151.86
-8.73313
-6.26989
322.936
-132.232
1243.53
-1585.7
1967.25
-275.113
-1346.02
1613.78
38.247
-274.224
51.2783
336.045
132.513
-517.053
-846.171
715.359
-372.666
-0.860911
-597.307
-65.749
-1014.01
431.802
-464.12
-603.34
363.892
-131.61
-946.402
254.61
-31.3583
-691.249
690.804
-94.074
-496.528
1473.65
538.142
258.694
-493.512
-580.62
-676.092
-335.83
-1835.51
803.783
548.732
-492.696
-196.93
-41.775
-320.421
52.5863
-208.858
-695.863
219.163
1011.05
124.46
1508.28
179.035
505.532
-639.125
-305.502
239.107
-201.513
925.404
1084.86
-502.051
180.647
-379.697
10.2319
-866.872
775.848
81.8413
1410.56
725.413
9.83879
-444.429
504.058
315.517
-771.947
882.949
24.9005
72.1465
1006.06
900.89
-175.827
-172.065
850.798
233.791
-762.591
393.568
37.6612
-586.44
-642.973
196.043
1243.88
607.704
-502.128
103.381
-640.295
-862.439
-612.118
636.822
411.902
-906.471
189.227
33.0227
1531.2
24.8553
-236.57
-131.935
52.2117
1504.06
1200.7
442.013
-1597.72
-312.305
581.753
321.483
165.893
-1041.81
-64.1067
-182.459
-947.219
-1074.81
-92.491
-423.812
-22.1434
94.7825
949.088
1478.44
-1252.26
365.223
-1976.62
-1095.05
-352.995
288.11
1420.8
951.005
-498.911
136.244
1093.4
522.195
586.533
-1953.11
-434.036
-235.752
269.087
598.702
-417.977
-469.57
-625.753
-385.041
-1609.97
386.897
60.6822
-450.361
-103.476
1680.19
-382.525
-808.559
-1.95278
1161.59
456.613
-1195.58
149.617
-988.31
-256.318
-1085.68
0.185128
-1127.81
142.692
297.045
-1629.73
508.358
194.44
-520.518
-350.365
-221.406
-44.4731
-655.222
-174.632
829.937
-847.297
-150.049
771.256
528.654
462.708
1028.3
46.2918
633.222
-648.195
650.584
-487.838
-772.52
-46.5847
-98.9982
-720.391
836.818
-841.31
201.999
1657.7
1182.79
-97.2473
172.551
-667.054
723.541
891.988
37.8621
-759.789
506.649
191.23
-902.367
-963.094
-1300.09
950.111
556.273
-451.475
413.796
-421.316
62.9752
-816.789
574.657
-874.44
87.4722
369.161
954.611
985.899
835.7
199.818
-616.575
918.229
357.724
267.411
665.774
-481.671
-32.3839
1188.08
-302.369
-1297.62
-743.259
19.8987
492.157
201.932
-36.0693
-47.4514
-661.096
-1108.5
251.162
-1436.08
-182.252
1091.28
377.06
578.56
1355.93
-660.724
8.44983
53.84
-30.7818
-949.759
829.804
-998.516
952.669
-21.7899
-1089.16
1063.83
-351.173
309.877
277.146
-2014.3
-1594.02
-129.106
-196.376
564.306
930.216
21.1858
327.215
569.435
-175.386
706.774
-229.83
1021.98
-1241.21
334.267
-458.066
146.908
104.481
-293.776
-51.1597
-31.2791
330.304
-1596.71
524.764
-238.407
125.771
1398.94
516.751
-374.618
-1650.94
-209.493
-735.295
-143.977
-1546.1
-131.076
829.957
-264.653
947.076
937.628
1122.48
-249.442
-1567.64
631.019
