-1240.98
-652.334
-1740.74
-220.489
470.836
860.714
-803.23
-1382.36
-32.9472
-283.217
157.657
-387.486
-1757.03
-24.5383
775.994
626.952
589.9
312.842
145.061
1012.36
327.07
-485.013
-103.832
503.806
-558.812
-1025.4
-962.518
632.192
-117.948
-1019.29
-1281.23
-213.333
994.42
650.426
767.237
9.94623
293.54
1169.87
975.269
-1333.59
-726.311
32.517
139.083
-936.479
-305.499
-587.807
-22.7081
417.931
265.107
811.615
-406.676
-434.198
-1401.44
-243.848
594.333
-1156.71
-437.085
775.34
717.928
-721.544
1238.14
1494.47
679.824
1174.53
61.22
493.566
-415.664
610.028
849.967
466.766
508.329
-684.978
732.654
-308.506
186.811
980.633
900.998
693.548
-1893.84
948.215
-490.446
-155.845
891.705
-1725.95
-506.543
250.085
778.316
1582.51
287.603
1020.95
338.499
-578.956
156.453
-944.822
-470.392
-836.775
117.07
-177.058
-523.684
132.308
441.636
-590.204
-696.544
894.823
137.609
1129.38
744.404
-923.258
951.919
378.443
62.2928
-518.05
-120.233
1540.44
689.972
1480.49
-2048.66
-795.686
795.707
921.107
1184.22
-722.807
-379.52
165.212
1076.42
-278.895
161.827
-527.664
1470.17
-28.0863
802.001
127.455
-959.587
-614.616
1552.03
-763.389
326.357
-988.866
-711.865
-1002.92
1278.01
1683.66
-220.54
1136.39
461.134
-63.502
553.614
-806.55
-1325.22
1261.25
-484.924
-447.04
506.865
-572.978
1856.97
-440.26
507.475
111.78
-1201.33
704.726
281.828
1012.66
-443.861
286.033
-295.511
257.058
891.978
477.822
-328.644
381.26
373.21
-48.9354
1210.46
-645.164
-462.256
863.121
77.64
1240.35
-1743.62
313.814
695.859
-1415.17
456.264
-869.591
107.039
56.2891
416.913
-1340.86
-508.244
76.2429
-180.543
-1031.75
1510.19
600.407
-1258.08
-60.8132
1032.53
-521.803
-1485.33
-569.019
921.2
49.8238
212.114
557.484
360.775
-1039.89
-150.41
544.135
-471.439
870.073
377.559
414.471
623.559
987.053
1818.46
-873.62
410.633
480.122
-121.84
-961.367
7.78481
742.862
1402.79
-8.12696
231.372
681.484
-48.1374
65.0839
546.524
-630.377
875.934
-1089.85
1179.04
296.989
387.543
-1085.9
-727.811
219.75
22.0906
1153.87
631.899
-1407.67
-677.775
734.81
1619.98
-388.92
-522.976
119.557
188.117
-1259.14
-26.4607
-76.3985
780.195
-242.148
677.599
486.964
562.841
-484.588
-702.422
36.5789
-1321.4
-197.891
1959.58
-357.363
658.637
848.026
-719.07
354.093
124.166
-1211.32
1804.08
1781.15
581.745
6.473
1259.84
-1056.77
593.416
-325.912
121.583
-584.047
229.488
-535.569
-154.189
1134.56
-984.125
-248.067
-694.09
918.948
818.886
31.7375
-899.162
-564.557
-294.846
143.202
157.425
-822.251
904.008
827.454
-367.833
110.844
1078.54
-310.404
-442.108
-4.78905
461.811
-999.004
-446.37
985.488
-152.377
-614.158
-993.221
-327.623
134.295
445.053
1396
1173.06
-196.053
53.2457
-51.9419
-1720.48
-1317.04
-485.996
685.621
-292.022
-1963.12
1614.9
-150.969
946.177
1329.08
-176.443
743.469
395.237
145.506
-302.674
-996.713
32.5462
845.659
1824.64
-433.099
-636.281
1179.46
597.473
532.363
268.084
-433.104
-369.269
-1121.14
-322.276
-1464.46
146.256
-70.7708
643.33
96.5009
1019.32
889.079
-344.844
895.991
260.781
-336.246
-527.423
-711.245
642.699
-303.185
-511.323
-807.055
-262.499
-1171.8
517.57
-281.059
1284.31
-428.456
741.394
1038.47
-834.273
382.836
-990.426
-348.313
1077.66
-545.797
1683.4
-546.258
822.244
268.075
260.026
-472.937
-186.621
-359.448
432.086
412.566
-632.491
-749.785
577.052
-11.4929
-622.79
-557.286
376.674
1234.54
112.637
-159.52
-457.219
982.096
1845.27
-376.901
356.437
-509.576
-1567.08
853.292
-888.46
1388.17
881.025
318.768
-919.811
-578.239
-407.309
-374.702
-1031.42
29.8352
330.252
-100.889
1032.65
853.04
1616.16
-870.795
1721.85
513.068
-83.0473
1027.33
1069.49
-277.957
474.389
1548.96
212.373
-1189.67
624.57
443.166
-776.048
459.889
-1136.8
1499.08
571.147
221.802
-1194.8
11.2146
209.161
1796.36
822.243
-475.029
1260.28
24.8307
1020.6
-971.642
305.766
650.12
410.688
-104.209
-829.101
32.5543
-1.94149
126.192
-777.649
-899.15
492.045
-261.875
-358.474
-763.158
-961.426
918.952
614.703
-953.051
-351.089
-328.926
589.03
-1397.13
120.356
160.692
-1251.81
-661.159
-968.901
168.64
1938.5
931.627
-813.826
517.05
779.239
-1815.97
622.337
-1101.61
-894.127
294.179
1461.07
-174.424
132.233
-381.715
-407.38
-115.822
-168.949
-408.746
1732.86
78.5144
-1190.79
-1143.21
763.322
1801.27
528.029
754.866
-14.5557
-1597.29
-844.172
1700.94
367.211
-401.479
-1119.19
812.17
-190.644
869.894
-617.045
1333.01
-1735.45
-509.253
684.105
-852.354
-449.636
939.231
582.805
128.924
-1719.77
-890.104
41.0652
677.669
-1382.23
-433.265
-1270.44
-750.811
1310.29
983.328
-1142.38
558.828
-1597.8
-476.456
1912.3
165.68
55.1441
-49.891
-821.843
-900.19
615.255
-975.974
-66.4556
-208.196
464.258
288.911
-630.111
257.767
173.126
380.759
-706.978
307.405
-261.613
1460.52
49.204
1481.49
-358.726
295.71
56.3695
425.276
1874.72
-442.084
293.344
-275.904
-83.0849
419.893
-1421.16
292.402
103.922
-1034.68
976.07
-161.32
-1009.18
971.449
-158.581
380.989
1478.01
-644.03
697.891
1248.32
1681.92
-577.626
254.206
168.458
-945.211
552.04
-205.772
396.752
162.864
-459.857
-366.188
-625.55
478.092
1371.3
403.521
-286.588
427.088
-231.486
413.001
325.185
390.483
63.9684
-511.636
-463.013
-903.232
1132.38
-811.786
-793.801
314.6
-1259.79
-1760.12
-242.664
-109.311
222.655
-125.496
-346.819
1098.8
-398.449
-855.786
-1596.1
39.9177
932.706
888.087
-921.421
1738.79
412.279
195.4
-683.6
-1184.22
50.5763
-638.689
97.0719
326.137
1280.47
1149.7
223.134
-484.708
647.178
-114.745
126.585
719.06
14.4223
-293.636
-546.079
234.818
792.462
671.662
827.928
-599.964
805.708
-148.002
1589.97
163.619
-584.514
-1655.43
-551.913
234.359
-158.006
83.8626
-525.717
-487.085
-176.752
-1830.33
1157.11
-325.855
70.0436
197.468
248.483
66.3672
633.019
-321.027
-375.559
639.963
1512.51
-881.846
752.784
-573.622
-988.716
-1217.1
-130.18
-7.22041
534.778
-169.115
1062.95
458.816
-172.796
589.544
383.912
978.707
351.337
868.066
144.216
762.506
-166.35
-96.9651
-973.92
-466.294
-1217.3
446.821
883.229
413.463
356.765
-261.231
-217.528
-616.818
-252.729
620.622
-436.541
381.04
-772.54
205.363
249.77
765.156
266.137
480.704
263.179
-664.167
-1931.07
-1336.4
485.673
-1388.87
-346.353
-29.2247
-276.628
527.631
154.39
1312.42
1195.64
561.758
-237.159
-191.654
-1220.32
-1625.79
1392.48
727.462
227.762
1683.61
198.641
314.029
302.673
-206.997
389.057
-79.7548
-215.539
-335.891
-517.376
-517.216
-1079.29
780.053
1548.03
610.392
-859.224
-1215.96
-239.693
461.145
-732.329
419.925
837.708
1998.96
341.091
-199.647
-39.907
271.735
-737.444
-93.8033
352.861
1159.02
-670.117
977.037
-843.755
-509.14
-909.769
-176.223
70.3946
-498.567
115.521
805.51
357.446
1386.4
1482.56
-535.609
-476.592
-606.439
-488.412
-417.903
-97.4513
-1242.25
857.063
845.976
973.101
-540.191
14.5255
-215.854
651.708
-473.8
-1402.65
-1292.73
753.742
-418.745
-804.693
-233.609
585.998
312.261
-676.67
-1557.63
1475.67
2235.56
-350.019
680.611
-875.053
562.444
-19.7112
-237.77
-12.9884
-1307.76
-1658.14
-957.632
629.16
-1190.54
943.255
-1534.59
742.398
1067.41
70.5743
-65.5639
77.3702
-30.9055
329.209
-1001.24
-683.417
-147.842
-43.389
1608.15
-873.2
249.139
-180.649
-9.56316
1547.1
-1323.7
372.936
525.875
454.953
-396.178
1376.98
-707.898
-1711
717.344
506.665
-434.422
-178.349
-1098.48
398.415
215.536
91.111
-94.7546
-284.067
-1127.6
517.061
592.802
-143.366
675.722
1238.2
-389.471
-723.553
868.236
-582.567
-1251.42
480.491
245.408
-589.501
824.824
-1021.2
-435.194
443.253
-1197.45
609.502
-1253.03
-39.9279
366.516
-157.675
888.326
421.635
-275.279
-635.674
173.848
-569.283
-456.661
-339.612
-443.964
-297.327
1157.79
976.953
173.857
-1024.99
517.635
1174.25
-745.752
-598.235
1585.84
682.804
1127.69
987.746
-549.818
620.07
39.4456
1500.54
276.954
-1360.88
1468.97
-952.912
-1542.95
367.594
-511.983
-1328.92
525.354
857.185
-417.848
-501.684
-888.895
200.538
164.597
748.992
-428.999
-1708.45
-491.337
-106.177
238.035
156.093
-1240.25
-314.882
-1002.08
-369.217
-1003.84
1211.48
-1095.12
-1315.62
1139.09
-841.169
-655.436
-968.224
-873.194
418.555
925.086
-388.735
543.846
-1638.41
-1521.36
-1416.4
328.629
658.452
353.316
336.713
-292.409
-286.042
709.711
-408.157
-548.404
-1109.02
-262.22
1054.41
-276.22
548.099
19.386
-851.194
-699.173
179.115
1135.72
-928.487
309.158
-487.518
32.7901
-994.948
-407.662
657.474
-588.807
1090.03
377.901
-29.044
-916.887
-983.854
733.042
-915.451
-661.501
-249.12
-888.088
539.779
-127.088
-355.155
-1297.2
59.2504
-238.03
1410.89
35.0556
-308.259
-1850.62
1416.72
334.786
-369.078
-913.5
215.797
-1724.37
-362.842
-131.648
835.819
255.895
-501.178
147.39
550.418
-186.543
468.523
-479.612
-452.643
-390.993
-513.931
-74.113
-807.691
268.518
-769.385
265.861
427.388
112.18
464.897
140.425
-327.084
249.168
-705.776
1039.98
-88.8772
-618.135
615.515
-273.063
-504.448
208.386
-656.498
1041.68
-1727.21
-134.827
1281.17
-864.34
-971.29
719.939
-240.912
-1030.05
-1148.69
-577.538
465.96
596.341
-783.705
424.91
-146.424
581.995
1332.83
-1388.1
382.948
675.743
637.333
-658.224
766.857
210.091
-295.388
872.72
1056.4
373.441
-293.928
490.889
-816.371
-707.176
825.642
-987.324
-1296.03
-673.074
-711.421
1132.95
385.46
-431.905
-1186.56
797.892
-944.083
-365.372
-271.159
184.689
-911.649
-515.343
-893.511
-1141.16
1093.26
6.04688
244.99
108.358
-418.898
-331.605
241.855
-549.104
522.794
221.904
-184.097
328.299
-175.032
-672.021
-919.387
-388.326
813.446
-941.467
-303.287
1824.05
-1253.39
282.121
-547.391
-650.107
-250.546
-1029.1
9.99124
141.136
-1008.6
233.185
1296.08
-30.6471
-197.679
1301.29
-527.35
-251.453
686.254
-306.607
1252.3
-1015.11
-878.599
1231.45
-718.445
555.342
801.646
1066.49
-8.7142
-122.139
-463.901
21.007
1004.84
1279.4
-1401.45
179.597
1655.11
410.161
-116.881
787.124
-390.143
-254.666
-1331.49
-119.246
-165.091
1370.8
-766.866
-291.308
-901.956
-605.603
-582.095
-550.842
-57.2383
-501.929
-639.933
-685.709
303.195
-771.797
-1251.21
341.276
469.21
322.386
226.457
-506.493
-509.542
731.291
662.284
1314.18
-847.287
-101.285
1003.19
72.6856
836.742
373.701
-594.956
-136.399
1086.88
884.236
-1207.99
-1023.28
-1300.3
-1299.48
137.351
-1039.62
778.021
154.054
-87.3952
174.183
-87.0252
1682.32
729.474
202.485
637.086
-274.336
-1276.94
697.159
442.688
-804.61
258.595
885.46
749.829
-1336.19
-698.189
401.894
-766.985
-281.255
515.98
-61.2354
-971.521
1151.72
3.28207
-666.798
204.429
331.94
-934.175
-1183.28
-516.379
498.263
-860.348
-176.542
-993.352
-1.38911
-989.214
-709.312
287.465
416.797
-489.754
-825.875
-1007.14
205.898
-734.251
-149.361
-137.237
1642.48
387.178
-1479.32
1335.27
304.618
887.715
422.849
-1208.13
-196.537
-46.2943
-832.304
-68.7979
420.958
114.581
-303.341
615.403
-415.148
-776.452
292.195
-11.2962
449.534
126.494
1011.7
-403.699
-1745.6
1530.33
-656.765
-215.954
-620.469
23.554
-133.279
-824.335
-413.509
-313.476
-833.34
226.353
680.99
279.563
-853.83
-467.885
-776.253
-1149.47
-1058.97
707.227
-379.132
385.188
673.051
375.141
-12.3507
782.039
1733.76
632.326
-930.088
593.239
88.2608
-1389.98
709.448
-1530.71
-390.776
-205.124
-590.96
283.651
618.021
1077.25
-1688.16
-643.969
-1052.42
-556.288
-1211.21
-589.838
1434.28
539.139
-164.603
-768.947
-774.95
78.1604
-455.757
-491.635
-1542.08
1662.31
-421.382
-539.654
492.668
-1567.54
358.851
-329.265
-399.068
-563.91
-349.97
224.213
1398.02
2182.64
764.496
488.8
-368.433
-1634.27
-680.447
-1396.08
-1043.64
1755.69
1993.14
-272.46
416.131
908.039
-534.829
899.948
-865.619
-136.454
-740.708
761.942
-887.685
-990.328
1204.24
1343.44
571.347
1099.15
-477.104
298.431
443.024
1188.63
316.57
-105.601
916.006
-235.321
612.162
-652.936
-376.855
565.764
1537.79
-185.423
1428.4
1210.93
508.004
353.754
619.373
-361.98
-1039.9
-1057.22
992.6
50.516
452.676
339.427
-449.531
128.876
-464.009
1025
-51.1892
-761.888
462.911
-1007.48
276.738
542.021
2019.18
-1311.36
-8.19871
512.844
-578.799
240.631
1027.23
-7.21234
607.464
-858.531
-527.003
815.733
-189.777
-560.368
-440.77
-659.982
-1326.2
709.641
-972.59
-970.971
139.222
157.77
-28.4783
-1376.59
-76.9628
-1086.59
843.685
996.388
351.99
95.3278
-185.943
-1172.36
247.294
-772.214
-817.561
-192.796
163.075
214.731
206.822
-1153.43
-143.998
328.548
616.277
-97.0316
918.855
-312.649
1422.62
2042.55
340.136
-413.044
-1236.53
815.612
-831.865
817.151
-18.8548
-342.463
737.287
-1365.3
1896.19
-930.25
598.885
1325.26
-158.109
-717.867
-742.376
554.563
234.404
-444.231
372.484
489.059
563.357
283.853
1965.81
-1443.68
1268.72
391.307
-687.865
731.865
450.568
494.585
-32.0776
1373.4
342.429
-155.971
-466.547
645.768
-721.519
-1626.69
425.41
-893.17
-1163.03
-422.844
971.397
482.608
-526.655
-952.867
-1634.15
98.0452
601.899
87.4673
-362.223
219.106
-687.129
-64.1492
662.411
-1024.35
-1227.03
-184.514
688.645
364.864
1202.56
114.859
350.411
-937.57
-189.671
336.981
-1005.02
-752.562
-772.461
-6.61327
-316.868
1059.56
-1022.5
759.927
-852.718
-158.118
933.061
939.612
-985.871
1383.23
-1345.3
-748.004
-333.918
-1133.84
357.089
3.1671
-1566.67
-85.6315
173.896
89.3575
-641.008
254.754
717.664
1151.64
138.268
-664.826
588.868
-1044.58
689.129
-890.359
13.8404
-473.8
-309.446
-472.312
391.584
-566.345
-1297.21
-1.55102
253.756
-98.7104
382.163
-757.977
339.655
-592.534
37.8282
388.532
-93.8613
-575.768
-1098.5
887.707
347.595
-444.174
43.019
-595.97
169.357
977.446
-516.822
303.991
-1200.88
-405.727
312.629
-213.477
597.214
-274.655
-855.368
-207.096
719.154
31.252
110.31
-688.582
-68.5717
299.762
41.382
1632.11
-1870.88
99.817
719.749
-692.269
-431.892
81.3976
796.644
-785.165
-669.833
819.367
-361.623
1027.58
-854.844
-1121.65
-1179.13
-734.235
150.498
149.073
-358.886
-1013.14
529.926
-1433.87
766.045
154.74
-434.824
377.755
1171.26
893.41
-840.417
-542.656
601.985
0.734814
305.45
-558.381
-307.072
428.252
-632.213
1058.42
-363.149
507.288
-421.988
93.2162
838.527
-605.079
-442.867
-109.748
-54.8473
821.707
299.398
-415.938
-1263.19
-1092.7
378.29
-1282.39
-435.31
673.704
275.04
735.836
-573.717
177.591
-584.905
-1467.03
95.9386
1576.88
727.585
-1047.7
88.6956
134.775
614.497
-308.781
-113.537
-1453.38
-573.472
340.489
-1533.98
147.292
-13.9672
-9.32494
321.434
-139.106
1236.38
-1592.93
1967.81
-279.951
-1353.21
1612.15
35.0935
-275.214
49.775
331.105
130.544
-521.462
-847.047
713.402
-371.732
-5.08285
-603.626
-70.6755
-1016.62
430.346
-465.621
-608.293
361.773
-133.116
-953.622
252.422
-33.4283
-694.666
687.737
-98.4846
-499.359
1472.09
536.678
253.754
-493.317
-587.719
-677.801
-340.751
-1842.59
802.142
547.654
-497.36
-198.504
-45.0771
-322.104
51.4094
-210.413
-697.51
217.289
1007.94
122.975
1501.1
180.701
499.799
-639.219
-312.807
234.171
-202.324
923.936
1081.49
-503.547
177.465
-384.644
2.99898
-872.824
773.84
78.6921
1411.21
721.447
5.42568
-449.375
498.36
313.883
-773.894
881.262
19.8088
71.7535
1004.56
894.377
-180.471
-176.836
849.742
232.316
-766.516
386.79
34.9433
-590.601
-644.698
193.977
1241.87
600.895
-503.999
101.344
-643.975
-864.462
-617.303
635.091
407.768
-907.966
187.766
32.5466
1530.73
24.1109
-238.252
-133.753
49.1867
1501.39
1197.53
440.514
-1597.24
-317.256
576.807
316.541
163.951
-1043.27
-70.1094
-187.399
-954.36
-1078.07
-97.3965
-426.971
-25.2784
90.9479
947.121
1475.78
-1254.46
363.656
-1981.97
-1098.14
-355.171
284.462
1419.31
945.424
-501.053
129.526
1089.83
523.103
588.095
-1960.3
-436.884
-237.416
264.373
596.873
-419.47
-467.975
-627.404
-388.157
-1613.14
385.43
58.9812
-454.626
-108.428
1677.04
-385.651
-813.499
-2.39395
1160.09
453.496
-1202.72
145.388
-994.435
-258.405
-1090.62
-1.32079
-1129.81
138.275
295.171
-1634.09
503.151
195.089
-527.664
-351.333
-223.095
-49.0035
-659.827
-179.561
827.767
-848.803
-155.042
769.147
521.571
461.202
1025.12
39.2213
634.514
-655.494
644.948
-491.27
-773.984
-51.2342
-100.487
-726.47
833.963
-843.467
197.301
1652.7
1182.97
-102.407
167.601
-668.316
721.359
890.49
34.9507
-760.939
506.613
189.66
-904.066
-968.803
-1305.03
949.903
549.125
-453.057
412.29
-424.432
63.256
-819.877
574.608
-876.056
83.3887
367.324
952.923
982.717
835.304
198.331
-621.512
915.077
351.739
265.717
661.871
-484.418
-35.8246
1186.07
-305.851
-1301.15
-744.737
21.0666
490.141
200.126
-37.549
-50.4008
-659.62
-1114.68
246.57
-1441.01
-184.461
1090.8
378.69
575.454
1348.72
-666.29
6.46597
52.1696
-35.9705
-950.018
825.284
-1000.02
950.893
-23.4524
-1091.03
1058.88
-356.641
306.294
272.085
-2016.03
-1595.72
-134.05
-197.858
564.634
925.47
19.6232
326.167
563.624
-178.469
702.557
-231.337
1023.21
-1243.43
332.38
-461.282
139.745
100.693
-296.192
-57.3361
-34.3442
323.586
-1598.74
521.734
-236.8
127.04
1395.93
514.76
-378.62
-1652.41
-211.103
-739.465
-148.685
-1551.05
-138.168
827.777
-269.478
943.514
935.434
1115.27
-254.377
-1569.79
631.833
