808.059
1529.37
96.812
-284.993
29.2365
774.615
594.698
2809.99
1303.7
1048.94
1504.49
1064.75
873.601
2493.71
302.538
524.196
-453.425
-332.608
1172.68
1295.66
2062.27
323.143
840.435
358.38
1532.73
631.447
1226.97
2199
473.239
531.068
767.332
903.591
-247.152
1318.09
1920.59
-309.633
1036.19
740.523
785.966
1457.63
-671.191
599.343
1787.17
1116.82
1744.04
1364.42
385.614
1855.42
1050.07
1144.38
1101.18
2166.44
930.717
693.618
766.752
1273.87
1200.61
1741.22
627.249
1674.24
420.887
233.922
792.074
2093.52
426.452
1060.24
2737.18
1705.3
950.036
759.984
1223.63
966.681
1584.27
568.267
2053.23
1510.46
2200.55
132.111
745.05
1975.43
228.362
-496.576
1827.37
-84.5021
1594.26
152.344
2066.97
1813.02
980.088
291.911
942.981
411.784
2116.82
1368.36
493.586
2459.22
528.851
-128.424
2247.59
1722.73
1438.41
832.493
1641.19
859.142
1861.39
-188.284
1320.56
879.408
2077.26
-533.052
1724.23
962.237
1377.28
700.477
1224.79
759.648
883.477
330.192
1126.5
1677.74
493.886
903.391
79.1495
2017.38
2190.87
-234.193
1213.93
1277.47
32.9185
1487.72
309.477
1389.64
646.557
413.676
1881.74
2266.75
995.915
5.94226
660.032
1456.33
70.1773
470.667
861.637
-44.7138
-278.082
383.728
740.905
508.875
454.541
1245.25
1900.16
330.232
389.255
1235.39
-86.5263
878.361
547.352
1002.14
168.209
32.1272
991.54
2374.17
440.44
1013.07
2541.28
812.207
-462.359
1279.25
1713.35
2668.1
186.331
1895.34
1628.59
1649.91
2449.71
283.137
-583.794
1678.76
1394.26
870.962
1444.15
1969.17
169.224
169.791
-13.3843
-295.004
1518.71
345.763
1935.84
-763.623
1811.91
214.312
1386.26
1079.89
2205.46
1152.01
1676.13
1301.68
294.038
1806.82
2053.15
2935.97
1273.37
2073.96
-266.852
845.477
778.407
-423.931
546.08
1357.57
1200.33
1412.29
852.773
2461.14
2191.05
-512.238
1907.8
-462.224
1730.11
1639.79
558.057
1442.3
1719.04
1459.54
1286.15
1358.43
661.884
1301.01
454.704
1635.66
466.706
-392.57
1661.66
-277.862
863.767
1390.53
1156.55
1420.53
2647.82
861.528
1762.81
2002.24
1262.33
693.398
-468.896
1767.65
1971.44
233.228
859.022
-131.303
883.589
906.073
1449.34
1639.36
397.258
2164.7
765.897
611.228
81.071
1132.89
1750.97
931.921
1615
1238.3
968.796
2473.98
1231.65
519.803
691.527
649.207
2071.32
428.013
1058.78
1320.21
2488.31
1283.25
6.3358
722.468
549.344
553.575
228.251
718.878
525.864
2069.72
1437.15
873.183
1377.07
-543.83
1188.02
1619.59
2043.53
-109.643
992.143
2150.44
1352.9
-665.788
1763.87
-8.06241
343.535
744.416
158.154
-371.824
2441.43
899.898
684.934
1746.53
1553.05
618.966
2186
400.665
-100.222
66.6958
405.646
1218.78
912.759
1413.77
456.427
57.4631
481.013
1524.09
-155.719
2090.38
755.947
2305.01
1918.24
802.737
1626.19
1421.85
1871.3
133.704
939.257
-174.324
1295.4
610.846
535.821
-345.259
1593.82
102.094
2474.32
762.876
1439.02
2142.54
1638.46
2021.17
373.445
1803.41
1770.01
63.4686
939.62
845.107
1086.72
296.237
-215.573
1922.49
560.672
2083.14
-596.038
1903.12
750.756
1105.88
845.94
1188.16
-212.54
-222.076
-13.3339
2696.93
908.548
599.859
1529.35
2080.72
1764.76
1336.05
2133.75
-130.921
561.714
736.749
652.882
2322.28
2385.27
2519.52
1708.17
1077.16
1144.68
2001.89
538.325
992.556
173.558
328.704
755.044
1438.9
864.346
-1360.03
1369.96
788.388
-3.58319
538.478
832.578
886.708
700.135
1110.29
1275.9
1324.52
200.285
229.39
868.9
-158.009
1061.16
1489.68
875.303
2179.3
320.322
1023.4
945.159
-30.375
1712.07
1177.4
1365.63
-270.177
1384.17
2832.36
60.5163
916.195
1504.1
1683.2
2015.49
1015.51
1229.31
1008.4
2200.21
1653.66
1309.19
694.516
457.893
1339.53
1387.55
721.517
409.231
790.569
656.966
-415.296
1406.11
2922.4
2685.56
885.357
1223
1718.05
1695.71
675.923
789.62
1863.72
1559.81
239.884
1918.61
1910.04
1899.75
2499.06
-223.073
1228.81
3143.91
120.405
2218.09
2085.5
933.773
2762.1
442.551
510.241
-852.445
1677.64
1460.32
1626.13
-60.4597
1195.11
654.882
-841.67
528.416
1777.73
1152.48
17.8241
2525.63
-312.382
636.687
1261.15
497.316
2370.66
1773.4
2782.84
129.506
495.43
1006.44
2321.36
1280.29
1875.73
1812.79
2181.6
1300.95
294.973
45.0346
-143.435
-260.055
1057.14
273.852
23.446
424.376
2035.67
882.395
791.211
-157.335
1879.51
1000.28
1994.71
777.807
1312.7
1470.2
408.118
170.309
1095.26
1162.54
816.184
-104.926
1312.7
1196.87
1268.65
639.697
2161.71
1195.98
3261.08
867.658
1583.32
881.19
-80.5588
2596.08
1167.6
181.938
-188.4
38.4452
1232.89
-951.062
2762.53
2269.55
2183.67
931.425
68.4831
202.427
-180.656
1066.77
2881.44
1139.95
357.185
2382.24
233.348
1974.8
1985.94
2101.7
-58.3492
1275.68
1798.74
2441.09
968.285
2099.1
1816.83
859.025
1267.12
1597.64
1064.26
757.242
1158.56
-434.336
1382.53
-164.791
1297.2
1278.91
1123.85
914.965
1323.32
1492.19
2086.16
426.456
-161.07
-40.7939
1061.64
871.473
1308.11
3284.33
-307.511
944.183
2003.55
846.726
1397.81
1860.37
1896.68
819.651
1234.79
1236.82
-216.145
450.125
2510.73
2038.03
1000.23
2617.69
1093.87
-122.67
2039.1
40.75
412.664
1033.78
1055.35
992.712
2310.64
711.554
1667.2
467.572
1741.59
2048.8
1568.07
-388.724
1012.96
1129.17
1079.78
1383.63
637.199
2037
0.181209
1938.41
1304.84
368.456
228.032
-1148.55
435.779
1006.03
130.986
28.1162
1247.43
413.339
1729.04
606.108
585.51
980.219
1579.84
1953.68
467.858
1697.28
2353.77
693.556
527.121
-137.566
1130.39
9.09036
1363.63
275.563
-5.30158
1193.5
2514.81
409.833
425.701
-114.061
2408.39
1430.89
938.707
-546.444
1860.87
896.487
1209.52
193.789
6.66532
2936.85
1392.48
2276.87
669.054
490.329
-124.081
1742.95
96.8136
1715.8
-20.3219
1108.44
-228.213
2212.88
1313.33
68.0581
1565.09
1029.82
-79.9142
923.832
630.095
771.578
811.271
2376.61
805.212
1273.21
2754.44
-1.3347
631.751
344.09
711.818
1775.48
1615.13
1066.81
2281.55
-480.795
900.26
2185.69
794.537
-185.27
2260.85
614.68
1801.97
1301.63
551.628
2017.72
596.657
2356.75
2762.15
1598.18
668.19
1840.3
1154.29
1009.01
2084.92
1990.72
-649.926
-590.866
3266.84
1048.8
2027.89
216.902
58.6107
126.49
259.496
701.817
486.467
8.19614
1324.04
1470.2
1236.82
120.237
-764.435
637.146
-1253.89
1523.91
-148.847
1461.58
763.86
936.624
973.02
80.31
1064.76
1939.3
1212.35
2459.31
2386.04
986.242
1801.01
1263.9
1691.48
333.069
1129.13
2198.52
1628.42
729.804
1576.53
190.94
-1286.21
1833.31
2265.89
1555.68
190.931
94.1251
201.017
1099.93
-117.302
540.053
521.268
843.253
359.911
1332.97
479.522
1091.08
981.269
1004.93
-684.597
1762.69
1259.66
1842.87
1889.57
1506.09
1795.91
766.116
1773.72
2120.16
3266.27
2087.03
1436.36
353.912
2052.56
1648.23
-316.387
1578.27
-387.123
293.772
841.606
1951.7
1600.95
595.586
1301.91
1412.72
416.87
808.765
1083.12
1046.99
1255.52
1643.06
2081.06
1388.08
948.416
1061.15
954.937
1643.63
528.796
607.73
-167.838
424.055
316.444
46.992
2328.97
515.827
1136.46
2308.05
1253.06
-27.7605
758.602
1090.3
864.615
638.176
633.176
981.247
722.752
673.917
1039.64
209.101
1107.42
560.416
456.331
1498.94
1360.37
1413.73
1035.8
224.082
1787.74
-1446.87
722.846
1023.64
1327.78
-87.3607
-796.873
687.041
729.573
1741.36
608.965
1397.09
282.304
-93.8645
718.107
1453.73
785.345
1272.11
752.759
-295.73
251.078
1799.17
3466.9
979.035
1979.25
1117.32
1805.84
2427.04
450.478
775.574
950.389
1851.39
-683.611
-63.3403
-413.68
1886.88
666.849
548.747
151.954
1036.68
530.646
-266.864
106.119
549.677
1203.73
1514.07
952.431
1932.73
1233.04
1520.13
1131.71
173.8
455.889
406.512
375.891
1824.43
-440.207
1988
2158.8
456.853
1165.46
1144.12
1929.64
1529.41
1530.14
-409.853
363.397
379.076
-258.583
1059.38
1035.44
1616.85
1038.59
1005.69
221.965
1222.47
-30.2321
912.465
1713.14
2150.5
483.842
1529.31
1356.79
