-1242.85
-649.64
-1742.63
-215.827
469.268
864.105
-798.382
-1375.21
-25.7762
-278.079
160.482
-381.843
-1749.9
-24.6198
774.163
632.591
597.229
314.437
152.034
1012.79
332.391
-478.289
-98.0493
506.669
-551.855
-1018.42
-955.149
638.881
-110.816
-1011.92
-1276.89
-207.778
1001.28
656.567
774.503
15.5037
300.229
1176.18
982.196
-1327.95
-719.15
38.0686
141.296
-930.266
-298.293
-584.077
-17.962
420.924
270.663
818.939
-400.553
-428.744
-1398.7
-236.732
595.112
-1154.31
-431.563
781.523
724.879
-715.898
1245.34
1500.63
686.332
1179.29
68.1899
500.915
-416.628
608.371
851.733
471.48
513.097
-678.003
739.498
-303.754
186.418
986.761
907.693
695.42
-1893.83
947.599
-483.76
-150.367
894.315
-1723.18
-501.535
256.496
784.44
1588.9
290.318
1025.33
343.464
-580.061
160.171
-939.183
-464.226
-830.858
120.792
-172.276
-518.041
137.461
446.586
-589.87
-690.528
902.172
144.586
1134.14
745.731
-917.215
956.678
385.483
69.56
-514.644
-113.113
1545.16
691.678
1486.12
-2045.89
-792.972
798.396
920.366
1191.56
-715.467
-373.111
170.847
1081.15
-280.713
168.995
-525.164
1475.91
-26.0499
808.192
134.36
-953.943
-608.989
1558.33
-758.658
332.194
-981.912
-706.229
-1000.44
1280.42
1690.27
-222.453
1142.53
468.478
-56.1278
553.855
-800.439
-1326.67
1267.62
-477.692
-440.105
511.607
-567.216
1863.63
-434.663
509.06
117.423
-1200.14
710.837
288.241
1013.26
-436.879
284.987
-296.114
263.249
895.295
480.656
-330.449
386.783
379.912
-42.9491
1217.42
-641.811
-456.621
865.955
78.5018
1245.89
-1738.85
316.641
702.597
-1408.24
461.908
-863.662
113.682
61.7
420.456
-1335.08
-502.603
81.2405
-173.551
-1024.82
1515.33
605.267
-1251.1
-53.4669
1038.16
-515.397
-1478.05
-562.599
928.053
55.3371
214.933
560.179
365.951
-1037.48
-147.824
551.109
-464.487
873.267
383.442
421.337
626.082
989.899
1824.99
-867.985
417.33
480.11
-116.197
-958.25
12.0925
750.186
1405.63
-5.83179
238.296
688.429
-48.6069
67.6341
553.488
-623.397
882.873
-1087.06
1185.76
304.157
394.149
-1080.71
-725.01
224.902
25.5604
1157.36
636.695
-1404.83
-673.443
738.15
1625.71
-385.004
-517.63
125.193
188.556
-1258.75
-20.5858
-71.1876
786.87
-244.045
680.435
491.855
569.854
-478.038
-696.977
42.4953
-1314.07
-193.569
1966.16
-354.846
665.561
846.135
-714.44
357.145
126.671
-1204.01
1802.27
1781.53
589.119
9.62787
1264.58
-1050.8
600.779
-322.277
127.372
-579.29
236.844
-537.325
-150.607
1139.34
-979.362
-240.946
-689.324
925.001
825.695
38.2615
-892.096
-559.84
-290.132
149.49
163.815
-823.517
906.847
830.295
-365.565
117.644
1084.18
-307.589
-436.462
-5.66032
468.733
-991.681
-439.001
990.45
-145.343
-607.896
-985.915
-320.643
133.446
452.36
1402.75
1179.75
-197.895
55.6742
-47.2324
-1713.96
-1314.25
-487.858
691.47
-286.097
-1964.1
1622.06
-148.155
946.082
1336.41
-169.088
748.46
400.45
151.935
-297.414
-994.15
39.9156
850.183
1829.82
-428.752
-638.074
1177.84
604.704
539.348
270.805
-426.115
-361.896
-1114.19
-319.466
-1459.71
153.559
-64.2241
647.706
103.58
1026.65
895.327
-338.13
903.217
265.536
-330.199
-524.531
-708.609
647.731
-298.019
-508.375
-800.869
-264.412
-1173.64
520.397
-273.759
1291.28
-423.963
744.228
1038.69
-829.53
388.636
-984.499
-342.616
1083.52
-541.241
1690.73
-542.976
827.883
273.705
265.697
-465.949
-180.983
-355.817
436.867
419.535
-627.995
-746.634
583.614
-8.67986
-618.473
-551.645
382.697
1240.72
118.409
-153.226
-451.582
987.018
1852.48
-371.259
359.265
-505.494
-1559.75
851.474
-881.533
1395.51
886.659
321.55
-915.101
-571.7
-400.832
-369.991
-1024.08
36.0388
333.082
-95.0218
1039.82
855.218
1621.74
-865.146
1721.14
516.472
-75.9291
1030.17
1075.13
-272.915
481.727
1555.88
219.616
-1184.02
630.113
449.643
-770.55
466.972
-1130.15
1503.57
577.304
224.323
-1187.47
18.1301
214.099
1802.18
827.069
-469.129
1267.25
31.2489
1026.67
-973.516
312.475
657.46
417.361
-99.6737
-822.164
37.4176
3.95056
128.935
-770.287
-894.436
495.483
-262.124
-351.102
-757.89
-957.664
924.643
617.514
-953.063
-348.273
-321.804
594.967
-1392.12
125.725
166.74
-1245.33
-655.518
-965.648
171.465
1945.44
934.04
-810.545
523.485
782.081
-1810.39
627.967
-1094.49
-888.603
299.824
1459.18
-167.665
139.31
-382.882
-404.888
-108.537
-165.832
-401.48
1739.37
85.8488
-1184.33
-1136.26
764.881
1808.35
534.045
760.238
-9.17448
-1594.87
-837.311
1699.73
373.91
-399.32
-1112.23
817.807
-184.427
872.57
-610.422
1335.48
-1730.73
-501.967
687.096
-849.297
-446.125
943.318
589.059
135.892
-1721.63
-885.335
48.016
682.343
-1375.04
-428.539
-1263.17
-746.355
1317.23
988.964
-1137.65
564.865
-1590.56
-470.454
1918.3
170.201
59.0852
-47.0718
-819.242
-895.481
613.38
-970.05
-59.5297
-208.863
468.977
296.227
-630.488
260.595
176.861
387.724
-700.867
305.521
-256.487
1466.03
52.2816
1488.76
-355.949
301.456
61.1464
431.739
1876.68
-439.875
300.313
-270.368
-76.3299
426.053
-1415.52
291.854
108.664
-1029.93
981.7
-158.71
-1002.53
978.795
-151.36
388.344
1480.39
-638.094
699.378
1253.36
1682.42
-570.705
252.701
175.471
-941.784
559.132
-198.445
403.755
169.56
-457.513
-359.735
-618.305
484.914
1377.59
407.261
-284.22
433.871
-224.562
418.638
326.442
397.025
66.7862
-505.965
-460.027
-899.975
1139.75
-813.626
-786.83
320.707
-1252.45
-1752.79
-235.706
-102.606
225.64
-122.684
-343.297
1097.45
-393.242
-848.85
-1598.03
45.5176
939.804
891.117
-914.911
1744.21
417.837
201.409
-685.511
-1177.21
56.6069
-632.258
103.626
324.302
1285.29
1152.5
229.5
-478.134
653.171
-115.035
132.217
726.158
20.0648
-290.26
-542.528
239.992
799.338
678.633
830.773
-595.208
812.646
-142.366
1596.94
170.59
-580.931
-1648.45
-548.518
241.287
-152.438
90.6432
-520.934
-479.752
-173.795
-1824.24
1159.64
-319.181
72.8586
203.102
253.249
66.0758
637.738
-317.048
-377.446
644.706
1510.67
-876.206
758.43
-568.989
-987.248
-1213.53
-124.534
-0.0454347
539.503
-164.402
1067.02
457.61
-165.423
591.256
390.031
984.342
352.495
875.435
-1181.54
145.002
765.346
-168.181
-92.135
-966.693
-461.309
-1212.34
451.438
889.377
420.589
357.922
-260.313
-214.225
-609.843
-247.784
623.597
-429.731
385.437
-769.628
208.774
255.612
771.839
272.752
480.754
267.948
-657.177
-1924.69
-1330.1
493.012
-1384.11
-339.296
-26.0777
-277.321
532.713
161.158
1316.31
1198.63
566.543
-234.256
-188.836
-1222.2
-1627.62
1398.64
734.285
234.975
1690.37
203.623
316.639
307.602
-200.474
394.696
-81.5702
-210.835
-329.915
-519.194
-511.584
-1073.65
785.693
1555.37
617.659
-852.248
-1209.17
-234.161
466.161
-725.392
421.287
843.446
2000.44
348.463
-193.552
-34.2641
278.499
-732.487
-90.9813
358.726
1157.21
-662.775
983.897
-836.778
-502.58
-907.529
-169.288
73.2582
-494.864
120.282
812.374
362.88
1393.52
1487.29
-530.962
-473.791
-599.109
-482.339
-410.533
-91.866
-1240.56
864.374
852.943
980.065
-534.645
21.4738
-209.54
652.14
-467.714
-1395.72
-1285.51
759.383
-411.774
-806.625
-226.249
588.832
313.586
-669.64
-1552.67
1481.3
2238.8
-344.177
686.549
-872.342
569.328
-13.2373
-231.3
-5.73014
-1304.97
-1651.41
-955.117
631.695
-1183.17
946.1
-1527.47
748.071
1070.26
73.4884
-61.0238
81.2828
-28.4381
334.038
-998.49
-676.122
-142.651
-38.5118
1613.9
-875.089
254.356
-177.734
-4.13492
1549.48
-1316.37
379.238
531.395
461.908
-389.875
1383.62
-702.249
-1706.28
723.093
514.012
-432.102
-171.419
-1091.19
404.531
221.883
97.2215
-87.7942
-276.722
-1121.43
515.248
595.209
-138.593
680.536
1245.52
-382.232
-716.401
875.268
-584.41
-1244.08
486.715
252.312
-582.367
830.6
-1018.09
-427.862
450.097
-1194.67
615.893
-1246.41
-33.5865
371.255
-154.415
893.13
426.386
-268.32
-633.219
179.485
-563.637
-451.192
-332.584
-436.672
-299.238
1160.64
981.886
178.095
-1019.34
523.84
1181.28
-743.706
-591.255
1588.17
689.275
1130.04
995.09
-543.891
626.358
44.765
1498.76
282.595
-1358.1
1475.9
-947.198
-1536
373.568
-504.652
-1321.56
532.523
864.013
-410.841
-495.954
-886.928
204.566
167.419
753.746
-430.925
-1703.23
-485.528
-100.872
236.158
160.861
-1233.27
-312.313
-1003.99
-363.064
-996.468
1215.96
-1093.77
-1308.3
1144.73
-835.718
-649.888
-963.417
-867.561
416.971
926.582
-386.048
548.336
-1634.72
-1514.4
-1411.16
335.985
661.174
358.977
335.182
-294.328
-282.894
715.349
-403.367
-549.172
-1101.69
-259.41
1061.35
-270.575
551.762
26.2204
-848.393
-692.072
184.761
1142.88
-925.689
311.988
-484.416
40.1599
-992.158
-400.718
655.594
-582.024
1096.84
383.767
-24.2764
-909.849
-976.874
740.293
-910.736
-654.564
-246.396
-883.039
545.038
-119.829
-349.259
-1294.82
64.7292
-237.051
1416.58
40.605
-301.309
-1847.85
1414.93
339.663
-370.972
-907.231
222.837
-1723.61
-357.281
-125.898
836.388
261.535
-497.427
153.037
553.253
-180.903
475.895
-476.804
-446.629
-385.712
-506.669
-68.4742
-801.448
271.08
-762.209
272.822
427.266
117.597
471.656
144.655
-321.224
255.666
-707.404
1043.4
-90.698
-615.276
613.651
-267.542
-501.645
215.273
-649.174
1044.52
-1720.96
-132.076
1285.29
-862.441
-965.717
725.632
-242.821
-1023.69
-1143.94
-571.017
473.244
602.539
-778.069
430.823
-140.086
588.647
1339.98
-1382.47
389.875
678.845
642.966
-657.193
774.104
217.156
-288.804
873.329
1063.2
380.73
1065.19
-293.526
493.72
-809.496
-700.227
833.022
-980.603
-1290.54
-668.124
-704.198
1139.91
386.168
-425.581
-1180.08
805.266
-945.284
-362.874
-270.303
187.643
-906.318
-508.707
-890.719
-1134.71
1098.71
13.3861
250.503
106.436
-414.132
-328.238
245.807
-546.305
529.925
227.616
-178.919
326.521
-172.463
-667.531
-915.01
-381.485
815.951
-938.595
-296.217
1829.84
-1246.41
287.763
-544.593
-642.926
-244.722
-1029.21
13.0251
148.093
-1001.37
240.55
1300.6
-29.1766
-191.733
1301.35
-521.39
-248.642
693.132
-300.686
1258.81
-1010.38
-873.86
1238.35
-720.208
561.524
805.894
1069.33
-2.06229
-116.868
-458.439
22.2546
1010.47
1286.78
-1402.02
186.227
1653.24
413.756
-118.615
793.996
-383.667
-251.257
-1329.56
-114.467
-162.276
1373.65
-759.833
-285.669
-894.968
-602.961
-575.434
-550.161
-59.0487
-498.549
-634.38
-683.71
310.491
-766.922
-1253
342.105
472.412
327.101
229.285
-500.328
-507.538
729.419
664.695
1321.52
-842.763
-100.374
1009.52
79.6157
843.279
380.679
-590.253
-136.727
1093.04
890.844
-1201.27
-1021.19
-1295.41
-1296.48
144.485
-1036.83
785.27
160.746
-84.2624
172.367
-79.6787
1689.15
735.387
209.677
643.707
-268.383
-1270.9
695.261
445.715
-798.146
264.006
892.098
752.615
-1330.12
-691.409
404.716
-759.691
-274.544
518.717
-53.8568
-964.515
1158.37
8.01125
-659.83
208.716
337.58
-936.027
-1180.08
-509.443
502.975
-855.595
-173.732
-989.47
3.51807
-983.778
-711.222
294.391
423.723
-484.78
-823.074
-1002.21
213.035
-731.457
-143.939
-132.346
1649.09
389.536
-1474.61
1339.49
307.169
893.358
427.46
-1205.1
-189.406
-39.944
-834.214
-61.8606
425.675
120.627
-298.638
622.338
-412.344
-770.688
299.402
-6.5849
454.254
133.723
1017.33
-396.763
-1740.25
1536.09
-650.394
-209.335
-620.847
30.9013
-128.545
-817.134
-406.532
-315.173
-827.365
224.504
687.28
285.76
-847.931
-463.332
-772.183
-1142.8
-1053.2
713.199
-373.803
389.109
677.826
380.642
-10.011
784.331
1739.4
637.065
-924.452
600.615
93.5246
-1384.46
709.015
-1524.51
-383.549
-198.766
-592.841
288.382
620.859
1084.26
-1682.62
-640.337
-1045.56
-550.847
-1204.08
-582.487
1439.02
541.977
-160.747
-764.165
-775.537
80.3601
-449.351
-486.893
-1539.31
1667.06
-414.831
-532.517
497.899
-1564.76
366.131
-325.919
-399.382
-556.933
-342.724
222.327
1404.02
2189.92
770.332
495.77
-361.061
-1630.93
-674.265
-1396.83
-1036.44
1758.13
2000.44
-266.431
414.226
914.723
-528.555
906.481
-858.263
-131.712
-742.059
769.146
-889.532
-987.41
1209.38
1350.65
577.918
1102
-474.267
303.757
441.478
1192.93
319.765
-99.0827
919.871
-227.981
619.51
-650.605
-378.697
570.763
1535.97
-182.583
1433.14
1213.78
515.012
359.392
622.203
-357.931
-1034.99
-1054.19
879.888
999.416
56.7472
458.726
339.384
-444.241
131.365
-458.191
1030.29
-48.4422
-758.036
470.067
-1003.06
284.065
549.074
2023.93
-1306.02
-1.94146
517.586
-572.619
247.873
1027.43
-0.415174
613.997
-857.999
-521.966
817.5
-187.579
-553.491
-439.63
-655.738
-1318.87
714.452
-965.223
-963.877
146.332
160.433
-30.3312
-1372.12
-70.8516
-1079.63
850.646
999.23
359.109
101.025
-182.846
-1166.5
253.963
-774.043
-819.379
-187.637
168.621
217.561
205.006
-1150.65
-139.11
335.723
619.309
-95.5654
923.759
-305.296
1429.54
2046.82
347.473
-407.8
-1229.7
821.915
-828.311
824.202
-13.2637
-337.547
744.272
-1363.47
1900.94
-923.321
602.22
1332.24
-159.21
-711.219
-735.031
560.207
241.748
-437.231
376.299
496.409
561.474
288.568
1964.01
-1436.35
1271.57
398.676
-681.281
735.574
453.42
501.561
-33.2481
1380.7
345.256
-148.619
-461.866
651.957
-714.718
-1619.32
432.47
-886.008
-1155.78
-424.158
978.623
488.361
-521.018
-947.517
-1627.02
102.153
604.738
90.2856
-355.405
221.783
-683.191
-61.3369
669.359
-1018.51
-1225.21
-183.49
693.129
370.984
1208.19
117.381
352.033
-931.122
-184.935
342.775
-999.364
-751.16
-767.161
-8.11427
-1102.07
-315.49
1066.27
-1023.87
766.822
-854.533
-151.944
938.21
945.244
-982.69
1388
-1347.16
-741.141
-328.768
-1128.61
363.809
7.89945
-1563.89
-82.3504
181.133
94.8678
-635.362
260.398
722.442
1157.76
140.396
-659.594
592.226
-1042.01
695.75
-890.311
19.9855
-467.042
-303.731
-465.142
394.66
-558.999
-1294.4
5.78293
260.998
-93.1704
380.243
-750.934
345.288
-587.228
45.1681
393.251
-95.7193
-568.646
-1095.04
890.55
354.969
-436.805
43.6244
-590.158
176.683
980.009
-509.48
305.416
-1193.63
-405.812
319.753
-210.721
604.122
-271.842
-850.625
-201.457
724.299
29.3533
108.507
-681.233
-62.055
-1919.38
306.823
44.5804
1638.78
-1865.24
105.443
720.792
-687.549
-433.169
84.942
803.194
-778.039
-662.501
825.978
-358.811
1033.22
-847.868
-1114.89
-1179.33
-734.761
154.617
149.073
-353.479
-1010.34
529.677
-1435.7
773.268
157.567
-430.103
380.58
1169.36
898.03
-833.062
-536.129
606.704
3.92505
312.485
-551.422
-301.522
434.043
-633.998
1064.06
-355.783
514.214
-414.637
97.9448
845.9
-606.843
-435.548
-103.424
-49.8365
826.051
302.218
-413.128
-1263.6
-1087.32
384.847
-1276.75
-427.946
680.006
282.123
735.511
-566.468
176.354
-580.646
-1464.3
101.926
1580.57
730.892
-1043.62
91.4757
140.077
612.671
-307.933
-110.192
-1446.87
-570.987
347.402
-1529.29
150.797
-11.6986
-3.68803
328.502
-139.977
1234.83
-1594.78
1975.16
-276.927
-1354.68
1619.3
40.7345
-269.204
56.826
333.935
135.264
-517.69
-840.875
719.008
-364.365
-1.02972
-603.315
-67.8126
-1010.52
437.277
-458.539
-605.496
366.899
-126.137
-955.473
257.342
-28.1834
-689.322
693.366
-94.7259
-493.485
1479.34
543.617
256.581
-485.989
-589.628
-671.558
-337.878
-1844.52
809.307
553.51
-494.021
-191.214
-39.573
-315.788
57.1445
-203.773
-691.114
223.109
1013.58
128.273
1499.25
187.199
501.115
-632.129
-314.611
237
-196.106
930.88
1086.86
-496.394
183.109
-381.838
1.16139
-871.819
779.305
84.3325
1418.56
725.884
9.17765
-446.57
499.741
320.34
-768.333
887.599
22.3401
78.4559
1011.73
894.205
-177.095
-173.69
855.616
239.266
-761.976
386.089
40.9169
-586.437
-637.568
198.721
1246.61
600.115
-498.206
106.08
-639.049
-859.127
-614.943
641.315
411.948
-900.813
194.652
39.1521
1537.27
30.3978
-233.218
-128.915
54.8523
1507.37
1203.17
447.624
-1589.9
-314.451
579.639
319.369
168.665
-1036.4
-69.2508
-184.583
-956.25
-1072.48
-94.4952
-421.328
-19.6394
95.6081
952.714
1481.77
-1249.7
368.827
-1979.8
-1092.51
-350.249
289.41
1426.28
946.992
-496.299
128.967
1094.89
530.469
594.766
-1962.17
-431.03
-231.049
267.622
602.839
-412.504
-461.391
-621.016
-382.519
-1607.5
392.372
66.1091
-450.63
-105.611
1682.67
-380.012
-810.7
4.25457
1167.13
459.132
-1204.61
149.427
-993.74
-253.661
-1087.84
5.6916
-1125.1
142.018
300.996
-1630.22
505.469
202.442
-529.549
-345.295
-215.94
-45.4347
-656.378
-176.702
832.769
-841.792
-152.329
774.323
519.663
468.217
1030.76
37.3032
641.595
-657.304
646.434
-485.958
-767.048
-47.8679
-93.2238
-725.709
839.78
-836.841
200.579
1655.39
1190.3
-100
170.419
-662.672
726.136
897.632
40.7305
-755.134
513.721
196.273
-897.806
-967.345
-1302.24
956.784
547.249
-445.765
419.302
-418.795
70.5891
-814.242
581.697
-868.784
385.713
87.6576
372.114
959.261
988.36
841.969
205.292
-618.706
920.716
352.602
270.713
666.41
-478.462
-30.5392
1190.81
-300.623
-1295.97
-737.919
28.3137
494.876
204.967
-30.1609
-44.657
-652.864
-1114.07
250.04
-1438.23
-179.686
1097.36
385.25
581.088
1346.88
-664.589
13.2598
58.5285
-33.6183
-943.11
828.847
-993.045
957.02
-18.4007
-1085.27
1061.73
-354.779
311.346
274.672
-2011.01
-1590.67
-131.236
-190.506
571.971
928.662
26.2504
332.073
564.794
-172.836
706.6
-224.334
1030.4
-1236.86
337.101
-455.635
137.873
105.427
-289.899
-56.7981
-28.7135
323.017
-1593.47
527.383
-230.227
134.137
1401.57
519.49
-374.211
-1645.47
-204.602
-735.312
-145.426
-1548.27
-140.076
834.301
-266.432
948.579
940.217
1113.43
-251.529
-1565.04
639.195
