1002.09
1686.56
217.106
-134.522
160.255
934.637
686.5
3044.96
1413.62
1247.36
1732.75
1182.78
988.672
2727.23
417.038
667.07
-351.013
-228.461
1360.5
1395.32
2222.6
463.874
956.626
453.384
1674.18
833.213
1408.86
2340.63
571.108
677.762
924.862
1031.7
-32.2442
1413.64
2134.22
-220.445
1258.69
901.396
873.925
1591.16
-582.158
713.971
1926.58
1334.48
1918.64
1521.27
483.301
2015.61
1207.53
1258.78
1231.91
2375.74
1154.97
909.841
859.29
1402.06
1337.91
734.671
1855.54
521.023
323.922
942.961
2252.05
513.819
1297.93
2939.79
1929
1059.27
923.543
1322.1
1064.09
1808.59
796.627
2286.59
1652.2
2405.5
231.19
925.642
2146.76
373.785
-325.723
1966.71
4.93713
1685.82
263.794
2301.26
2000.98
1095.1
395.805
1049.9
515.831
2331.82
1477.68
708.944
2690.25
616.923
60.0185
2477.09
1956.36
1608.44
1017.52
1871.16
987.246
1969.3
-92.9795
1441.56
1115.09
2275.76
-400.305
1927.16
1066.55
851.268
1322.41
848.605
1120.86
454.816
1312.89
1884.45
598.281
1057.05
185.463
2138.22
2300.93
-88.4521
1387.26
1488.2
199.005
1590.56
404.359
1507.26
861.092
541.49
2051.71
2474.99
1228.05
95.1356
805.046
1584.39
256.111
673.905
1014.41
148.439
-188.245
476.563
923.915
684.221
563.53
1366.6
2081.01
440.167
480.414
1332.46
36.3207
1052.69
743.566
1108.16
364.686
126.574
1132.87
2609.47
628.773
1189.03
2777.79
927.863
-343.932
1876.35
2824.93
358.442
1765.22
1774.95
2666.72
383.601
-448.132
1865.77
1591.27
994.623
1576.5
2176.53
295.421
259.475
84.6054
-87.174
1735.23
446.469
2167.54
-636.738
1947.48
316.72
1527.18
1266.75
2413.35
1386.77
1906.21
1459.78
447.154
1992.54
2233.16
3101.5
1386.29
2249.34
-164.816
949.87
908.029
-309.805
694.41
1593.26
1404.94
1631.23
1076.87
2678.21
2288.33
-399.303
2083.71
-356.45
1851.48
1778.71
713.132
1640.76
1829.2
1636.12
1462.32
1580.84
859.606
1393.62
606.074
1758.28
656.713
-236.18
1899.22
-153.354
1100.27
1573.16
1261.11
1520.49
2873.14
963.911
1936.67
2106.43
1460.05
795.525
-349.942
1930.43
2150.16
332.869
57.7548
981.075
1105.99
1582.26
1843.21
590.869
2374.43
999.895
717.374
212.751
1306.42
1869.48
1025.28
1820.85
1419.34
1170.5
2612.15
1407.75
660.43
826.817
881.555
2239.3
600.403
1207.45
1464.68
2685.59
1446.37
105.849
836.362
641.221
661.536
346.905
820.824
726.505
2230.02
1596.04
1068.99
1548.45
-412.029
1298.19
1833.34
2230.1
47.9264
1228
2311.45
1458.26
-556.972
1998.56
82.8484
501.133
928.636
294.746
-253.599
2573
1025.94
820.268
1976.36
1779.67
721.421
2348.6
620.892
77.2964
179.951
498.253
1357.55
1041.55
1560.9
667.102
160.082
580.863
1619.3
60.0013
2290.45
903.289
2404.94
2099
898.695
1789.14
1608.95
2082.21
266.633
1089.49
-70.7154
1480.04
738.347
637.469
-250.961
912.41
1743.41
196.487
2578.2
992.851
1643.33
2237.71
1855.57
2116.75
553.463
1903.38
1987.06
195.186
1038.81
959.171
1282.87
430.973
-124.757
2134.28
702.356
2211.27
-481.037
2141.16
889.904
1193.88
987.463
1417.65
2179.48
-111.269
-52.7001
75.7177
2885.23
1105.78
738.361
1640.19
2168.49
1881.11
1518.07
2329.18
61.7646
659.005
859.279
743.318
2480.04
2613.2
2619.9
1877.22
1238.71
1242.19
2199.37
679.665
1142
290.02
426.376
878.182
1592.84
1023.65
-1267.41
1569.04
908.063
165.061
627.411
936.562
1027.71
805.817
1230.68
1397.91
1556.62
434.863
322.489
1009.91
-56.7844
1267.4
1704.75
966.391
441.84
1172.16
1167.44
68.3988
1947.47
1404.59
1474.55
-141.771
1526.09
3057.58
265.212
1103.07
1638.56
1853.42
2124.1
1162.82
1339.27
1169.65
2362.51
1858.51
1501.05
929.62
573.617
1518.7
1593.5
956.937
506.115
994.948
785.073
-269.597
1578.21
3134.67
2900.11
994.734
1456.86
1915.27
1879.24
780.65
890.572
2077.12
1686.04
365.705
2024.82
2102.12
2118.34
2716.85
-44.9451
1328.13
3352.66
345.121
2378.01
2196.81
1133.81
2991.9
578.284
668.681
-743.301
1911.35
1656.45
1819.44
36.6875
1430.78
859.517
-679.897
623.667
1974.51
1313.13
108.109
2748.47
-165.747
747.688
1458.69
633.065
2587.78
1898.89
2967.36
276.708
652.754
1132.14
2436.47
1418.18
2046.34
2389.78
1431.94
399.313
141.689
-38.3504
-32.9487
1144.82
416.706
160.11
521.779
2271.78
1074.16
964.582
-56.4772
2083.09
1232.26
2214.91
970.862
1496.66
1571.93
544.307
271.792
1189.68
1393.4
922.888
-0.235976
1449.66
1408.72
1472.83
772.7
2348.14
1386.16
3494.35
1021.28
1700.37
1064.78
13.2941
2759.01
1342.95
271.578
-26.7065
159.657
1353.08
-852.625
2950.71
2359.65
2414.55
1033.26
301.422
328.532
-90.229
1177.56
3114.16
1344.35
544.7
2617.15
412.294
2088.82
2097.91
2314.76
85.2093
1462.59
2036.74
1062.95
2296.89
1923.62
1079.17
1369.39
1690.9
1196.2
849.675
1248.33
-303.344
1567.9
-31.142
1415.77
1477.36
1301
1510.46
1726.33
2221.18
572.044
-29.7752
87.0747
1156.1
993.429
1522.43
3458.21
-210.64
1171.55
2232.79
960.536
1598.78
2028.46
1984.92
1033.27
1335.65
1469.54
-115.871
540.114
2745.99
2141.16
1211.94
2779.09
1311.16
5.48541
2245.46
138.734
504.967
1134.93
1169.96
1088.99
2458.79
911.236
1818.74
570.352
1834.43
2225.43
1803.48
-224.255
1109.39
1330.44
1268.84
1514.68
771.034
2174.37
116.893
2141.32
1392.3
473.29
315.358
-1057.89
660.067
1124.57
261.034
199.128
1482.32
578.813
1956.66
816.218
815.206
1181.71
1727.61
2147.74
647.174
1829.94
2551.92
825.815
670.202
-20.4242
1336.52
99.6757
1572.18
368.34
90.7779
1339.85
2641.75
558.255
518.472
65.3029
2641.9
1548.66
1048.36
-447.226
1973.26
1026.79
1409.47
348.355
138.629
3170.49
1569.79
2406.8
788.968
581.291
74.6758
1917.54
205.319
1826.67
69.1675
1315.36
-133.457
2334.11
1440.86
178.825
1778.26
1119.83
59.9279
1023.62
827.384
1004.49
981.082
2539.92
939.94
1508.78
2988.18
113.235
815.81
448.324
835.222
1972.02
1795.91
1304.95
2392.58
-386.835
992.308
2341.84
1012.96
-98.0821
2497.45
851.808
1923.05
1456.95
755.652
2203.2
687.016
2533.78
2996.82
1783.58
768.461
2068.93
1343.51
1141.1
2182.51
2160.42
-553.363
-415.488
3473.67
1158.06
2235.52
358.643
150.897
230.327
457.193
816.986
630.179
95.6748
1543.9
1645.2
1339.01
255.569
-641.119
789.329
-1160.98
1642.67
-38.8059
1661.97
855.461
1085.74
1131.16
262.434
1238.55
2027.41
1361
2669.73
2547.97
1084.26
2012.21
1497.21
1918.04
437.504
1302.16
2293.79
1844.18
878.729
1724
281.315
-1187.73
1932.57
2493.46
1789.09
341.508
323.602
434.73
1197.35
-5.85541
766.764
642.615
1034.78
485.073
1555.17
652.379
1711.69
1199.93
1178.3
1240.41
-594.343
1862.9
1349.92
1944.03
2047.78
1677.18
2019.19
983.721
1928.77
2339.23
3490.78
2307.67
1619.11
479.976
2282.01
1825.57
1746.07
-272.279
386.359
929.829
2185.66
1754.03
695.883
1460.28
1556.6
604.513
1023.21
1249.15
1208.89
1384.95
1865.28
2318.71
1598.96
1055.67
1283.28
1187.22
1875.48
760.582
696.698
-52.034
558.089
430.527
143.067
2559.02
661.883
1315.37
2494.74
1405.81
78.6771
851.577
1249.49
1065.49
737.639
737.675
1106.72
911.886
796.047
1232.68
342.231
1199.17
711.061
588.355
1595.89
1577.52
1598.25
1130.85
401.112
1982.61
-1356.8
836.861
1241.61
1513.16
24.8386
2135.09
-670.539
871.461
844.085
725.548
1509.83
450.707
78.3916
892.468
1572.14
919.638
1476.06
908.538
-81.9548
483.644
1891.39
3702.88
1127.05
2068.83
1349.47
1943.29
2603.82
591.226
929.361
1095.66
2017.08
-586.629
44.0193
-262.484
1989.67
903.346
646.09
298.931
1194.36
743.387
-94.8264
244.315
777.811
1291.78
1628.95
1050.21
2023.54
1353.48
1722.16
1230.63
298.514
550.166
502.966
537.396
2051.76
-248.386
2104.58
2306.95
621.971
1291.51
1329.1
2085.81
1671.59
1658.94
-251.314
461.529
507.881
-118.716
1187.59
1241.23
1847.78
1177.26
1105.86
330.232
1352.7
185.949
1030.89
1871.02
2381.87
580.216
1646.06
1555.21
