1103.62
1772.84
285.918
-51.5632
234.61
1021.87
738.964
3164.16
1476.95
1350.82
1849.01
1250.68
1054.88
2845.75
482.776
746.927
-292.502
-168.88
1459.52
1452.56
2310.34
542.706
1023.49
507.618
1753.68
937.957
1505.4
2420.4
627.091
759.35
1011.06
1104.79
77.805
1468.41
2244.42
-169.585
1372.41
988.968
924.288
1667.06
-531.446
779.857
2005.22
1446.15
2012.29
1607.36
539.155
2103.24
1293.78
1324.66
1306.42
2484.17
1269.41
1020.76
912.192
1475.29
1415.44
796.387
1951.98
578.357
375.325
1026.41
2339.05
563.792
1418.04
3045.6
2043.46
1122.11
1012.23
1378.6
1119.91
1923.28
912.72
2404.97
1731.82
2512.12
287.824
1021.48
2239.11
454.712
-234.376
2045.34
55.9749
1738.32
327.726
2420.05
2100.27
1161.29
455.37
1111.4
575.515
2442.67
1540.68
819.426
2807.67
667.306
158.867
2593.82
2074.8
1700.07
1115.25
1988
1060.33
2031.61
-38.6852
1511.06
1234.3
2379.6
-325.326
2032.76
1126.52
934.653
1378.4
899.519
1240.81
525.942
1411.28
1991.64
658.202
1141.68
246.402
2207.83
2364.55
-7.51088
1480.2
1596.94
288.525
1649.75
458.51
1575.02
971.27
614.297
2143.46
2583
1345.73
146.052
885.909
1657.6
353.969
779.218
1098.67
249.31
-137.018
529.566
1020.77
777.781
626.112
1436.27
2177.34
503.267
532.487
1388.13
106.411
1145.94
845.932
1169.16
467.036
180.412
1212.16
2728.74
727.766
1283.01
2897.61
994.396
-276.241
1965.09
2911.41
450.54
1842.56
1846.65
2778.54
441.102
-371.849
1964.62
1694.26
1065.39
1651.86
2284.09
367.322
310.692
140.553
19.8244
1846.55
504.129
2285.18
-564.73
2024.39
375.375
1606.39
1365.34
2521.21
1505.63
2023.1
1546.38
531.382
2090.88
2329.19
3191.69
1451.36
2343.43
-106.491
1009.88
981.875
-244.462
776.73
1712.55
1511.08
1743.55
1191.22
2790.05
2344.33
-334.673
2177.97
-295.957
1921.29
1857.1
798.248
1744.37
1892.78
1730.51
1556.47
1694.64
962.648
1446.65
689.625
1828.71
756.424
-150.802
2019.38
-82.451
1219.84
1670.06
1321.29
1577.94
2988.6
1022.69
2030.01
2166.59
1563.3
854.117
-281.98
2019.1
2245.61
389.864
156.863
1036.92
1210.04
1657.87
1949.18
692.082
2483.04
1118.35
778.347
287.419
1399.42
1937.81
1078.67
1927.66
1515.53
1275.33
2690.43
1501.86
739.27
903.291
999.273
2330.28
692.697
1290.06
1545.48
2789.06
1535.04
162.717
901.852
693.719
723.547
414.899
879.313
830.737
2317.74
1683.01
1171.29
1640.64
-337.482
1361.64
1943.49
2328.88
133.877
1347.31
2399.5
1518.95
-494.767
2117.48
134.716
587.231
1026
371.659
-185.99
2648.28
1097.95
896.76
2093.15
1895.33
780.194
2437.33
733.436
171.569
244.909
551.133
1435.74
1115.01
1642.94
775.56
218.829
638.039
1673.92
170.429
2394.97
985.235
2462.56
2195.29
953.602
1877.83
1707.75
2191.22
341.882
1172.71
-11.4243
1577.76
811.045
695.739
-197.269
962.321
1826.56
250.307
2638.27
1109.55
1749.42
2292.44
1967.17
2171.7
648.939
1960.91
2098.69
269.866
1095.68
1024.79
1385.39
507.084
-72.9771
2243.69
781.685
2284.69
-415.23
968.14
1244.32
1066.8
1534.2
2229.65
-53.3911
38.1165
126.552
2984.96
1208.7
816.262
1704.11
2218.96
1948.31
1614.71
2431.74
162.408
714.66
929.426
795.033
2566.79
2729.52
2677.84
1968.53
1326.67
1298.11
2302.76
758.833
1224.92
356.859
482.208
948.65
1677.75
1110.61
-1214.83
1672.89
976.738
255.642
678.274
996.3
1106.82
866.543
1299.81
1467.93
1674.33
553.485
375.613
1089.02
1.0768
1374.19
1815.43
1018.51
511.349
1254.8
1281.04
124.814
2066.69
1520.38
1537.31
-68.8391
1605.76
3173.06
371.003
1201.6
1714.89
1945.21
2186.85
1244.82
1402.61
1257.46
2451.1
1964.9
1601.83
1048.55
640.103
1614.13
1700.27
1076.01
561.49
1100.85
858.099
-188.726
1670.7
3244.61
3010.95
1057.65
1575.33
2018.45
1976.62
840.816
948.479
2187.2
1758.33
437.43
2086.15
2203.19
2230.66
2829.03
49.5425
1385.15
3461.18
459.504
2465.62
2261.13
1237.92
3108.84
654.888
755.177
-680.952
2029.82
1759.08
1920.94
92.1183
1550.03
965.482
-592.423
678.087
2077.52
1400.74
159.634
2862.82
-84.4232
811.48
1561.85
709.692
2699.63
1970.86
3065.51
358.413
738.783
1204
2503.06
1495.99
2138.37
2497.74
1506.64
459.148
196.847
21.8219
82.3384
1195.08
496.485
237.018
577.47
2391.36
1174.75
1057.41
1.16348
2189.03
1349.87
2327.95
1071.97
1594.09
1630.45
621.107
329.882
1243.69
1510.55
984.234
59.717
1527.05
1517.93
1578.81
848.125
2446.9
1486.18
3612.87
1105.88
1767.9
1161.92
66.7832
2847.99
1436.74
322.772
60.9284
228.929
1422.14
-796.615
3050.42
2411.45
2531.87
1091.72
419.307
400.394
-38.6593
1241.33
3232.39
1450.39
643.317
2736.25
507.274
2154.69
2162.6
2424.77
165.213
1561.25
1117.11
2400.44
1985.25
1191.83
1428.2
1744.35
1271.26
902.518
1299.76
-229.131
1665.95
44.3485
1484.01
1580.91
1395.52
1609.25
1844.96
2297.93
653.102
44.6513
159.789
1210.13
1063.31
1632.72
3552.06
-155.43
1287.34
2349.39
1026.01
1703.44
2119.41
2035.63
1143.11
1393.6
1587.51
-58.5936
591.548
2865.27
2200.66
1321.01
2867.44
1422.66
78.3267
2352.62
194.691
557.679
1193
1235.95
1144.13
2541.55
1015.12
1902.73
629.287
1887.67
2320.03
1922.68
-135.531
1164.62
1435.14
1368.36
1589.43
846.834
2252.17
183.816
2246.99
1442.47
533.443
365.275
-1006.36
774.367
1192.71
334.928
290.713
1601.24
668.193
2072.79
924.481
931.753
1286.45
1809.99
2249.66
742.385
1905.5
2655.71
900.918
750.155
46.6848
1443.28
151.366
1680.02
421.292
145.579
1421.46
2714.67
640.572
571.447
160.345
2760.4
1616.51
1111.45
-390.658
2038.16
1101.02
1513.65
433.152
213.406
3289.13
1664.46
2481.21
857.736
633.272
177.891
2011.18
267.532
1890.65
120.244
1422.44
-79.4914
2403.97
1513.77
242.342
1888.14
1171.37
138.244
1080.86
930.232
1122.47
1072.42
2628.99
1016.19
1628.01
3106.84
178.938
913.066
508.106
905.817
2074.94
1892.11
2456.79
-333.355
1044.96
2427.88
1124.86
-48.3117
2617.27
971.61
1992.73
1542.38
861.325
2301.51
738.681
2628.65
3115.88
1881.72
825.931
2185.32
1443.12
1216.22
2238.68
2252.09
-498.414
-322.274
3581.43
1220.95
2343.21
437.902
203.54
289.823
560.09
883.21
710.406
145.64
1656.59
1738.94
1397.76
331.902
-570.967
873.271
-1108.21
1711.07
24.2368
1766.4
907.843
1168.5
1217.67
358.697
1331.64
2078.05
1443.65
2778.73
2636.47
1140.45
2121.32
1615.44
2033.72
497.411
1394.95
2348.59
1955.21
961.351
1806.24
332.919
-1131.77
1989.68
2609.68
1907.42
424.653
439.978
552.974
1253.2
58.0096
882.139
712.089
1135.25
556.486
1668.86
744.886
1761.7
1262.58
1281.16
1359.55
-542.954
1920.57
1401.64
2002.29
2134.59
1769.29
2133.49
1095.26
2014.24
2451.83
3606.08
2420.93
1716.08
551.857
2398.69
1920.35
1836.81
-206.512
439.209
980.349
2304.28
1838.63
753.353
1546.98
1637.17
703.205
1133.41
1338.97
1296.98
1458.82
1979.08
1707.81
1117.36
1396.85
1304.95
1993.13
878.035
747.592
14.3438
633.92
496.027
197.876
2676
743.179
1410.63
2593.66
1490.18
139.662
904.721
1336.47
1169.93
794.616
797.697
1178.47
1011.31
865.969
1333.87
417.591
1251.69
794.343
663.284
1651.54
1689.05
1695.95
1185.26
495.286
2084.83
-1305.64
902.422
1353.39
1611.2
89.1472
2185.37
-598.827
968.885
909.935
792.567
1574.83
541.281
170.458
985.683
1640.33
995.687
1581.94
994.004
27.5921
601.395
1944.29
3822.62
1209.36
2120.29
1467.18
2021.06
2698.61
670.101
1014.01
1176.73
2106.99
-531.435
105.529
-179.262
2048.93
1022.88
701.772
380.539
1280.7
852.755
-2.90791
321.939
893.801
1342.26
1695.2
1106.25
2075.67
1422.67
1827.32
1287.38
369.645
603.982
558.082
625.121
2167.81
-148.213
2171.97
2389.67
711.216
1363.6
1426.91
2171.78
1751.41
1732.57
-165.051
517.645
581.194
-40.4385
1260.78
1347.81
1965.02
1255.37
1163.35
392.339
1426.99
296.616
1098.95
1957.63
2499.39
635.302
1713.41
1658.78
