-1250.3
-650.856
-1750.08
-218.236
462.045
861.627
-800.867
-1373.37
-28.4301
-280.671
159.085
-385.176
-1748.03
-29.7884
766.714
628.184
597.39
311.684
149.17
1008.13
329.734
-481.043
-102.362
504.486
-554.614
-1021.29
-957.529
636.133
-111.011
-1010.39
-1279.28
-210.953
1003.22
653.386
772
11.6218
297.471
1173.15
979.547
-1330.84
-717.354
34.1818
139.51
-934.216
-300.91
-586.568
-22.6638
418.664
266.803
816.513
-403.799
-431.458
-1399.84
-239.465
591.069
-1155.79
-435.528
778.379
722.113
-719.082
1247.01
1497.5
683.443
1174.55
65.3457
501.688
-422.897
601.006
849.12
469.056
508.341
-680.849
741.458
-308.476
180.801
984.36
904.256
693.002
-1898.51
941.555
-487.068
-154.359
892.927
-1724.35
-504.079
253.515
781.25
1585.95
289.07
1022.89
340.943
-586.489
1028.94
157.66
-943.121
-466.276
-834.392
118.283
-176.71
-521.433
133.111
444.071
-594.329
-694.641
902.853
144.035
1131.7
742.481
-920.609
952.093
382.583
71.2407
-517.164
-115.836
1540.54
689.01
1482.21
-2047.51
-794.158
797.092
914.159
1191.87
-714.731
-376.113
166.907
1076.55
-288.162
166.344
-526.582
1471.51
-28.0656
805.055
133.667
518.644
-957.362
1449.72
-611.796
1556.16
-763.327
327.904
-984.645
-710.382
-1001.85
1278.8
1692.36
-229.906
1139.36
466.066
-54.5265
549.011
-804.474
-1333.42
1264.65
-477.621
-442.753
506.921
-570.003
1865.68
-437.432
506.249
114.208
-1203.19
707.635
286.54
1008.85
-439.767
278.489
-301.927
260.095
892.86
479.353
-337.877
384.049
378.769
-47.1103
1214.61
-644.303
-460.69
863.878
74.6941
1242.11
-1741.31
315.015
701.465
-1410.83
458.907
-867.833
110.881
59.0061
417.913
-1339.34
-506.22
77.1214
-176.443
-1027.44
1511.1
600.85
-1253.95
-52.6741
1033.79
-518.404
-1476.3
-565.598
929.997
52.604
212.912
558.895
363.349
-1038.95
-149.176
548.228
-467.222
870.902
379.98
420.512
624.621
988.493
1822.15
-872.254
413.946
474.946
-119.242
-960.613
9.67148
747.756
1403.68
-7.48635
235.683
687.71
-54.285
66.2328
550.657
-626.273
880.166
-1089.02
1182.33
301.445
396.301
-1083.33
-726.61
220.561
23.017
1154.83
631.965
-1407.05
-675.845
735.698
1621.29
-387.473
-521.099
121.375
184.087
-1262.97
-23.2675
-75.4876
788.952
-251.498
678.893
489.364
571.698
-480.93
-699.69
38.2776
-1313.48
-195.983
1968.26
-356.258
662.936
838.684
-716.841
354.849
125.22
-1202.3
1794.82
1776.64
590.597
7.26538
1259.92
-1054.94
601.92
-324.789
124.528
-584.027
237.876
-544.622
-153.131
1134.55
-984.12
-243.668
-694.088
921.772
827.677
36.8271
-892.275
-564.465
-294.746
146.409
160.025
-830.116
905.013
828.752
-367.226
114.434
1081.36
-308.83
-439.498
-11.8779
466.124
-994.169
-437.484
986.145
-148.196
-611.022
-988.306
-323.53
127.233
449.828
1404.75
1178.44
-205.345
54.1507
-51.8325
-1715.08
-1315.74
-495.31
687.175
-288.659
-1970.11
1623.75
-149.826
940.727
1336.59
-168.036
744.237
396.634
150.291
-301.055
-995.478
41.3604
847.774
1827.23
-431.157
-645.405
1170.45
602.148
536.47
269.564
-429.009
-360.277
-1116.91
-321.136
-1464.43
155.209
-62.0072
645.28
100.811
1026.81
892.237
-336.023
904.889
260.813
-333.533
-526.755
-709.878
643.286
-300.622
-510.63
-802.818
-271.866
-1181.09
518.414
-276.254
1288.38
-426.346
742.43
1033.72
-833.934
385.075
-988.667
-346.984
1079.21
-543.616
1690.87
-545.425
824.474
269.395
261.285
-466.364
-184.752
233.204
-358.328
432.073
416.683
-630.373
-749.012
580.764
-10.7327
-620.878
-555.234
379.4
1236.66
114.791
-155.081
-455.528
984.518
1849.66
-374.652
357.671
-507.937
-1559.36
844.026
-884.129
1395.82
882.881
320.368
-919.711
-574.604
-402.278
-372.421
-1023.31
32.0387
331.69
-99.271
1037.19
853.226
1618.03
-868.138
1714.85
513.978
-78.6717
1028.2
1071.54
-275.47
479.236
1557.75
217.064
-1186.93
626.801
451.887
-773.283
464.219
-1131.11
1501.15
573.246
222.883
-1189.96
20.0719
211.587
1797.82
824.604
-472.651
1264.36
29.6055
1022.53
-980.968
311.358
657.948
413.941
-102.059
-824.815
33.087
0.46358
127.725
-768.637
-899.056
492.969
-267.474
-349.515
-760.535
-960.143
921.529
616.344
-957.978
-349.425
-324.532
590.742
-1396.79
122.203
162.616
-1248.31
-659.159
-968.09
170.005
1942.72
932.45
-813
521.782
780.827
-1813.29
623.739
-1128.7
-1097.25
-892.607
296.847
1451.73
-170.382
136.54
-389.426
-406.322
-106.861
-168.177
-401.355
1741.53
86.2681
-1187.32
-1138.97
761.975
1805.64
530.754
756.205
-11.8575
-1596.31
-840.335
1692.76
372.762
-401.071
-1114.99
814.344
-187.575
871.249
-611.537
1333.92
-1735.38
630.753
-504.486
684.844
-851.624
-448.652
940.843
585.964
133.056
-1729.08
-890.11
45.2709
679.936
-1373.23
-433.191
-1265.57
-748.736
1314.52
985.384
-1142.31
561.601
-1593.17
-472.831
1914.07
167.807
56.6092
-48.5414
-820.54
-900.089
605.929
-974.22
-62.544
-214.774
464.356
293.772
-635.941
259.215
174.352
384.895
-704.159
298.069
-260.349
1463.31
49.9646
1486.06
-357.096
297.099
56.3594
430.108
1874.13
-441.571
297.463
-274.301
-79.0474
422.003
-1419.13
286.012
104.126
-1034.65
977.538
-160.036
-1005.36
979.402
-153.953
389.312
1478.74
-642.269
696.379
1250.82
1677.73
-573.292
245.6
174.982
-944.312
556.287
-198.186
403.203
168.442
-459.091
-361.236
-620.813
481.698
1374.54
404.747
-285.785
432.877
-222.615
414.956
323.176
399.224
64.9671
-509.76
-462.303
-902.417
1141.13
-821.076
-789.656
316.622
-1251.63
-1752.02
-236.225
-105.925
223.38
-124.599
-345.825
1090.4
-397.577
-851.492
-1605.49
42.7513
937.088
888.847
-917.85
1740.53
414.58
198.08
-692.965
-1177.44
52.4751
-635.25
105.83
316.852
1280.74
1151.28
226.483
-475.917
648.986
-120.464
128.062
723.435
16.7855
-292.757
-545.048
235.677
798.459
675.765
829.588
-599.943
809.941
-146.24
1594.05
172.484
-583.444
-1651.27
-551.032
243.209
-155.601
87.9512
-525.729
-479.266
-176.048
-1828.25
1158.15
-321.971
70.7897
199.132
248.493
60.6136
633.119
-319.509
-384.899
640.02
1503.23
-879.949
755.636
-571.39
-989.914
-1216.03
-127.51
1.7064
534.916
-166.831
1064.54
450.87
-163.826
588.619
387.725
980.646
349.076
876.703
-1189
141.067
763.926
-175.63
-96.5013
-966.546
-463.844
-1217.05
449.05
885.3
417.806
354.5
-263.962
-216.678
-612.694
-251.942
621.352
-432.871
383.021
-771.869
206.269
252.838
769.091
271.454
475.672
263.185
-660.065
-1928.28
-1333.22
493.475
-1388.86
-342.097
-28.4365
-283.255
530.149
163.202
1313.8
1196.39
561.772
-236.479
-190.131
-1229.66
-1635.04
1395.5
736.261
232.385
1689.09
199.078
315.284
303.34
-201.866
391.179
-89.0191
-213.261
-333.334
-526.643
-515.978
-1077.39
782.407
1552.77
615.153
-855.098
-1211.9
-238.097
462.017
-723.431
418.158
839.854
1997.15
349.914
-196.817
-37.5197
280.54
-737.148
-92.14
354.457
1149.76
-665.227
981.29
-839.633
-505.466
-909.187
-171.942
71.0649
-497.362
115.54
809.182
360.18
1390.85
1482.63
-533.368
-475.924
-598.693
-485.656
-408.968
-95.7248
-1242.83
865.983
854.808
977.229
-537.395
18.7421
-211.347
647.563
-471.783
-1398.31
-1283.73
756.147
-414.611
-814.08
-225.031
587.292
310.427
-669.932
-1557.41
1478.53
2236.44
-348.435
682.321
-873.528
566.729
-16.8913
-234.248
-4.03931
-1306.72
-1654.19
-956.495
630.245
-1181.52
944.687
-1530.24
743.64
1069.12
71.266
-63.409
78.8021
-29.9175
331.569
-999.624
-675.915
-145.262
-42.8092
1609.49
-882.542
251.738
-179.963
-8.17156
1547.81
-1315.89
377.298
527.516
459.13
-392.961
1382.17
-705.149
-1710.93
718.721
514.716
-433.707
-174.048
-1093.73
402.214
218.851
94.9532
-90.5845
-275.927
-1124.66
507.799
593.632
-141.045
676.035
1243.09
-380.509
-716.443
874.687
-591.86
-1243.17
482.712
249.235
-585.087
826.244
-1020.45
-427.405
452.071
-1196.73
612.908
-1247.41
-37.4247
366.578
-156.842
888.435
421.675
-271.095
-634.677
175.721
-566.729
-454.472
-330.708
-439.182
-306.691
1159.19
979.382
175.66
-1022.33
519.821
1178.48
-745.555
-591.663
1586.42
686.357
1128.37
995.592
-548.077
623.293
42.106
1491.32
279.242
-1360.27
1473.25
-951.527
-1538.72
369.38
-504.213
-1324.01
534.254
865.979
-408.946
-500.29
-888.864
202.099
165.731
749.029
-438.379
-1707.68
-488.251
-104.467
228.706
156.1
-1236.12
-313.674
-1011.45
-366.268
-994.848
1213.54
-1096.58
-1307.95
1141.08
-839.804
-652.639
-968.211
-871.97
409.737
923.547
-387.284
545.93
-1637.2
-1517.13
-1414.68
336.972
659.912
355.896
328.033
-301.782
-285.259
711.854
-405.826
-555.158
-1101.05
-261.216
1060.57
-273.735
549.234
28.2214
-849.719
-690.233
181.931
1144.59
-927.092
310.615
-486.76
41.6156
-994.041
-403.417
648.142
-579.956
1094.21
379.497
-29.0384
-910.082
-979.737
737.655
-915.358
-657.214
-247.604
-886.939
542.405
-118.133
-351.86
-1296.31
61.393
-240.615
1412.15
36.7159
-304.042
-1849.02
1407.48
335.311
-378.425
-910.361
220.021
-1727.17
-360.035
-130.235
831.977
258.139
-499.917
150.203
551.868
-184.474
473.52
-478.294
-450.753
-389.307
-1318.75
-506.533
-72.1283
-805.365
269.679
-760.421
270.015
421.966
114.901
473.691
142.219
-324.78
252.755
-714.501
1040.91
-98.1472
-617.483
606.2
-270.763
-503.572
217.226
-648.897
1043.36
-1724.15
-133.264
1282.81
-864.484
-968.489
721.218
-250.275
-1026.75
-1148.66
-573.937
473.24
600.35
-782.213
428.14
-141.859
585.869
1341.68
-1386.67
387.242
676.529
638.92
-660.588
771.576
214.309
-286.604
868.97
1059.89
378.18
1067.42
-297.945
492.076
-812.142
-702.937
830.617
-983.812
-1294.62
-672.788
-706.729
1137.09
382.062
-427.326
-1183.6
806.708
-951.775
-364.303
-274.043
185.4
-908.988
-511.533
-892.693
-1138.28
1094.79
10.9522
247.195
98.9822
-418.894
-330.73
243.328
-548.366
527.138
223.936
-182.708
319.074
-173.831
-669.909
-917.399
-379.47
814.461
-940.816
-296.502
1826.77
-1249.27
284.548
-546.72
-645.522
-248.997
-1034.25
10.7323
145.309
-1003.97
241.832
1298.18
-32.0441
-195.174
1296.15
-525.552
-250.367
689.973
-304.887
1255.94
-1015.05
-878.55
1240.25
-727.482
558.372
803.446
1067.41
-3.23449
-121.101
-461.729
19.0403
1006.41
1288.09
-1407.61
182.771
1645.79
411.221
-125.955
795.933
-386.616
-253.772
-1331.46
-119.26
-163.877
1371.58
-762.69
-289.33
-897.847
-604.23
-573.277
-554.107
-66.4974
-501.053
-638.328
-685.64
308.012
-771.12
-1260.24
338.19
470.033
322.49
227.938
-503.527
-509.499
721.968
663.119
1321.77
-845.133
-104.069
1006.5
76.9768
840.417
377.784
-594.84
-142.202
1088.96
887.285
-1204.06
-1022.94
-1299.51
-1298.78
141.789
-1038.77
782.623
157.986
-86.6144
164.918
-82.1063
1686.53
731.993
207.058
645.836
-272.561
-1274.97
687.809
443.436
-801.117
261.313
889.318
751.413
-1333.53
-694.564
402.576
-762.21
-272.438
517.48
-56.2359
-967.324
1154.84
3.35691
-662.642
206.287
334.24
-943.479
-1182.5
-512.397
498.374
-860.323
-175.746
-991.93
-0.736599
-986.49
-718.675
291.77
421.091
-487.311
-824.514
-1006.29
214.804
-733.604
-147.996
-134.842
1646.32
387.923
-1479.24
1337.03
305.756
890.576
425.074
-1207.42
-192.119
-41.7093
-841.668
-64.5324
421.058
116.504
-303.215
619.656
-414.328
-774.988
296.806
-11.1895
449.628
135.429
1013.11
-399.418
-1743.55
1533.01
-653.434
-212.766
-626.305
31.7057
-133.213
-819.683
-409.397
-322.43
-831.503
217.053
685.257
281.744
-852.125
-465.706
-774.621
-1143.71
-1056.92
709.873
-377.991
386.622
673.053
377.298
-11.6204
782.613
1736.6
632.389
-928.613
602.133
89.3023
-1387.21
703.255
-1528.43
-386.143
-202.564
-600.293
283.726
619.609
1081.44
-1685.4
-642.842
-1048.23
-554.159
-1202.24
-581.469
1434.33
540.844
-163.231
-768.956
-781.245
78.5676
-452.358
-491.59
-1541.04
1662.36
-417.722
-535.231
493.676
-1566.6
363.633
-328.4
-404.794
-559.797
-345.29
214.875
1400.76
2187.16
766.023
492.913
-359.464
-1633.43
-677.455
-1402.65
-1034.66
1756.52
1997.74
-270.551
406.773
911.269
-530.38
908.662
-857.038
-136.404
-748.784
766.562
-896.983
-989.659
1205.32
1347.89
576.476
1100.04
-476.458
301.097
434.29
1190.48
317.387
-96.8433
917.364
-227.341
620.233
-937.929
-652.186
-386.148
566.272
1528.52
-184.768
1428.46
1212.07
512.164
355.85
620.304
-360.381
-1039.11
-1056.51
882.111
996.138
52.767
456.269
334.204
-446.892
129.898
-460.903
1026.2
-49.6381
-760.506
467.409
-1005.44
284.245
550.889
2019.24
-1308.7
-5.0516
512.902
-575.808
247.827
1022.44
1.61451
612.472
-862.103
-524.522
814.898
-189.316
-556.127
-442.909
-658.153
-1318.36
711.992
-963.644
-962.02
148.125
159.14
-37.7818
-1374.49
-74.9172
-1082.37
847.823
998.069
356.4
96.6388
-185.18
-1169.03
250.555
-781.493
-636.5
-826.821
-190.237
165.378
216.434
197.557
-1152.51
-143.377
333.02
617.031
-98.4251
921.266
-304.263
1426.91
2044.35
345.046
-411.451
-1232.39
819.894
-830.823
821.422
-16.0271
-341.74
743.622
-1365.5
1896.27
-925.925
599.768
1329.36
-165.706
-709.046
-737.484
557.224
242.421
-440.121
373.797
494.007
554.022
286.142
1956.57
-1435.62
1270.18
400.047
-679.063
733.049
451.242
500.941
-39.8572
1378.27
343.629
-147.623
-464.284
648.813
-717.842
-1617.68
429.687
-885.998
-1158.23
-430.889
980.291
484.002
-525.424
-951.733
-1625.16
99.7002
603.594
88.4617
-358.541
220.5
-685.65
-63.3468
666.61
-1022.74
-1227.29
-186.996
690.718
366.906
1204.93
115.949
349.311
-932.525
-189.61
339.203
-1003.74
-753.975
-771.421
-15.1653
-1109.52
-318.434
1068.31
-1030.57
764.225
-861.935
-155.958
933.929
941.319
-985.091
1383.26
-1354.62
-744.174
-331.365
-1132.18
365.879
3.36057
-1566.03
-84.7877
181.09
91.5786
-638.582
257.259
717.659
1154.58
138.483
-663.924
589.76
-1043.33
697.876
-895.148
17.8005
-469.769
-308.086
-467.811
392.352
-558.117
-1296.59
6.20669
258.393
-96.3849
-753.778
341.193
-590.752
45.7564
388.629
-103.17
-571.332
-1097.56
889.077
356.473
-435.265
39.438
-594.428
176.838
978.568
-508.725
302.409
-1196.23
-410.919
317.049
-211.898
601.526
-273.347
-855.326
-205.13
719.994
21.9005
101.059
-680.246
-65.6439
-1926.84
304.037
42.1936
1637.34
-1869.45
101.651
717.121
-692.186
-439.848
82.4071
801.669
-780.699
-662.01
828.105
-360.268
1029.59
-850.718
-1117.63
-1184.46
-740.395
152.165
143.981
-357.575
-1011.55
524.191
-1443.14
770.587
156.331
-434.739
378.751
1161.91
895.636
-831.873
-539.655
602.085
1.54206
309.666
-554.193
-304.692
429.714
-641.317
1061.27
-354.365
511.579
-412.995
93.293
847.312
-614.139
-433.881
-106.484
-53.9156
823.616
300.156
-414.553
-1268.98
-1091.5
387.035
-1280.92
-426.564
676.953
281.756
729.888
-569.039
169.62
-583.061
-1465.44
97.7602
1578.02
728.458
-1046.05
90.3052
135.905
605.222
-311.678
-112.667
-572.418
344.811
-1531.72
148.255
-13.3797
-8.11512
325.725
-146.171
1227.51
-1602.23
1975.67
-279.221
-1361.45
1616.43
37.3248
-271.604
54.0188
332.54
130.637
-520.178
-842.846
715.248
-362.928
-3.48788
-607.807
-70.0088
-1014.55
434.624
-461.322
-607.645
362.538
-129.02
-962.925
252.728
-32.4392
-691.996
689.056
-97.2252
-497.713
1476.61
540.914
255.162
-485.647
-597.082
-674.701
-340.086
-1851.97
806.54
550.715
-496.502
-193.703
-42.3033
-318.862
54.2251
-206.585
-694.136
219.556
1009.76
124.635
1491.8
189.44
497.902
-632.31
-322.026
235.745
-198.104
928.142
1084.19
-499.087
180.02
-383.689
-6.28855
-875.206
775.384
80.8791
1419.29
723.465
6.675
-448.387
496.626
317.399
-772.284
884.581
20.9224
77.3689
1009.1
888.757
-179.589
-176.052
852.81
236.519
-764.348
380.028
36.7427
-588.866
-640.236
194.028
1241.93
593.913
-501.858
101.407
-641.563
-863.352
-616.497
638.198
409.499
-903.518
192.047
37.8797
1535.59
28.4931
-237.233
-133.264
50.4445
1503.14
1200.02
444.906
-1588.96
-316.493
577.951
317.858
164.054
-1039.07
-73.0317
-186.087
-963.703
-1075.28
-96.7141
-424.725
-23.2606
93.2016
948.961
1477.55
-1254.45
364.95
-1981.43
-1096.7
-354.916
286.895
1423.38
944.062
-501.03
123.139
1092.34
1615.1
531.73
596.86
-1969.62
-435.275
-234.08
265.211
599.496
-415.312
-459.183
-624.042
-386.385
-1610.81
389.665
63.3656
-453.086
-107.782
1679.4
-383.771
-812.288
3.07441
1164.34
455.35
-1212.06
146.963
-997.57
-258.361
-1089.87
2.83256
-1129.72
139.511
297.457
-1632.67
503.807
203.363
-537.001
-347.624
-218.616
-47.963
-658.91
-178.899
828.305
-844.681
-153.554
770.06
512.21
465.378
1027.66
29.8495
643.386
-664.684
643.445
-488.618
-769.69
-50.3534
-95.7606
-729.495
835.455
-840.197
198.15
1654.04
1190.28
-101.537
168.462
-665.638
721.354
894.971
36.4097
-757.824
513.359
193.451
-900.942
-970.029
-1303.63
955.889
539.798
-448.226
416.456
-422.663
70.9755
-818.454
581.284
-871.23
387.974
85.229
367.616
956.244
985.352
840.663
202.49
-620.114
917.37
348.738
266.564
664.008
-482.627
-33.1858
1186.13
-303.25
-1298.58
-740.607
30.0112
490.21
200.576
-32.5326
-49.0016
-650.773
-1118
247.501
-1439.72
-184.468
1095.78
387.436
577.208
1339.43
-666.973
10.0524
55.5008
-35.2137
-943.596
826.299
-995.895
953.838
-22.4179
-1089.02
1060.23
-356.988
308.791
273.297
-2014.79
-1594.46
-132.915
-192.929
572.351
926.3
23.4346
329.392
561.347
-177.049
704.123
-227.213
1032.09
-1240.26
332.516
-458.467
130.422
102.992
-293.779
-61.0646
-33.1101
317.143
-1597.83
522.954
-228.022
135.94
1397.21
514.84
-376.608
-1648.12
-207.525
-737.738
-147.852
-1550.45
-147.53
830.63
-268.739
946.024
935.424
1105.98
-253.72
-1569.76
640.298
